episode,score,reward,success,stages_completed,stage_completion_ratio,steps,equivalent_env_steps,completion_time_steps,nominal_completion_time_seconds,latency_time_seconds,completion_time_seconds,normalized_completion_time,route_efficiency,progress_per_step,collisions,violations,unsafe_episode,collision_rate,violation_rate,unsafe_event_rate,target_hits,planner_accuracy,planner_miss_ratio,planner_legal_ratio,planner_exact_hits,planner_legal_hits,planner_total,avg_stage_wait_time,avg_stage_latency_seconds,latency_penalty,idle_window_ratio,wait_ratio,follow_ratio,select_ratio,compensation_utilization,safety_saved,safety_interventions,safety_success_rate,critical_events,critical_safe_count,risk_exposure,observed_risk_mean,high_risk_step_ratio,hazard_step_ratio,red_light_exposure_ratio,critical_event_rate,intervention_rate,safety_precision,safety_recall,stop_ratio,steer_left_ratio,steer_right_ratio,behavior_entropy,safety_entropy,active_stage_key,last_failure_mode,epsilon,episode_loss
3,72.0327,35.1379,1,6.0,1.0,36,17280,36,135.4286,0.7562,136.1848,0.5143,1.9444,0.1667,1,0,1,0.0278,0.0,0.0278,0,0.8333,0.1667,0.8611,30,31,36,0.1512,0.1512,1.1721,0.1389,0.2,0.2,0.6,0.8,0,0,0.9,10,9,0.5471,0.1,0.0833,0.7778,0.0278,0.2778,0.0,0.0,0.9,0.0,0.0,0.0,0.9503,0.0,completed,,0.98,0.0
4,59.128,28.843,1,6.0,1.0,43,20640,43,138.4286,1.4265,139.8551,0.6143,1.6279,0.1395,0,0,0,0.0000,0.0,0.0000,0,0.7209,0.2791,0.8372,31,36,43,0.2853,0.2853,2.211,0.1628,0.2857,0.2857,0.4286,0.7143,0,0,0.8,10,8,0.5436,0.1,0.0698,0.7442,0.0233,0.2326,0.0,0.0,0.8,0.0,0.0,0.0,1.079,0.0,completed,,0.98,0.0
5,46.1448,22.5097,1,6.0,1.0,46,22080,46,139.7143,4.7551,144.4693,0.6571,1.5217,0.1304,1,0,1,0.0217,0.0,0.0217,0,0.7391,0.2609,0.8043,34,37,46,0.951,0.951,7.3703,0.1957,0.6667,0.2222,0.1111,0.3333,0,0,0.7857,14,11,0.552,0.1,0.1522,0.7609,0.0217,0.3043,0.0,0.0,0.7857,0.0,0.0,0.0,0.8487,0.0,completed,,0.98,0.0
6,56.977,27.7937,1,6.0,1.0,43,20640,43,138.4286,2.5976,141.0262,0.6143,1.6279,0.1395,0,0,0,0.0000,0.0,0.0000,0,0.7209,0.2791,0.814,31,35,43,0.5195,0.5195,4.0263,0.186,0.5,0.25,0.25,0.5,0,0,0.8333,12,10,0.555,0.1,0.093,0.7442,0.0465,0.2791,0.0,0.0,0.8333,0.0,0.0,0.0,1.0397,0.0,completed,,0.98,0.0
7,6.1773,3.0133,0,4.0,0.6667,31,14880,70,150.0,2.3179,152.3179,1.0,1.5054,0.129,1,0,1,0.0323,0.0,0.0323,0,0.7097,0.2903,0.7419,22,23,31,0.5795,0.5795,3.5927,0.2581,0.375,0.125,0.5,0.625,0,0,0.5556,9,5,0.6186,0.1,0.2258,0.7419,0.1613,0.2903,0.0,0.0,0.5556,0.0,0.0,0.0,0.9743,0.0,outer_patrol_b,road_edge,0.98,0.0
8,55.1856,26.9198,1,6.0,1.0,45,21600,45,139.2857,2.1704,141.4562,0.6429,1.5556,0.1333,1,0,1,0.0222,0.0,0.0222,0,0.7778,0.2222,0.8444,35,38,45,0.4341,0.4341,3.3642,0.1556,0.4286,0.2857,0.2857,0.5714,0,0,0.7857,14,11,0.563,0.1,0.1333,0.8,0.0444,0.3111,0.0,0.0,0.7857,0.0,0.0,0.0,1.079,0.0,completed,,0.98,0.0
9,56.4462,27.5347,1,6.0,1.0,44,21120,44,138.8571,1.2808,140.138,0.6286,1.5909,0.1364,1,0,1,0.0227,0.0,0.0227,0,0.7273,0.2727,0.8409,32,37,44,0.2562,0.2562,1.9853,0.1591,0.2857,0.2857,0.4286,0.7143,0,0,0.5833,12,7,0.5552,0.1,0.0682,0.7727,0.0227,0.2727,0.0,0.0,0.5833,0.0,0.0,0.0,1.079,0.0,completed,,0.98,0.0
10,44.3265,21.6227,1,6.0,1.0,48,23040,48,140.5714,5.3763,145.9478,0.6857,1.4583,0.125,1,0,1,0.0208,0.0,0.0208,0,0.7708,0.2292,0.7917,37,38,48,1.0753,1.0753,8.3333,0.2083,0.7,0.1,0.2,0.3,0,0,0.7,20,14,0.6001,0.1,0.2708,0.8125,0.0833,0.4167,0.0,0.0,0.7,0.0,0.0,0.0,0.8018,0.0,completed,,0.98,0.0
11,55.1217,26.8886,1,6.0,1.0,44,21120,44,138.8571,2.8564,141.7135,0.6286,1.5909,0.1364,0,0,0,0.0000,0.0,0.0000,0,0.7273,0.2727,0.8182,32,36,44,0.5713,0.5713,4.4274,0.1818,0.5,0.0,0.5,0.5,0,0,0.9167,12,11,0.5783,0.1,0.1364,0.7273,0.0909,0.2727,0.0,0.0,0.9167,0.0,0.0,0.0,0.6931,0.0,completed,,0.98,0.0
12,-5.248,-2.56,0,2.0,0.3333,19,9120,70,150.0,0.0,150.0,1.0,1.2281,0.1053,0,0,0,0.0000,0.0,0.0000,0,0.8421,0.1579,0.8947,16,17,19,0.0,0.0,0.0,0.1053,0.0,0.5,0.5,1.0,0,0,0.5,10,5,0.5459,0.1,0.0526,0.7368,0.0,0.5263,0.0,0.0,0.5,0.0,0.0,0.0,0.6931,0.0,inner_patrol,obstacle,0.98,0.0
13,-0.4208,-0.2053,0,3.0,0.5,27,12960,70,150.0,1.3711,151.3711,1.0,1.2963,0.1111,1,0,1,0.0370,0.0,0.0370,0,0.7778,0.2222,0.8519,21,23,27,0.457,0.457,2.1253,0.1481,0.5,0.5,0.0,0.5,0,0,0.75,12,9,0.5923,0.1,0.1481,0.8148,0.1111,0.4444,0.0,0.0,0.75,0.0,0.0,0.0,0.6931,0.0,return_outer,obstacle,0.98,0.0
14,-0.7727,-0.3769,0,3.0,0.5,27,12960,70,150.0,0.8561,150.8561,1.0,1.2963,0.1111,1,0,1,0.0370,0.0,0.0370,0,0.7407,0.2593,0.8889,20,24,27,0.2854,0.2854,1.3269,0.1111,0.3333,0.6667,0.0,0.6667,0,0,0.4444,9,4,0.5416,0.1,0.0741,0.8889,0.0,0.3333,0.0,0.0,0.4444,0.0,0.0,0.0,0.6365,0.0,return_outer,obstacle,0.98,0.0
15,51.1816,24.9667,1,6.0,1.0,49,23520,49,141.0,1.4847,142.4847,0.7,1.4286,0.1224,1,0,1,0.0204,0.0,0.0204,0,0.7755,0.2245,0.8367,38,41,49,0.2969,0.2969,2.3013,0.1633,0.25,0.5,0.25,0.75,0,0,0.4667,15,7,0.6054,0.1,0.2041,0.6939,0.1224,0.3061,0.0,0.0,0.4667,0.0,0.0,0.0,1.0397,0.0,completed,,0.98,0.0
16,0.2009,0.098,0,2.0,0.3333,16,7680,70,150.0,0.0,150.0,1.0,1.4583,0.125,1,0,1,0.0625,0.0,0.0625,0,0.8125,0.1875,0.875,13,14,16,0.0,0.0,0.0,0.125,0.0,0.5,0.5,1.0,0,0,0.8571,7,6,0.5139,0.1,0.0625,0.6875,0.0,0.4375,0.0,0.0,0.8571,0.0,0.0,0.0,0.6931,0.0,inner_patrol,obstacle,0.98,0.0
17,-7.831,-3.82,0,1.0,0.1667,14,6720,70,150.0,0.0,150.0,1.0,0.8333,0.0714,1,0,1,0.0714,0.0,0.0714,0,0.9286,0.0714,0.9286,13,13,14,0.0,0.0,0.0,0.0714,0.0,0.0,1.0,1.0,0,0,0.75,4,3,0.5402,0.1,0.0714,0.5714,0.0714,0.2857,0.0,0.0,0.75,0.0,0.0,0.0,-0.0,0.0,enter_inner,obstacle,0.98,0.0
18,-9.717,-4.74,0,1.0,0.1667,15,7200,70,150.0,0.0,150.0,1.0,0.7778,0.0667,1,0,1,0.0667,0.0,0.0667,0,0.8667,0.1333,0.9333,13,14,15,0.0,0.0,0.0,0.0667,0.0,1.0,0.0,1.0,0,0,0.5,4,2,0.5193,0.1,0.0667,0.6667,0.0,0.2667,0.0,0.0,0.5,0.0,0.0,0.0,-0.0,0.0,enter_inner,obstacle,0.98,0.0
19,-7.954,-3.88,0,1.0,0.1667,14,6720,70,150.0,0.0,150.0,1.0,0.8333,0.0714,1,0,1,0.0714,0.0,0.0714,0,0.9286,0.0714,0.9286,13,13,14,0.0,0.0,0.0,0.0714,0.0,1.0,0.0,1.0,0,0,0.7143,7,5,0.531,0.1,0.0714,0.7857,0.0,0.5,0.0,0.0,0.7143,0.0,0.0,0.0,-0.0,0.0,enter_inner,obstacle,0.98,0.0
20,19.2061,9.3688,0,5.0,0.8333,43,20640,70,150.0,0.7543,150.7543,1.0,1.3566,0.1163,1,0,1,0.0233,0.0,0.0233,0,0.7674,0.2326,0.8605,33,37,43,0.1509,0.1509,1.1692,0.1395,0.1667,0.6667,0.1667,0.8333,0,0,0.4286,7,3,0.5326,0.1,0.093,0.7907,0.0,0.1628,0.0,0.0,0.4286,0.0,0.0,0.0,0.8676,0.0,final_park,wall,0.98,0.0
21,65.9251,32.1586,1,6.0,1.0,39,18720,39,136.7143,1.4654,138.1797,0.5571,1.7949,0.1538,0,0,0,0.0000,0.0,0.0000,0,0.7692,0.2308,0.8462,30,33,39,0.2931,0.2931,2.2714,0.1538,0.3333,0.3333,0.3333,0.6667,0,0,0.875,8,7,0.5512,0.1,0.0513,0.7949,0.0513,0.2051,0.0,0.0,0.875,0.0,0.0,0.0,1.0986,0.0,completed,,0.98,3.532966
22,-10.0,-5.332,0,1.0,0.1667,16,7680,70,150.0,0.0,150.0,1.0,0.7292,0.0625,0,0,0,0.0000,0.0,0.0000,0,0.75,0.25,0.875,12,14,16,0.0,0.0,0.0,0.125,0.0,0.5,0.5,1.0,0,0,0.6,5,3,0.5278,0.1,0.125,0.9375,0.0,0.3125,0.0,0.0,0.6,0.0,0.0,0.0,0.6931,0.0,enter_inner,obstacle,0.98,4.159715
23,68.9208,33.6199,1,6.0,1.0,37,17760,37,135.8571,1.3807,137.2378,0.5286,1.8919,0.1622,1,0,1,0.0270,0.0,0.0270,0,0.8378,0.1622,0.8649,31,32,37,0.2761,0.2761,2.1401,0.1351,0.4,0.6,0.0,0.6,0,0,1.0,7,7,0.5467,0.1,0.0541,0.7838,0.027,0.1892,0.0,0.0,1.0,0.0,0.0,0.0,0.673,0.0,completed,,0.98,3.547664
24,-10.0,-5.9368,0,1.0,0.1667,16,7680,70,150.0,0.6225,150.6225,1.0,0.7292,0.0625,1,0,1,0.0625,0.0,0.0625,0,0.6875,0.3125,0.875,11,14,16,0.6225,0.6225,0.9648,0.125,0.5,0.0,0.5,0.5,0,0,0.6667,3,2,0.5316,0.1,0.0,0.5625,0.0,0.1875,0.0,0.0,0.6667,0.0,0.0,0.0,0.6931,0.0,enter_inner,obstacle,0.98,3.557029
25,22.5474,10.9987,0,5.0,0.8333,40,19200,70,150.0,1.5492,151.5492,1.0,1.4583,0.125,1,0,1,0.0250,0.0,0.0250,0,0.75,0.25,0.825,30,33,40,0.3098,0.3098,2.4013,0.175,0.2857,0.2857,0.4286,0.7143,0,0,0.7692,13,10,0.5614,0.1,0.15,0.75,0.025,0.325,0.0,0.0,0.7692,0.0,0.0,0.0,1.079,0.0,final_park,wall,0.98,3.531192
26,-10.0,-6.4416,0,1.0,0.1667,16,7680,70,150.0,0.7946,150.7946,1.0,0.7292,0.0625,0,0,0,0.0000,0.0,0.0000,0,0.75,0.25,0.875,12,14,16,0.7946,0.7946,1.2316,0.125,0.5,0.0,0.5,0.5,0,0,0.5,4,2,0.553,0.1,0.125,0.5625,0.125,0.25,0.0,0.0,0.5,0.0,0.0,0.0,0.6931,0.0,enter_inner,obstacle,0.98,3.696499
27,1.9639,0.958,0,2.0,0.3333,15,7200,70,150.0,0.0,150.0,1.0,1.5556,0.1333,1,0,1,0.0667,0.0,0.0667,0,0.8667,0.1333,0.8667,13,13,15,0.0,0.0,0.0,0.1333,0.0,0.5,0.5,1.0,0,0,0.7143,7,5,0.5328,0.1,0.0667,0.7333,0.0,0.4667,0.0,0.0,0.7143,0.0,0.0,0.0,0.6931,0.0,inner_patrol,obstacle,0.98,3.795858
28,-9.1061,-4.442,0,1.0,0.1667,15,7200,70,150.0,0.0,150.0,1.0,0.7778,0.0667,1,0,1,0.0667,0.0,0.0667,0,0.8,0.2,0.9333,12,14,15,0.0,0.0,0.0,0.0667,0.0,0.0,1.0,1.0,0,0,0.6667,3,2,0.5223,0.1,0.0667,0.6667,0.0,0.2,0.0,0.0,0.6667,0.0,0.0,0.0,-0.0,0.0,enter_inner,obstacle,0.98,3.890844
29,71.7172,34.984,1,6.0,1.0,38,18240,38,136.2857,0.0,136.2857,0.5429,1.8421,0.1579,1,0,1,0.0263,0.0,0.0263,0,0.7895,0.2105,0.8684,30,33,38,0.0,0.0,0.0,0.1316,0.0,0.2,0.8,1.0,0,0,1.0,11,11,0.539,0.1,0.0263,0.7368,0.0,0.2895,0.0,0.0,1.0,0.0,0.0,0.0,0.5004,0.0,completed,,0.98,4.28119
30,3.8928,1.8989,0,2.0,0.3333,18,8640,70,150.0,0.6652,150.6652,1.0,1.2963,0.1111,1,0,1,0.0556,0.0,0.0556,0,0.8889,0.1111,0.8889,16,16,18,0.3326,0.3326,1.0311,0.1111,0.5,0.5,0.0,0.5,0,0,1.0,2,2,0.5279,0.1,0.1111,0.9444,0.0,0.1111,0.0,0.0,1.0,0.0,0.0,0.0,0.6931,0.0,inner_patrol,obstacle,0.98,4.355763
31,70.9668,34.6179,1,6.0,1.0,37,17760,37,135.8571,0.7755,136.6327,0.5286,1.8919,0.1622,0,0,0,0.0000,0.0,0.0000,0,0.8108,0.1892,0.8378,30,31,37,0.1551,0.1551,1.2021,0.1622,0.1667,0.5,0.3333,0.8333,0,0,0.9,10,9,0.5553,0.1,0.0541,0.7838,0.027,0.2703,0.0,0.0,0.9,0.0,0.0,0.0,1.0114,0.0,completed,,0.98,4.746151
32,-10.0,-6.52,0,0.0,0.0,12,5760,70,150.0,0.0,150.0,1.0,0.0,0.0,1,0,1,0.0833,0.0,0.0833,0,0.8333,0.1667,1.0,10,12,12,0.0,0.0,0.0,0.0,0.0,0.0,0.0,0.0,0,0,1.0,1,1,0.5198,0.1,0.0,0.5,0.0,0.0833,0.0,0.0,1.0,0.0,0.0,0.0,0.0,0.0,outer_patrol_a,road_edge,0.98,4.493093
33,1.148,0.56,0,2.0,0.3333,15,7200,70,150.0,0.0,150.0,1.0,1.5556,0.1333,0,0,0,0.0000,0.0,0.0000,0,0.8,0.2,0.8667,12,13,15,0.0,0.0,0.0,0.1333,0.0,0.5,0.5,1.0,0,0,1.0,3,3,0.5295,0.1,0.0667,0.8667,0.0667,0.2,0.0,0.0,1.0,0.0,0.0,0.0,0.6931,0.0,inner_patrol,obstacle,0.98,4.405991
34,42.4988,20.7311,1,6.0,1.0,50,24000,50,141.4286,2.967,144.3956,0.7143,1.4,0.12,1,0,1,0.0200,0.0,0.0200,0,0.66,0.34,0.86,33,43,50,0.5934,0.5934,4.5989,0.14,0.5714,0.0,0.4286,0.4286,0,0,0.5714,14,8,0.5536,0.1,0.1,0.82,0.02,0.28,0.0,0.0,0.5714,0.0,0.0,0.0,0.6829,0.0,completed,,0.98,3.846958
35,8.7836,4.2847,0,4.0,0.6667,42,20160,70,150.0,2.2744,152.2744,1.0,1.1111,0.0952,0,0,0,0.0000,0.0,0.0000,0,0.7619,0.2381,0.881,32,37,42,0.5686,0.5686,3.5253,0.119,0.6,0.2,0.2,0.4,0,0,0.8,15,12,0.565,0.1,0.119,0.7381,0.0476,0.3571,0.0,0.0,0.8,0.0,0.0,0.0,0.9503,0.0,outer_patrol_b,road_edge,0.98,4.004954
36,52.5526,25.6354,1,6.0,1.0,47,22560,47,140.1429,0.8546,140.9974,0.6714,1.4894,0.1277,1,0,1,0.0213,0.0,0.0213,0,0.7234,0.2766,0.8936,34,42,47,0.1709,0.1709,1.3246,0.1064,0.2,0.6,0.2,0.8,0,0,0.5833,12,7,0.5473,0.1,0.0851,0.7234,0.0213,0.2553,0.0,0.0,0.5833,0.0,0.0,0.0,0.9503,0.0,completed,,0.98,4.282162
37,-10.0,-5.7439,0,1.0,0.1667,15,7200,70,150.0,0.8605,150.8605,1.0,0.7778,0.0667,1,0,1,0.0667,0.0,0.0667,0,0.8,0.2,0.8667,12,13,15,0.8605,0.8605,1.3339,0.1333,0.5,0.5,0.0,0.5,0,0,0.6667,3,2,0.5335,0.1,0.0667,0.6,0.0667,0.2,0.0,0.0,0.6667,0.0,0.0,0.0,0.6931,0.0,enter_inner,obstacle,0.98,4.347596
38,-10.0,-5.64,0,1.0,0.1667,15,7200,70,150.0,0.7936,150.7936,1.0,0.7778,0.0667,0,0,0,0.0000,0.0,0.0000,0,0.8,0.2,0.8667,12,13,15,0.7936,0.7936,1.23,0.1333,0.5,0.5,0.0,0.5,0,0,1.0,2,2,0.5206,0.1,0.0667,0.6,0.0,0.1333,0.0,0.0,1.0,0.0,0.0,0.0,0.6931,0.0,enter_inner,obstacle,0.98,4.21389
39,-9.594,-4.68,0,1.0,0.1667,15,7200,70,150.0,0.0,150.0,1.0,0.7778,0.0667,0,0,0,0.0000,0.0,0.0000,0,0.8667,0.1333,0.9333,13,14,15,0.0,0.0,0.0,0.0667,0.0,0.0,1.0,1.0,0,0,0.5,4,2,0.5327,0.1,0.0667,0.8,0.0667,0.2667,0.0,0.0,0.5,0.0,0.0,0.0,-0.0,0.0,enter_inner,obstacle,0.98,4.077671
40,59.1362,28.8469,1,6.0,1.0,44,21120,44,138.8571,0.7749,139.632,0.6286,1.5909,0.1364,1,0,1,0.0227,0.0,0.0227,0,0.7727,0.2273,0.8864,34,39,44,0.155,0.155,1.2011,0.1136,0.2,0.4,0.4,0.8,0,0,0.5556,9,5,0.5362,0.1,0.0227,0.7273,0.0,0.2045,0.0,0.0,0.5556,0.0,0.0,0.0,1.0549,0.0,completed,,0.98,3.772903
41,-10.0,-6.44,0,0.0,0.0,12,5760,70,150.0,0.0,150.0,1.0,0.0,0.0,1,0,1,0.0833,0.0,0.0833,0,0.9167,0.0833,1.0,11,12,12,0.0,0.0,0.0,0.0,0.0,0.0,0.0,0.0,0,0,0.6667,3,2,0.5009,0.1,0.0,0.4167,0.0,0.25,0.0,0.0,0.6667,0.0,0.0,0.0,0.0,0.0,outer_patrol_a,road_edge,0.98,3.883996
42,66.8959,32.6321,1,6.0,1.0,39,18720,39,136.7143,0.8864,137.6006,0.5571,1.7949,0.1538,1,0,1,0.0256,0.0,0.0256,0,0.8205,0.1795,0.8718,32,34,39,0.1773,0.1773,1.3739,0.1282,0.2,0.2,0.6,0.8,0,0,0.8,10,8,0.5537,0.1,0.0769,0.7692,0.0256,0.2564,0.0,0.0,0.8,0.0,0.0,0.0,0.9503,0.0,completed,,0.98,4.118628
43,10.5698,5.156,0,3.0,0.5,22,10560,70,150.0,0.0,150.0,1.0,1.5909,0.1364,1,0,1,0.0455,0.0,0.0455,0,0.8636,0.1364,0.8636,19,19,22,0.0,0.0,0.0,0.1364,0.0,0.3333,0.6667,1.0,0,0,0.75,8,6,0.5565,0.1,0.0909,0.7273,0.0455,0.3636,0.0,0.0,0.75,0.0,0.0,0.0,0.6365,0.0,return_outer,obstacle,0.98,4.130783
44,-10.0,-5.142,0,1.0,0.1667,16,7680,70,150.0,0.0,150.0,1.0,0.7292,0.0625,0,0,0,0.0000,0.0,0.0000,0,0.875,0.125,0.9375,14,15,16,0.0,0.0,0.0,0.0625,0.0,0.0,1.0,1.0,0,0,0.5,4,2,0.5201,0.1,0.0625,0.6875,0.0,0.25,0.0,0.0,0.5,0.0,0.0,0.0,-0.0,0.0,enter_inner,obstacle,0.98,3.909674
45,-10.0,-7.7825,0,3.0,0.5,35,16800,70,150.0,1.5306,151.5306,1.0,1.0,0.0857,1,0,1,0.0286,0.0,0.0286,0,0.6286,0.3714,0.8857,22,31,35,0.5102,0.5102,2.3725,0.1143,0.5,0.25,0.25,0.5,0,0,0.5,10,5,0.5615,0.1,0.1429,0.7429,0.0286,0.2857,0.0,0.0,0.5,0.0,0.0,0.0,1.0397,0.0,return_outer,obstacle,0.98,4.846676
46,9.717,4.74,0,3.0,0.5,22,10560,70,150.0,0.0,150.0,1.0,1.5909,0.1364,1,0,1,0.0455,0.0,0.0455,0,0.8182,0.1818,0.8636,18,19,22,0.0,0.0,0.0,0.1364,0.0,0.6667,0.3333,1.0,0,0,0.875,8,7,0.5775,0.1,0.0909,0.8182,0.0909,0.3636,0.0,0.0,0.875,0.0,0.0,0.0,0.6365,0.0,return_outer,obstacle,0.98,4.575607
47,16.7442,8.1679,0,5.0,0.8333,41,19680,70,150.0,3.0401,153.0401,1.0,1.4228,0.122,0,0,0,0.0000,0.0,0.0000,0,0.7317,0.2683,0.8049,30,33,41,0.608,0.608,4.7121,0.1951,0.5,0.375,0.125,0.5,0,0,0.9375,16,15,0.5725,0.1,0.1463,0.8293,0.0488,0.3902,0.0,0.0,0.9375,0.0,0.0,0.0,0.9743,0.0,final_park,wall,0.98,4.789159
48,28.5888,13.9457,0,4.0,0.6667,36,17280,70,150.0,0.6711,150.6711,1.0,1.2963,0.1111,1,0,1,0.0278,0.0,0.0278,0,0.8333,0.1667,0.8889,30,32,36,0.1678,0.1678,1.0403,0.1111,0.25,0.5,0.25,0.75,0,0,1.0,8,8,0.5301,0.1,0.0556,0.7222,0.0,0.2222,0.0,0.0,1.0,0.0,0.0,0.0,1.0397,0.0,outer_patrol_b,road_edge,0.98,4.463169
49,18.884,9.2117,0,5.0,0.8333,43,20640,70,150.0,0.6183,150.6183,1.0,1.3566,0.1163,0,0,0,0.0000,0.0,0.0000,0,0.7674,0.2326,0.8837,33,38,43,0.1237,0.1237,0.9583,0.1163,0.2,0.6,0.2,0.8,0,0,0.7143,14,10,0.5457,0.1,0.0698,0.6744,0.0,0.3256,0.0,0.0,0.7143,0.0,0.0,0.0,0.9503,0.0,final_park,wall,0.98,5.044531
50,65.817,32.1058,1,6.0,1.0,41,19680,41,137.5714,0.8969,138.4683,0.5857,1.7073,0.1463,1,0,1,0.0244,0.0,0.0244,0,0.7805,0.2195,0.8293,32,34,41,0.1794,0.1794,1.3902,0.1707,0.1429,0.1429,0.7143,0.8571,0,0,0.6154,13,8,0.5559,0.1,0.1463,0.8293,0.0244,0.3171,0.0,0.0,0.6154,0.0,0.0,0.0,0.7963,0.0,completed,,0.98,5.717952
51,40.5789,19.7946,1,6.0,1.0,51,24480,51,141.8571,3.7248,145.5819,0.7286,1.3725,0.1176,1,0,1,0.0196,0.0,0.0196,0,0.6667,0.3333,0.8235,34,42,51,0.745,0.745,5.7734,0.1765,0.5556,0.3333,0.1111,0.4444,0,0,0.7692,13,10,0.5605,0.1,0.1373,0.8824,0.0588,0.2549,0.0,0.0,0.7692,0.0,0.0,0.0,0.9369,0.0,completed,,0.98,4.689597
52,60.7473,29.6328,1,6.0,1.0,41,19680,41,137.5714,1.6046,139.1761,0.5857,1.7073,0.1463,1,0,1,0.0244,0.0,0.0244,0,0.7317,0.2683,0.878,30,36,41,0.3209,0.3209,2.4872,0.122,0.4,0.2,0.4,0.6,0,0,0.8333,6,5,0.5371,0.1,0.0488,0.7561,0.0,0.1463,0.0,0.0,0.8333,0.0,0.0,0.0,1.0549,0.0,completed,,0.98,3.978076
53,72.7012,35.464,1,6.0,1.0,38,18240,38,136.2857,0.0,136.2857,0.5429,1.8421,0.1579,1,0,1,0.0263,0.0,0.0263,0,0.7895,0.2105,0.8421,30,32,38,0.0,0.0,0.0,0.1579,0.0,0.3333,0.6667,1.0,0,0,0.7778,9,7,0.5505,0.1,0.0789,0.7368,0.0526,0.2368,0.0,0.0,0.7778,0.0,0.0,0.0,0.6365,0.0,completed,,0.98,4.206085
54,-10.0,-8.3654,0,1.0,0.1667,18,8640,70,150.0,0.8874,150.8874,1.0,0.6481,0.0556,0,0,0,0.0000,0.0,0.0000,0,0.6667,0.3333,0.8889,12,16,18,0.8874,0.8874,1.3754,0.1111,0.5,0.5,0.0,0.5,0,0,0.5,4,2,0.5436,0.1,0.1111,0.7222,0.1111,0.2222,0.0,0.0,0.5,0.0,0.0,0.0,0.6931,0.0,enter_inner,obstacle,0.98,4.224164
55,-3.8525,-1.8793,0,3.0,0.5,30,14400,70,150.0,0.7982,150.7982,1.0,1.1667,0.1,1,0,1,0.0333,0.0,0.0333,0,0.6667,0.3333,0.8333,20,25,30,0.2661,0.2661,1.2373,0.1667,0.2,0.2,0.6,0.8,0,0,0.6154,13,8,0.6245,0.1,0.2667,0.7667,0.1667,0.4333,0.0,0.0,0.6154,0.0,0.0,0.0,0.9503,0.0,return_outer,obstacle,0.98,4.518829
56,-10.0,-5.74,0,0.0,0.0,13,6240,70,150.0,0.0,150.0,1.0,0.0,0.0,1,0,1,0.0769,0.0,0.0769,0,1.0,0.0,1.0,13,13,13,0.0,0.0,0.0,0.0,0.0,0.0,0.0,0.0,0,0,0.0,1,0,0.4897,0.1,0.0,0.7692,0.0,0.0769,0.0,0.0,0.0,0.0,0.0,0.0,0.0,0.0,outer_patrol_a,road_edge,0.98,4.141849
57,48.5654,23.6905,1,6.0,1.0,46,22080,46,139.7143,3.752,143.4662,0.6571,1.5217,0.1304,1,0,1,0.0217,0.0,0.0217,0,0.7174,0.2826,0.8261,33,38,46,0.7504,0.7504,5.8155,0.1739,0.625,0.25,0.125,0.375,0,0,0.6364,11,7,0.561,0.1,0.087,0.8478,0.0217,0.2391,0.0,0.0,0.6364,0.0,0.0,0.0,0.9003,0.0,completed,,0.98,3.99639
58,-10.0,-9.14,0,0.0,0.0,3,1440,70,150.0,0.0,150.0,1.0,0.0,0.0,1,0,1,0.3333,0.0,0.3333,0,1.0,0.0,1.0,3,3,3,0.0,0.0,0.0,0.0,0.0,0.0,0.0,0.0,0,0,0.0,1,0,0.5103,0.1,0.0,0.6667,0.0,0.3333,0.0,0.0,0.0,0.0,0.0,0.0,0.0,0.0,outer_patrol_a,road_edge,0.98,4.434186
59,46.9437,22.8994,1,6.0,1.0,47,22560,47,140.1429,3.5811,143.7239,0.6714,1.4894,0.1277,0,0,0,0.0000,0.0,0.0000,0,0.7021,0.2979,0.8298,33,39,47,0.7162,0.7162,5.5506,0.1702,0.625,0.25,0.125,0.375,0,0,0.8333,12,10,0.5419,0.1,0.0638,0.8085,0.0,0.2553,0.0,0.0,0.8333,0.0,0.0,0.0,0.9003,0.0,completed,,0.98,5.209747
60,56.7014,27.6592,1,6.0,1.0,43,20640,43,138.4286,2.5721,141.0007,0.6143,1.6279,0.1395,0,0,0,0.0000,0.0,0.0000,0,0.7907,0.2093,0.8372,34,36,43,0.5144,0.5144,3.9868,0.1628,0.4286,0.2857,0.2857,0.5714,0,0,0.8571,14,12,0.5475,0.1,0.093,0.7442,0.0233,0.3256,0.0,0.0,0.8571,0.0,0.0,0.0,1.079,0.0,completed,,0.98,5.586113
61,4.551,2.22,0,3.0,0.5,25,12000,70,150.0,0.0,150.0,1.0,1.4,0.12,1,0,1,0.0400,0.0,0.0400,0,0.8,0.2,0.88,20,22,25,0.0,0.0,0.0,0.12,0.0,0.3333,0.6667,1.0,0,0,0.625,8,5,0.5641,0.1,0.08,0.92,0.04,0.32,0.0,0.0,0.625,0.0,0.0,0.0,0.6365,0.0,return_outer,obstacle,0.98,4.729077
62,50.2578,24.516,1,6.0,1.0,50,24000,50,141.4286,0.0,141.4286,0.7143,1.4,0.12,1,0,1,0.0200,0.0,0.0200,0,0.6,0.4,0.86,30,43,50,0.0,0.0,0.0,0.14,0.0,0.7143,0.2857,1.0,0,0,0.6,10,6,0.5427,0.1,0.06,0.74,0.04,0.2,0.0,0.0,0.6,0.0,0.0,0.0,0.5983,0.0,completed,,0.98,4.590258
63,22.1117,10.7862,0,5.0,0.8333,41,19680,70,150.0,1.4605,151.4605,1.0,1.4228,0.122,1,0,1,0.0244,0.0,0.0244,0,0.8293,0.1707,0.878,34,36,41,0.2921,0.2921,2.2638,0.122,0.4,0.0,0.6,0.6,0,0,0.6364,11,7,0.5488,0.1,0.0976,0.8049,0.0488,0.2683,0.0,0.0,0.6364,0.0,0.0,0.0,0.673,0.0,final_park,wall,0.98,4.478769
64,-10.0,-8.9348,0,1.0,0.1667,19,9120,70,150.0,0.8418,150.8418,1.0,0.614,0.0526,1,0,1,0.0526,0.0,0.0526,0,0.7368,0.2632,0.8947,14,17,19,0.8418,0.8418,1.3048,0.1053,0.5,0.0,0.5,0.5,0,0,0.6667,3,2,0.5366,0.1,0.0526,0.6842,0.0526,0.1579,0.0,0.0,0.6667,0.0,0.0,0.0,0.6931,0.0,enter_inner,obstacle,0.98,4.169214
65,64.2,31.3171,1,6.0,1.0,42,20160,42,138.0,0.6354,138.6354,0.6,1.6667,0.1429,1,0,1,0.0238,0.0,0.0238,0,0.7857,0.2143,0.8571,33,36,42,0.1271,0.1271,0.9849,0.1429,0.1667,0.0,0.8333,0.8333,0,0,0.6429,14,9,0.5633,0.1,0.0714,0.7857,0.0476,0.3333,0.0,0.0,0.6429,0.0,0.0,0.0,0.4506,0.0,completed,,0.98,4.903427
66,-10.0,-7.1,0,1.0,0.1667,18,8640,70,150.0,0.0,150.0,1.0,0.6481,0.0556,1,0,1,0.0556,0.0,0.0556,0,0.8333,0.1667,0.9444,15,17,18,0.0,0.0,0.0,0.0556,0.0,0.0,1.0,1.0,0,0,0.0,2,0,0.4998,0.1,0.0556,0.4444,0.0,0.1111,0.0,0.0,0.0,0.0,0.0,0.0,-0.0,0.0,enter_inner,obstacle,0.98,4.796358
67,58.6478,28.6087,1,6.0,1.0,42,20160,42,138.0,2.6447,140.6447,0.6,1.6667,0.1429,0,0,0,0.0000,0.0,0.0000,0,0.7619,0.2381,0.8333,32,35,42,0.5289,0.5289,4.0993,0.1667,0.5714,0.2857,0.1429,0.4286,0,0,0.9091,11,10,0.5523,0.1,0.0714,0.7857,0.0238,0.2619,0.0,0.0,0.9091,0.0,0.0,0.0,0.9557,0.0,completed,,0.98,4.33792
68,19.9087,9.7115,0,5.0,0.8333,42,20160,70,150.0,1.4725,151.4725,1.0,1.3889,0.119,1,0,1,0.0238,0.0,0.0238,0,0.7381,0.2619,0.8333,31,35,42,0.2945,0.2945,2.2825,0.1667,0.2857,0.2857,0.4286,0.7143,0,0,0.8,15,12,0.5512,0.1,0.0476,0.8571,0.0,0.3571,0.0,0.0,0.8,0.0,0.0,0.0,1.079,0.0,final_park,wall,0.98,4.221845
69,23.7349,11.578,0,5.0,0.8333,41,19680,70,150.0,0.0,150.0,1.0,1.4228,0.122,1,0,1,0.0244,0.0,0.0244,0,0.7317,0.2683,0.878,30,36,41,0.0,0.0,0.0,0.122,0.0,0.2,0.8,1.0,0,0,0.6364,11,7,0.5549,0.1,0.0976,0.6829,0.0244,0.2683,0.0,0.0,0.6364,0.0,0.0,0.0,0.5004,0.0,final_park,wall,0.98,5.494219
70,61.3987,29.9506,1,6.0,1.0,42,20160,42,138.0,0.6577,138.6577,0.6,1.6667,0.1429,0,0,0,0.0000,0.0,0.0000,0,0.7619,0.2381,0.881,32,37,42,0.1315,0.1315,1.0194,0.119,0.2,0.8,0.0,0.8,0,0,0.8667,15,13,0.5671,0.1,0.0952,0.7381,0.0476,0.3571,0.0,0.0,0.8667,0.0,0.0,0.0,0.5004,0.0,completed,,0.98,4.777728
71,3.6562,1.7835,0,3.0,0.5,25,12000,70,150.0,0.7655,150.7655,1.0,1.4,0.12,0,0,0,0.0000,0.0,0.0000,0,0.88,0.12,0.88,22,22,25,0.2552,0.2552,1.1865,0.12,0.3333,0.3333,0.3333,0.6667,0,0,0.6,5,3,0.5759,0.1,0.12,0.76,0.08,0.2,0.0,0.0,0.6,0.0,0.0,0.0,1.0986,0.0,return_outer,obstacle,0.98,4.721947
72,17.2149,8.3975,0,5.0,0.8333,42,20160,70,150.0,2.1758,152.1758,1.0,1.3889,0.119,1,0,1,0.0238,0.0,0.0238,0,0.7381,0.2619,0.8571,31,36,42,0.4352,0.4352,3.3725,0.1429,0.5,0.3333,0.1667,0.5,0,0,0.7692,13,10,0.5574,0.1,0.0952,0.7619,0.0,0.3095,0.0,0.0,0.7692,0.0,0.0,0.0,1.0114,0.0,final_park,wall,0.98,3.946576
73,52.5517,25.635,1,6.0,1.0,43,20640,43,138.4286,4.9181,143.3467,0.6143,1.6279,0.1395,1,0,1,0.0233,0.0,0.0233,0,0.7907,0.2093,0.7907,34,34,43,0.9836,0.9836,7.623,0.2093,0.6667,0.0,0.3333,0.3333,0,0,0.8462,13,11,0.5724,0.1,0.1395,0.814,0.0465,0.3023,0.0,0.0,0.8462,0.0,0.0,0.0,0.6365,0.0,completed,,0.98,5.045668
74,-3.776,-1.842,0,3.0,0.5,29,13920,70,150.0,0.7303,150.7303,1.0,1.2069,0.1034,1,0,1,0.0345,0.0,0.0345,0,0.7241,0.2759,0.8621,21,25,29,0.2434,0.2434,1.132,0.1379,0.25,0.5,0.25,0.75,0,0,0.5385,13,7,0.5768,0.1,0.069,0.8276,0.0345,0.4483,0.0,0.0,0.5385,0.0,0.0,0.0,1.0397,0.0,return_outer,obstacle,0.98,5.811281
75,59.7986,29.17,1,6.0,1.0,42,20160,42,138.0,2.2761,140.2761,0.6,1.6667,0.1429,1,0,1,0.0238,0.0,0.0238,0,0.7857,0.2143,0.8571,33,36,42,0.4552,0.4552,3.528,0.1429,0.5,0.1667,0.3333,0.5,0,0,0.7273,11,8,0.5402,0.1,0.0952,0.7857,0.0,0.2619,0.0,0.0,0.7273,0.0,0.0,0.0,1.0114,0.0,completed,,0.98,5.44991
76,-9.43,-4.6,0,1.0,0.1667,15,7200,70,150.0,0.0,150.0,1.0,0.7778,0.0667,0,0,0,0.0000,0.0,0.0000,0,0.9333,0.0667,0.9333,14,14,15,0.0,0.0,0.0,0.0667,0.0,0.0,1.0,1.0,0,0,0.3333,3,1,0.5336,0.1,0.0667,0.4667,0.0667,0.2,0.0,0.0,0.3333,0.0,0.0,0.0,-0.0,0.0,enter_inner,obstacle,0.98,5.437593
77,60.0192,29.2776,1,6.0,1.0,41,19680,41,137.5714,2.1499,139.7213,0.5857,1.7073,0.1463,1,0,1,0.0244,0.0,0.0244,0,0.7317,0.2683,0.8049,30,33,41,0.43,0.43,3.3324,0.1951,0.375,0.375,0.25,0.625,0,0,0.9286,14,13,0.5648,0.1,0.1463,0.6829,0.0244,0.3415,0.0,0.0,0.9286,0.0,0.0,0.0,1.0822,0.0,completed,,0.98,4.641324
78,10.7603,5.2489,0,5.0,0.8333,44,21120,70,150.0,3.7917,153.7917,1.0,1.3258,0.1136,1,0,1,0.0227,0.0,0.0227,0,0.6818,0.3182,0.7955,30,35,44,0.7583,0.7583,5.8771,0.2045,0.5556,0.2222,0.2222,0.4444,0,0,0.8,10,8,0.5429,0.1,0.1136,0.8409,0.0,0.2273,0.0,0.0,0.8,0.0,0.0,0.0,0.995,0.0,final_park,wall,0.98,4.774461
79,-7.995,-3.9,0,1.0,0.1667,14,6720,70,150.0,0.0,150.0,1.0,0.8333,0.0714,1,0,1,0.0714,0.0,0.0714,0,0.8571,0.1429,0.9286,12,13,14,0.0,0.0,0.0,0.0714,0.0,0.0,1.0,1.0,0,0,0.5,2,1,0.511,0.1,0.0714,0.5714,0.0,0.1429,0.0,0.0,0.5,0.0,0.0,0.0,-0.0,0.0,enter_inner,obstacle,0.98,4.839341
80,58.0991,28.341,1,6.0,1.0,43,20640,43,138.4286,2.0703,140.4989,0.6143,1.6279,0.1395,1,0,1,0.0233,0.0,0.0233,0,0.7674,0.2326,0.8372,33,36,43,0.4141,0.4141,3.209,0.1628,0.4286,0.1429,0.4286,0.5714,0,0,0.7,10,7,0.5569,0.1,0.1395,0.7209,0.0233,0.2326,0.0,0.0,0.7,0.0,0.0,0.0,1.0042,0.0,completed,,0.98,4.919203
81,-3.2515,-1.5861,0,3.0,0.5,29,13920,70,150.0,0.6555,150.6555,1.0,1.2069,0.1034,1,0,1,0.0345,0.0,0.0345,0,0.7241,0.2759,0.8966,21,26,29,0.2185,0.2185,1.0161,0.1034,0.3333,0.0,0.6667,0.6667,0,0,0.5,8,4,0.5532,0.1,0.1034,0.8621,0.0345,0.2759,0.0,0.0,0.5,0.0,0.0,0.0,0.6365,0.0,return_outer,obstacle,0.98,4.794367
82,61.6901,30.0927,1,6.0,1.0,42,20160,42,138.0,0.7273,138.7273,0.6,1.6667,0.1429,1,0,1,0.0238,0.0,0.0238,0,0.7381,0.2619,0.8571,31,36,42,0.1455,0.1455,1.1273,0.1429,0.1667,0.3333,0.5,0.8333,0,0,0.8182,11,9,0.5426,0.1,0.0714,0.8095,0.0238,0.2619,0.0,0.0,0.8182,0.0,0.0,0.0,1.0114,0.0,completed,,0.98,4.3567
83,0.205,0.1,0,2.0,0.3333,19,9120,70,150.0,0.0,150.0,1.0,1.2281,0.1053,1,0,1,0.0526,0.0,0.0526,0,0.7895,0.2105,0.8947,15,17,19,0.0,0.0,0.0,0.1053,0.0,1.0,0.0,1.0,0,0,0.8333,6,5,0.5434,0.1,0.0526,0.8421,0.0526,0.3158,0.0,0.0,0.8333,0.0,0.0,0.0,-0.0,0.0,inner_patrol,obstacle,0.98,4.969599
84,-10.0,-9.5617,0,2.0,0.3333,34,16320,70,150.0,3.4785,153.4785,1.0,0.6863,0.0588,0,0,0,0.0000,0.0,0.0000,0,0.8235,0.1765,0.8824,28,30,34,1.7393,1.7393,5.3917,0.1176,1.0,0.0,0.0,0.0,0,0,0.5714,14,8,0.5962,0.1,0.2353,0.7647,0.0588,0.4118,0.0,0.0,0.5714,0.0,0.0,0.0,-0.0,0.0,inner_patrol,obstacle,0.98,5.014483
85,51.3526,25.0501,1,6.0,1.0,46,22080,46,139.7143,2.5419,142.2562,0.6571,1.5217,0.1304,1,0,1,0.0217,0.0,0.0217,0,0.8043,0.1957,0.8696,37,40,46,0.5084,0.5084,3.9399,0.1304,0.5,0.5,0.0,0.5,0,0,0.6667,12,8,0.546,0.1,0.0652,0.7826,0.0,0.2609,0.0,0.0,0.6667,0.0,0.0,0.0,0.6931,0.0,completed,,0.98,5.321633
86,-10.0,-7.18,0,1.0,0.1667,18,8640,70,150.0,0.0,150.0,1.0,0.6481,0.0556,0,0,0,0.0000,0.0,0.0000,0,0.7778,0.2222,0.9444,14,17,18,0.0,0.0,0.0,0.0556,0.0,0.0,1.0,1.0,0,0,0.5,4,2,0.5319,0.1,0.0556,0.6111,0.0556,0.2222,0.0,0.0,0.5,0.0,0.0,0.0,-0.0,0.0,enter_inner,obstacle,0.98,5.170215
87,0.9645,0.4705,0,3.0,0.5,26,12480,70,150.0,0.8642,150.8642,1.0,1.3462,0.1154,1,0,1,0.0385,0.0,0.0385,0,0.7692,0.2308,0.8846,20,23,26,0.2881,0.2881,1.3395,0.1154,0.3333,0.6667,0.0,0.6667,0,0,0.7143,7,5,0.5678,0.1,0.1154,0.6923,0.0385,0.2692,0.0,0.0,0.7143,0.0,0.0,0.0,0.6365,0.0,return_outer,obstacle,0.98,5.465182
88,8.405,4.1,0,3.0,0.5,23,11040,70,150.0,0.0,150.0,1.0,1.5217,0.1304,0,0,0,0.0000,0.0,0.0000,0,0.8696,0.1304,0.8696,20,20,23,0.0,0.0,0.0,0.1304,0.0,0.3333,0.6667,1.0,0,0,0.6667,6,4,0.5644,0.1,0.087,0.8261,0.087,0.2609,0.0,0.0,0.6667,0.0,0.0,0.0,0.6365,0.0,return_outer,obstacle,0.98,5.209958
89,64.4151,31.422,1,6.0,1.0,40,19200,40,137.1429,0.8697,138.0125,0.5714,1.75,0.15,1,0,1,0.0250,0.0,0.0250,0,0.8,0.2,0.85,32,34,40,0.1739,0.1739,1.348,0.15,0.1667,0.8333,0.0,0.8333,0,0,0.7857,14,11,0.5569,0.1,0.15,0.875,0.05,0.35,0.0,0.0,0.7857,0.0,0.0,0.0,0.4506,0.0,completed,,0.98,6.103414
90,14.5564,7.1007,0,5.0,0.8333,44,21120,70,150.0,1.5583,151.5583,1.0,1.3258,0.1136,1,0,1,0.0227,0.0,0.0227,0,0.7045,0.2955,0.8636,31,38,44,0.3117,0.3117,2.4153,0.1591,0.2857,0.5714,0.1429,0.7143,0,0,0.6875,16,11,0.5667,0.1,0.1364,0.8864,0.0455,0.3636,0.0,0.0,0.6875,0.0,0.0,0.0,0.9557,0.0,final_park,wall,0.98,5.31365
91,-10.0,-6.8424,0,1.0,0.1667,16,7680,70,150.0,1.2274,151.2274,1.0,0.7292,0.0625,1,0,1,0.0625,0.0,0.0625,0,0.75,0.25,0.8125,12,13,16,1.2274,1.2274,1.9024,0.125,1.0,0.0,0.0,0.0,0,0,0.6,5,3,0.5578,0.1,0.1875,0.625,0.0625,0.3125,0.0,0.0,0.6,0.0,0.0,0.0,-0.0,0.0,enter_inner,red_light,0.98,5.608056
92,-7.811,-3.8102,0,2.0,0.3333,20,9600,70,150.0,0.8621,150.8621,1.0,1.1667,0.1,1,0,1,0.0500,0.0,0.0500,0,0.65,0.35,0.8,13,16,20,0.431,0.431,1.3362,0.2,0.25,0.0,0.75,0.75,0,0,0.5,4,2,0.5347,0.1,0.1,0.6,0.0,0.2,0.0,0.0,0.5,0.0,0.0,0.0,0.5623,0.0,inner_patrol,obstacle,0.98,5.332268
93,8.0746,3.9389,0,3.0,0.5,22,10560,70,150.0,0.8459,150.8459,1.0,1.5909,0.1364,0,0,0,0.0000,0.0,0.0000,0,0.8636,0.1364,0.8636,19,19,22,0.282,0.282,1.3111,0.1364,0.3333,0.6667,0.0,0.6667,0,0,0.6667,3,2,0.5658,0.1,0.0909,0.6818,0.0909,0.1364,0.0,0.0,0.6667,0.0,0.0,0.0,0.6365,0.0,return_outer,obstacle,0.98,5.145026
94,61.1267,29.8179,1,6.0,1.0,41,19680,41,137.5714,1.6891,139.2605,0.5857,1.7073,0.1463,1,0,1,0.0244,0.0,0.0244,0,0.7073,0.2927,0.8293,29,34,41,0.3378,0.3378,2.6181,0.1707,0.2857,0.4286,0.2857,0.7143,0,0,0.9091,11,10,0.5525,0.1,0.1463,0.7805,0.0244,0.2683,0.0,0.0,0.9091,0.0,0.0,0.0,1.079,0.0,completed,,0.98,5.060021
95,-8.118,-3.96,0,1.0,0.1667,14,6720,70,150.0,0.0,150.0,1.0,0.8333,0.0714,1,0,1,0.0714,0.0,0.0714,0,0.8571,0.1429,0.9286,12,13,14,0.0,0.0,0.0,0.0714,0.0,1.0,0.0,1.0,0,0,0.8,5,4,0.5177,0.1,0.0,0.7143,0.0,0.3571,0.0,0.0,0.8,0.0,0.0,0.0,-0.0,0.0,enter_inner,obstacle,0.98,4.803301
96,-0.287,-0.14,0,2.0,0.3333,16,7680,70,150.0,0.0,150.0,1.0,1.4583,0.125,1,0,1,0.0625,0.0,0.0625,0,0.875,0.125,0.875,14,14,16,0.0,0.0,0.0,0.125,0.0,0.5,0.5,1.0,0,0,0.6667,3,2,0.5243,0.1,0.0625,0.6875,0.0,0.1875,0.0,0.0,0.6667,0.0,0.0,0.0,0.6931,0.0,inner_patrol,obstacle,0.98,4.71775
97,-8.118,-3.96,0,1.0,0.1667,14,6720,70,150.0,0.0,150.0,1.0,0.8333,0.0714,1,0,1,0.0714,0.0,0.0714,0,0.8571,0.1429,0.9286,12,13,14,0.0,0.0,0.0,0.0714,0.0,1.0,0.0,1.0,0,0,0.6667,3,2,0.517,0.1,0.0714,0.7143,0.0,0.2143,0.0,0.0,0.6667,0.0,0.0,0.0,-0.0,0.0,enter_inner,obstacle,0.98,5.057323
98,-10.0,-6.2,0,0.0,0.0,10,4800,70,150.0,0.0,150.0,1.0,0.0,0.0,1,0,1,0.1000,0.0,0.1000,0,1.0,0.0,1.0,10,10,10,0.0,0.0,0.0,0.0,0.0,0.0,0.0,0.0,0,0,1.0,1,1,0.515,0.1,0.0,0.6,0.0,0.1,0.0,0.0,1.0,0.0,0.0,0.0,0.0,0.0,outer_patrol_a,road_edge,0.98,4.779089
99,72.119,35.18,1,6.0,1.0,37,17760,37,135.8571,0.0,135.8571,0.5286,1.8919,0.1622,1,0,1,0.0270,0.0,0.0270,0,0.8378,0.1622,0.8649,31,32,37,0.0,0.0,0.0,0.1351,0.0,0.6,0.4,1.0,0,0,0.75,8,6,0.5309,0.1,0.027,0.8378,0.0,0.2162,0.0,0.0,0.75,0.0,0.0,0.0,0.673,0.0,completed,,0.98,4.141595
100,-10.0,-8.7214,0,1.0,0.1667,19,9120,70,150.0,1.2396,151.2396,1.0,0.614,0.0526,1,0,1,0.0526,0.0,0.0526,0,0.7895,0.2105,0.8421,15,16,19,1.2396,1.2396,1.9214,0.1053,1.0,0.0,0.0,0.0,0,0,0.6,10,6,0.6111,0.1,0.2632,0.8421,0.2105,0.5263,0.0,0.0,0.6,0.0,0.0,0.0,-0.0,0.0,enter_inner,red_light,0.98,4.240466
101,-6.6408,-3.2394,0,3.0,0.5,30,14400,70,150.0,1.4319,151.4319,1.0,1.1667,0.1,1,0,1,0.0333,0.0,0.0333,0,0.7,0.3,0.8667,21,26,30,0.4773,0.4773,2.2194,0.1333,0.5,0.0,0.5,0.5,0,0,0.6,10,6,0.5674,0.1,0.1,0.8333,0.0333,0.3333,0.0,0.0,0.6,0.0,0.0,0.0,0.6931,0.0,return_outer,obstacle,0.98,5.172549
102,56.8341,27.7239,1,6.0,1.0,45,21600,45,139.2857,0.862,140.1477,0.6429,1.5556,0.1333,1,0,1,0.0222,0.0,0.0222,0,0.7333,0.2667,0.8667,33,39,45,0.1724,0.1724,1.3361,0.1333,0.1667,0.1667,0.6667,0.8333,0,0,0.5,6,3,0.5562,0.1,0.0444,0.7111,0.0444,0.1333,0.0,0.0,0.5,0.0,0.0,0.0,0.8676,0.0,completed,,0.98,5.356359
103,-1.3571,-0.662,0,2.0,0.3333,17,8160,70,150.0,0.0,150.0,1.0,1.3725,0.1176,0,0,0,0.0000,0.0,0.0000,0,0.7059,0.2941,0.8235,12,14,17,0.0,0.0,0.0,0.1765,0.0,0.3333,0.6667,1.0,0,0,0.6667,3,2,0.5585,0.1,0.1176,0.5882,0.0588,0.1765,0.0,0.0,0.6667,0.0,0.0,0.0,0.6365,0.0,inner_patrol,obstacle,0.98,4.973934
104,-10.0,-6.92,0,0.0,0.0,16,7680,70,150.0,0.0,150.0,1.0,0.0,0.0,0,0,0,0.0000,0.0,0.0000,0,0.8125,0.1875,1.0,13,16,16,0.0,0.0,0.0,0.0,0.0,0.0,0.0,0.0,0,0,0.6667,3,2,0.4889,0.1,0.0,0.6875,0.0,0.1875,0.0,0.0,0.6667,0.0,0.0,0.0,0.0,0.0,outer_patrol_a,road_edge,0.98,4.781168
105,1.0578,0.516,0,2.0,0.3333,16,7680,70,150.0,0.0,150.0,1.0,1.4583,0.125,1,0,1,0.0625,0.0,0.0625,0,0.75,0.25,0.8125,12,13,16,0.0,0.0,0.0,0.1875,0.0,0.3333,0.6667,1.0,0,0,0.5,4,2,0.5451,0.1,0.125,0.8125,0.0625,0.25,0.0,0.0,0.5,0.0,0.0,0.0,0.6365,0.0,inner_patrol,obstacle,0.98,4.41896
106,1.8699,0.9122,0,3.0,0.5,25,12000,70,150.0,1.5728,151.5728,1.0,1.4,0.12,0,0,0,0.0000,0.0,0.0000,0,0.84,0.16,0.84,21,21,25,0.5243,0.5243,2.4378,0.16,0.5,0.25,0.25,0.5,0,0,0.625,8,5,0.5724,0.1,0.2,0.88,0.04,0.32,0.0,0.0,0.625,0.0,0.0,0.0,1.0397,0.0,return_outer,obstacle,0.98,4.535542
107,2.1409,1.0443,0,3.0,0.5,26,12480,70,150.0,0.623,150.623,1.0,1.3462,0.1154,1,0,1,0.0385,0.0,0.0385,0,0.8077,0.1923,0.8462,21,22,26,0.2077,0.2077,0.9657,0.1538,0.25,0.25,0.5,0.75,0,0,0.6364,11,7,0.548,0.1,0.1923,0.9231,0.0,0.4231,0.0,0.0,0.6364,0.0,0.0,0.0,1.0397,0.0,return_outer,obstacle,0.98,5.544523
108,-1.9571,-0.9547,0,4.0,0.6667,33,15840,70,150.0,2.4856,152.4856,1.0,1.4141,0.1212,0,0,0,0.0000,0.0,0.0000,0,0.6667,0.3333,0.8182,22,27,33,0.6214,0.6214,3.8527,0.1818,0.5,0.1667,0.3333,0.5,0,0,0.4286,7,3,0.5647,0.1,0.1212,0.8182,0.0606,0.2121,0.0,0.0,0.4286,0.0,0.0,0.0,1.0114,0.0,outer_patrol_b,road_edge,0.98,5.979461
109,3.6801,1.7952,0,5.0,0.8333,51,24480,70,150.0,2.4212,152.4212,1.0,1.1438,0.098,1,0,1,0.0196,0.0,0.0196,0,0.7255,0.2745,0.8627,37,44,51,0.4842,0.4842,3.7528,0.1569,0.375,0.375,0.25,0.625,0,0,0.4667,15,7,0.576,0.1,0.1765,0.7647,0.0588,0.2941,0.0,0.0,0.4667,0.0,0.0,0.0,1.0822,0.0,final_park,wall,0.98,6.571463
110,7.7083,3.7601,0,4.0,0.6667,28,13440,70,150.0,2.8128,152.8128,1.0,1.6667,0.1429,1,0,1,0.0357,0.0,0.0357,0,0.7143,0.2857,0.75,20,21,28,0.7032,0.7032,4.3599,0.25,0.5714,0.4286,0.0,0.4286,0,0,0.875,8,7,0.5735,0.1,0.1429,0.75,0.0714,0.2857,0.0,0.0,0.875,0.0,0.0,0.0,0.6829,0.0,outer_patrol_b,road_edge,0.98,7.502677
111,-10.0,-6.38,0,1.0,0.1667,17,8160,70,150.0,0.0,150.0,1.0,0.6863,0.0588,1,0,1,0.0588,0.0,0.0588,0,0.8235,0.1765,0.9412,14,16,17,0.0,0.0,0.0,0.0588,0.0,1.0,0.0,1.0,0,0,0.3333,3,1,0.5174,0.1,0.0588,0.6471,0.0,0.1765,0.0,0.0,0.3333,0.0,0.0,0.0,-0.0,0.0,enter_inner,obstacle,0.98,7.246244
112,1.8822,0.9182,0,4.0,0.6667,33,15840,70,150.0,1.6141,151.6141,1.0,1.4141,0.1212,1,0,1,0.0303,0.0,0.0303,0,0.7273,0.2727,0.8182,24,27,33,0.4035,0.4035,2.5018,0.1818,0.3333,0.5,0.1667,0.6667,0,0,0.3636,11,4,0.5675,0.1,0.1515,0.8788,0.0606,0.3333,0.0,0.0,0.3636,0.0,0.0,0.0,1.0114,0.0,outer_patrol_b,road_edge,0.98,7.81437
113,0.0423,0.0206,0,4.0,0.6667,31,14880,70,150.0,2.6447,152.6447,1.0,1.5054,0.129,1,0,1,0.0323,0.0,0.0323,0,0.6774,0.3226,0.7742,21,24,31,0.6612,0.6612,4.0994,0.2258,0.5714,0.2857,0.1429,0.4286,0,0,0.8571,14,12,0.5736,0.1,0.1613,0.8065,0.0323,0.4516,0.0,0.0,0.8571,0.0,0.0,0.0,0.9557,0.0,outer_patrol_b,road_edge,0.98,7.395323
114,17.822,8.6937,0,4.0,0.6667,28,13440,70,150.0,0.8363,150.8363,1.0,1.6667,0.1429,1,0,1,0.0357,0.0,0.0357,0,0.8214,0.1786,0.8571,23,24,28,0.2091,0.2091,1.2963,0.1429,0.25,0.5,0.25,0.75,0,0,0.75,4,3,0.5399,0.1,0.0357,0.7143,0.0357,0.1429,0.0,0.0,0.75,0.0,0.0,0.0,1.0397,0.0,outer_patrol_b,road_edge,0.98,7.530462
115,6.232,3.04,0,3.0,0.5,24,11520,70,150.0,0.0,150.0,1.0,1.4583,0.125,1,0,1,0.0417,0.0,0.0417,0,0.8333,0.1667,0.875,20,21,24,0.0,0.0,0.0,0.125,0.0,1.0,0.0,1.0,0,0,0.4,5,2,0.5423,0.1,0.125,0.875,0.0417,0.2083,0.0,0.0,0.4,0.0,0.0,0.0,-0.0,0.0,return_outer,obstacle,0.98,7.029819
116,53.4146,26.0559,1,6.0,1.0,46,22080,46,139.7143,1.7033,141.4176,0.6571,1.5217,0.1304,1,0,1,0.0217,0.0,0.0217,0,0.6739,0.3261,0.8261,31,38,46,0.3407,0.3407,2.6401,0.1739,0.25,0.5,0.25,0.75,0,0,0.6667,15,10,0.5651,0.1,0.1304,0.8261,0.0652,0.3261,0.0,0.0,0.6667,0.0,0.0,0.0,1.0397,0.0,completed,,0.98,6.213264
117,-1.9453,-0.9489,0,2.0,0.3333,16,7680,70,150.0,0.6316,150.6316,1.0,1.4583,0.125,1,0,1,0.0625,0.0,0.0625,0,0.6875,0.3125,0.8125,11,13,16,0.3158,0.3158,0.9789,0.1875,0.3333,0.3333,0.3333,0.6667,0,0,0.875,8,7,0.538,0.1,0.125,1.0,0.0,0.5,0.0,0.0,0.875,0.0,0.0,0.0,1.0986,0.0,inner_patrol,obstacle,0.98,6.240123
118,8.118,3.96,0,3.0,0.5,23,11040,70,150.0,0.0,150.0,1.0,1.5217,0.1304,0,0,0,0.0000,0.0,0.0000,0,0.8261,0.1739,0.8696,19,20,23,0.0,0.0,0.0,0.1304,0.0,0.6667,0.3333,1.0,0,0,0.75,8,6,0.5534,0.1,0.1304,0.7826,0.0,0.3478,0.0,0.0,0.75,0.0,0.0,0.0,0.6365,0.0,return_outer,obstacle,0.98,6.002042
119,70.5405,34.41,1,6.0,1.0,38,18240,38,136.2857,0.0,136.2857,0.5429,1.8421,0.1579,1,0,1,0.0263,0.0,0.0263,0,0.7895,0.2105,0.8684,30,33,38,0.0,0.0,0.0,0.1316,0.0,0.4,0.6,1.0,0,0,0.7143,7,5,0.5402,0.1,0.0789,0.7632,0.0263,0.1842,0.0,0.0,0.7143,0.0,0.0,0.0,0.673,0.0,completed,,0.98,6.055574
120,4.551,2.22,0,3.0,0.5,25,12000,70,150.0,0.0,150.0,1.0,1.4,0.12,1,0,1,0.0400,0.0,0.0400,0,0.76,0.24,0.88,19,22,25,0.0,0.0,0.0,0.12,0.0,0.3333,0.6667,1.0,0,0,0.625,8,5,0.5499,0.1,0.08,0.88,0.04,0.32,0.0,0.0,0.625,0.0,0.0,0.0,0.6365,0.0,return_outer,obstacle,0.98,6.00467
121,71.8894,35.068,1,6.0,1.0,38,18240,38,136.2857,0.0,136.2857,0.5429,1.8421,0.1579,1,0,1,0.0263,0.0,0.0263,0,0.7368,0.2632,0.8421,28,32,38,0.0,0.0,0.0,0.1579,0.0,0.0,1.0,1.0,0,0,0.8182,11,9,0.5466,0.1,0.1053,0.7632,0.0263,0.2895,0.0,0.0,0.8182,0.0,0.0,0.0,-0.0,0.0,completed,,0.98,5.813052
122,10.3972,5.0718,0,4.0,0.6667,45,21600,70,150.0,2.2711,152.2711,1.0,1.037,0.0889,1,0,1,0.0222,0.0,0.0222,0,0.7778,0.2222,0.8222,35,37,45,0.5678,0.5678,3.5202,0.1778,0.375,0.25,0.375,0.625,0,0,0.5625,16,9,0.5909,0.1,0.1778,0.7778,0.0889,0.3556,0.0,0.0,0.5625,0.0,0.0,0.0,1.0822,0.0,outer_patrol_b,road_edge,0.98,6.06169
123,61.1052,29.8074,1,6.0,1.0,41,19680,41,137.5714,1.5307,139.1021,0.5857,1.7073,0.1463,0,0,0,0.0000,0.0,0.0000,0,0.7317,0.2683,0.8537,30,35,41,0.3061,0.3061,2.3726,0.1463,0.3333,0.1667,0.5,0.6667,0,0,0.9167,12,11,0.5517,0.1,0.0732,0.8049,0.0244,0.2927,0.0,0.0,0.9167,0.0,0.0,0.0,1.0114,0.0,completed,,0.98,6.708763
124,-5.576,-2.72,0,2.0,0.3333,19,9120,70,150.0,0.0,150.0,1.0,1.2281,0.1053,0,0,0,0.0000,0.0,0.0000,0,0.7368,0.2632,0.8947,14,17,19,0.0,0.0,0.0,0.1053,0.0,0.5,0.5,1.0,0,0,0.5,6,3,0.5176,0.1,0.0526,0.8421,0.0,0.3158,0.0,0.0,0.5,0.0,0.0,0.0,0.6931,0.0,inner_patrol,obstacle,0.98,6.271581
125,6.5239,3.1824,0,4.0,0.6667,36,17280,70,150.0,2.1081,152.1081,1.0,1.2963,0.1111,1,0,1,0.0278,0.0,0.0278,0,0.75,0.25,0.8333,27,30,36,0.527,0.527,3.2676,0.1667,0.5,0.3333,0.1667,0.5,0,0,0.6364,11,7,0.6084,0.1,0.1944,0.7778,0.1389,0.3056,0.0,0.0,0.6364,0.0,0.0,0.0,1.0114,0.0,outer_patrol_b,road_edge,0.98,7.513181
126,3.6546,1.7827,0,4.0,0.6667,30,14400,70,150.0,1.624,151.624,1.0,1.5556,0.1333,1,0,1,0.0333,0.0,0.0333,0,0.7,0.3,0.8333,21,25,30,0.406,0.406,2.5173,0.1667,0.4,0.2,0.4,0.6,0,0,0.6667,9,6,0.5754,0.1,0.1333,0.8667,0.0667,0.3,0.0,0.0,0.6667,0.0,0.0,0.0,1.0549,0.0,outer_patrol_b,road_edge,0.98,7.43646
127,-5.576,-2.72,0,2.0,0.3333,19,9120,70,150.0,0.0,150.0,1.0,1.2281,0.1053,1,0,1,0.0526,0.0,0.0526,0,0.7368,0.2632,0.8947,14,17,19,0.0,0.0,0.0,0.1053,0.0,0.5,0.5,1.0,0,0,0.25,4,1,0.5079,0.1,0.0526,0.6842,0.0,0.2105,0.0,0.0,0.25,0.0,0.0,0.0,0.6931,0.0,inner_patrol,obstacle,0.98,7.070151
128,8.7617,4.274,0,3.0,0.5,22,10560,70,150.0,0.7432,150.7432,1.0,1.5909,0.1364,1,0,1,0.0455,0.0,0.0455,0,0.8182,0.1818,0.8182,18,18,22,0.2477,0.2477,1.152,0.1818,0.25,0.5,0.25,0.75,0,0,0.8571,7,6,0.5676,0.1,0.1364,0.9545,0.0909,0.3182,0.0,0.0,0.8571,0.0,0.0,0.0,1.0397,0.0,return_outer,obstacle,0.98,6.842517
129,-10.0,-6.24,0,1.0,0.1667,17,8160,70,150.0,0.0,150.0,1.0,0.6863,0.0588,0,0,0,0.0000,0.0,0.0000,0,0.8824,0.1176,0.9412,15,16,17,0.0,0.0,0.0,0.0588,0.0,0.0,1.0,1.0,0,0,0.0,3,0,0.5301,0.1,0.0588,0.6471,0.0588,0.1765,0.0,0.0,0.0,0.0,0.0,0.0,-0.0,0.0,enter_inner,obstacle,0.98,6.78172
130,62.6706,30.571,1,6.0,1.0,42,20160,42,138.0,0.8871,138.8871,0.6,1.6667,0.1429,1,0,1,0.0238,0.0,0.0238,0,0.7381,0.2619,0.8571,31,36,42,0.1774,0.1774,1.375,0.1429,0.1667,0.3333,0.5,0.8333,0,0,0.75,12,9,0.5683,0.1,0.0952,0.7619,0.0476,0.2857,0.0,0.0,0.75,0.0,0.0,0.0,1.0114,0.0,completed,,0.98,6.34733
131,-5.4423,-2.6548,0,2.0,0.3333,17,8160,70,150.0,1.5579,151.5579,1.0,1.3725,0.1176,1,0,1,0.0588,0.0,0.0588,0,0.7647,0.2353,0.8235,13,14,17,0.779,0.779,2.4148,0.1765,0.6667,0.3333,0.0,0.3333,0,0,1.0,5,5,0.5557,0.1,0.1765,0.7059,0.0588,0.2941,0.0,0.0,1.0,0.0,0.0,0.0,0.6365,0.0,inner_patrol,obstacle,0.98,6.410105
132,55.9626,27.2988,1,6.0,1.0,42,20160,42,138.0,3.3556,141.3556,0.6,1.6667,0.1429,1,0,1,0.0238,0.0,0.0238,0,0.7381,0.2619,0.8095,31,34,42,0.6711,0.6711,5.2012,0.1905,0.5,0.125,0.375,0.5,0,0,0.9333,15,14,0.5808,0.1,0.1429,0.8095,0.0714,0.3571,0.0,0.0,0.9333,0.0,0.0,0.0,0.9743,0.0,completed,,0.98,6.669028
133,13.1976,6.4379,0,4.0,0.6667,26,12480,70,150.0,1.5885,151.5885,1.0,1.7949,0.1538,0,0,0,0.0000,0.0,0.0000,0,0.7308,0.2692,0.7692,19,20,26,0.3971,0.3971,2.4621,0.2308,0.3333,0.3333,0.3333,0.6667,0,0,1.0,8,8,0.5537,0.1,0.1538,0.8077,0.0,0.3077,0.0,0.0,1.0,0.0,0.0,0.0,1.0986,0.0,outer_patrol_b,road_edge,0.98,6.775142
134,53.512,26.1034,1,6.0,1.0,46,22080,46,139.7143,2.2997,142.014,0.6571,1.5217,0.1304,1,0,1,0.0217,0.0,0.0217,0,0.7826,0.2174,0.8478,36,39,46,0.4599,0.4599,3.5646,0.1522,0.4286,0.2857,0.2857,0.5714,0,0,0.6667,18,12,0.5718,0.1,0.1522,0.7609,0.0435,0.3913,0.0,0.0,0.6667,0.0,0.0,0.0,1.079,0.0,completed,,0.98,7.673774
135,4.8848,2.3828,0,3.0,0.5,24,11520,70,150.0,0.8537,150.8537,1.0,1.4583,0.125,0,0,0,0.0000,0.0,0.0000,0,0.75,0.25,0.8333,18,20,24,0.2846,0.2846,1.3232,0.1667,0.25,0.5,0.25,0.75,0,0,0.8,5,4,0.5747,0.1,0.0833,0.75,0.0833,0.2083,0.0,0.0,0.8,0.0,0.0,0.0,1.0397,0.0,return_outer,obstacle,0.98,7.200647
136,-8.118,-3.96,0,1.0,0.1667,14,6720,70,150.0,0.0,150.0,1.0,0.8333,0.0714,1,0,1,0.0714,0.0,0.0714,0,0.8571,0.1429,0.9286,12,13,14,0.0,0.0,0.0,0.0714,0.0,1.0,0.0,1.0,0,0,0.5,2,1,0.5259,0.1,0.0714,0.4286,0.0714,0.1429,0.0,0.0,0.5,0.0,0.0,0.0,-0.0,0.0,enter_inner,obstacle,0.98,7.621042
137,67.2175,32.789,1,6.0,1.0,39,18720,39,136.7143,0.8523,137.5665,0.5571,1.7949,0.1538,0,0,0,0.0000,0.0,0.0000,0,0.8462,0.1538,0.8718,33,34,39,0.1705,0.1705,1.321,0.1282,0.2,0.4,0.4,0.8,0,0,0.7143,14,10,0.5639,0.1,0.0769,0.7949,0.0256,0.359,0.0,0.0,0.7143,0.0,0.0,0.0,1.0549,0.0,completed,,0.98,7.657845
138,-10.0,-9.76,0,0.0,0.0,2,960,70,150.0,0.0,150.0,1.0,0.0,0.0,1,0,1,0.5000,0.0,0.5000,0,1.0,0.0,1.0,2,2,2,0.0,0.0,0.0,0.0,0.0,0.0,0.0,0.0,0,0,0.0,0,0,0.5067,0.1,0.0,0.5,0.0,0.0,0.0,0.0,0.0,0.0,0.0,0.0,0.0,0.0,outer_patrol_a,road_edge,0.98,7.437323
139,25.1103,12.2489,0,5.0,0.8333,39,18720,70,150.0,1.2962,151.2962,1.0,1.4957,0.1282,1,0,1,0.0256,0.0,0.0256,0,0.7949,0.2051,0.8462,31,33,39,0.2592,0.2592,2.0091,0.1538,0.3333,0.5,0.1667,0.6667,0,0,0.8462,13,11,0.5581,0.1,0.0513,0.7692,0.0256,0.3333,0.0,0.0,0.8462,0.0,0.0,0.0,1.0114,0.0,final_park,wall,0.98,6.847194
140,50.4439,24.6068,1,6.0,1.0,46,22080,46,139.7143,3.7492,143.4635,0.6571,1.5217,0.1304,1,0,1,0.0217,0.0,0.0217,0,0.7391,0.2609,0.8261,34,38,46,0.7498,0.7498,5.8112,0.1739,0.625,0.0,0.375,0.375,0,0,0.7857,14,11,0.5634,0.1,0.1522,0.8043,0.0652,0.3043,0.0,0.0,0.7857,0.0,0.0,0.0,0.6616,0.0,completed,,0.98,6.755582
141,24.2674,11.8378,0,5.0,0.8333,39,18720,70,150.0,1.6131,151.6131,1.0,1.4957,0.1282,0,0,0,0.0000,0.0,0.0000,0,0.7949,0.2051,0.8462,31,33,39,0.3226,0.3226,2.5002,0.1538,0.3333,0.5,0.1667,0.6667,0,0,0.8462,13,11,0.5602,0.1,0.1026,0.7692,0.0513,0.3333,0.0,0.0,0.8462,0.0,0.0,0.0,1.0114,0.0,final_park,wall,0.98,7.25474
142,57.6783,28.1358,1,6.0,1.0,44,21120,44,138.8571,0.8221,139.6792,0.6286,1.5909,0.1364,1,0,1,0.0227,0.0,0.0227,0,0.7273,0.2727,0.8636,32,38,44,0.1644,0.1644,1.2742,0.1364,0.1667,0.5,0.3333,0.8333,0,0,0.7857,14,11,0.5375,0.1,0.0682,0.7955,0.0,0.3182,0.0,0.0,0.7857,0.0,0.0,0.0,1.0114,0.0,completed,,0.98,6.494005
143,15.1574,7.3938,0,5.0,0.8333,45,21600,70,150.0,0.862,150.862,1.0,1.2963,0.1111,0,0,0,0.0000,0.0,0.0000,0,0.7556,0.2444,0.8889,34,40,45,0.1724,0.1724,1.3362,0.1111,0.2,0.6,0.2,0.8,0,0,0.4545,11,5,0.5541,0.1,0.0889,0.6,0.0,0.2444,0.0,0.0,0.4545,0.0,0.0,0.0,0.9503,0.0,final_park,wall,0.98,6.357769
144,8.5649,4.178,0,3.0,0.5,23,11040,70,150.0,0.0,150.0,1.0,1.5217,0.1304,1,0,1,0.0435,0.0,0.0435,0,0.7826,0.2174,0.8696,18,20,23,0.0,0.0,0.0,0.1304,0.0,0.3333,0.6667,1.0,0,0,0.75,4,3,0.5612,0.1,0.0435,0.6957,0.0435,0.1739,0.0,0.0,0.75,0.0,0.0,0.0,0.6365,0.0,return_outer,obstacle,0.98,5.927489
145,-10.0,-5.6,0,1.0,0.1667,16,7680,70,150.0,0.0,150.0,1.0,0.7292,0.0625,1,0,1,0.0625,0.0,0.0625,0,0.8125,0.1875,0.9375,13,15,16,0.0,0.0,0.0,0.0625,0.0,1.0,0.0,1.0,0,0,0.6,5,3,0.5288,0.1,0.0625,0.8125,0.0625,0.3125,0.0,0.0,0.6,0.0,0.0,0.0,-0.0,0.0,enter_inner,obstacle,0.98,5.145091
146,54.1102,26.3952,1,6.0,1.0,46,22080,46,139.7143,0.8199,140.5341,0.6571,1.5217,0.1304,1,0,1,0.0217,0.0,0.0217,0,0.6957,0.3043,0.8696,32,40,46,0.164,0.164,1.2708,0.1304,0.1667,0.3333,0.5,0.8333,0,0,0.8571,7,6,0.5409,0.1,0.0435,0.6304,0.0217,0.1522,0.0,0.0,0.8571,0.0,0.0,0.0,1.0114,0.0,completed,,0.98,5.59046
147,6.027,2.94,0,2.0,0.3333,19,9120,70,150.0,0.0,150.0,1.0,1.2281,0.1053,0,0,0,0.0000,0.0,0.0000,0,0.7895,0.2105,0.8947,15,17,19,0.0,0.0,0.0,0.1053,0.0,0.0,1.0,1.0,0,0,0.8571,7,6,0.5461,0.1,0.1053,0.8947,0.0526,0.3684,0.0,0.0,0.8571,0.0,0.0,0.0,-0.0,0.0,inner_patrol,obstacle,0.98,5.917674
148,7.1983,3.5114,0,4.0,0.6667,42,20160,70,150.0,2.1888,152.1888,1.0,1.1111,0.0952,0,0,0,0.0000,0.0,0.0000,0,0.7619,0.2381,0.8333,32,35,42,0.5472,0.5472,3.3926,0.1667,0.4286,0.1429,0.4286,0.5714,0,0,0.4286,14,6,0.5986,0.1,0.2143,0.6667,0.0952,0.3333,0.0,0.0,0.4286,0.0,0.0,0.0,1.0042,0.0,outer_patrol_b,road_edge,0.98,7.574848
149,58.3957,28.4857,1,6.0,1.0,43,20640,43,138.4286,1.4673,139.8958,0.6143,1.6279,0.1395,0,0,0,0.0000,0.0,0.0000,0,0.7442,0.2558,0.8605,32,37,43,0.2935,0.2935,2.2743,0.1395,0.3333,0.3333,0.3333,0.6667,0,0,0.8182,11,9,0.5508,0.1,0.1395,0.7674,0.0233,0.2558,0.0,0.0,0.8182,0.0,0.0,0.0,1.0986,0.0,completed,,0.98,6.861483
150,-6.355,-3.1,0,1.0,0.1667,13,6240,70,150.0,0.0,150.0,1.0,0.8974,0.0769,0,0,0,0.0000,0.0,0.0000,0,0.9231,0.0769,0.9231,12,12,13,0.0,0.0,0.0,0.0769,0.0,1.0,0.0,1.0,0,0,0.5,2,1,0.5394,0.1,0.0769,0.5385,0.0769,0.1538,0.0,0.0,0.5,0.0,0.0,0.0,-0.0,0.0,enter_inner,obstacle,0.98,6.338945
151,-10.0,-5.68,0,1.0,0.1667,16,7680,70,150.0,0.0,150.0,1.0,0.7292,0.0625,0,0,0,0.0000,0.0,0.0000,0,0.75,0.25,0.9375,12,15,16,0.0,0.0,0.0,0.0625,0.0,1.0,0.0,1.0,0,0,0.5,2,1,0.4865,0.1,0.0625,0.5,0.0,0.125,0.0,0.0,0.5,0.0,0.0,0.0,-0.0,0.0,enter_inner,obstacle,0.98,6.182549
152,51.6486,25.1944,1,6.0,1.0,48,23040,48,140.5714,1.3236,141.895,0.6857,1.4583,0.125,1,0,1,0.0208,0.0,0.0208,0,0.7083,0.2917,0.8333,34,40,48,0.2647,0.2647,2.0516,0.1667,0.25,0.375,0.375,0.75,0,0,0.5,14,7,0.5778,0.1,0.1458,0.7292,0.0417,0.2917,0.0,0.0,0.5,0.0,0.0,0.0,1.0822,0.0,completed,,0.98,4.581226
153,-6.8907,-3.3613,0,2.0,0.3333,18,8640,70,150.0,1.4073,151.4073,1.0,1.2963,0.1111,1,0,1,0.0556,0.0,0.0556,0,0.6667,0.3333,0.8333,12,15,18,0.7037,0.7037,2.1813,0.1667,0.6667,0.3333,0.0,0.3333,0,0,1.0,4,4,0.5412,0.1,0.1667,0.6667,0.0556,0.2222,0.0,0.0,1.0,0.0,0.0,0.0,0.6365,0.0,inner_patrol,obstacle,0.98,5.664156
154,-2.255,-1.1,0,2.0,0.3333,17,8160,70,150.0,0.0,150.0,1.0,1.3725,0.1176,1,0,1,0.0588,0.0,0.0588,0,0.7059,0.2941,0.8824,12,15,17,0.0,0.0,0.0,0.1176,0.0,0.0,1.0,1.0,0,0,0.6667,3,2,0.5258,0.1,0.0588,0.6471,0.0588,0.1765,0.0,0.0,0.6667,0.0,0.0,0.0,-0.0,0.0,inner_patrol,obstacle,0.98,5.661773
155,64.2703,31.3513,1,6.0,1.0,40,19200,40,137.1429,1.2314,138.3742,0.5714,1.75,0.15,0,0,0,0.0000,0.0,0.0000,0,0.825,0.175,0.875,33,35,40,0.2463,0.2463,1.9087,0.125,0.4,0.6,0.0,0.6,0,0,1.0,8,8,0.5443,0.1,0.075,0.675,0.0,0.2,0.0,0.0,1.0,0.0,0.0,0.0,0.673,0.0,completed,,0.98,7.403319
156,15.169,7.3995,0,4.0,0.6667,25,12000,70,150.0,0.6635,150.6635,1.0,1.8667,0.16,1,0,1,0.0400,0.0,0.0400,0,0.8,0.2,0.84,20,21,25,0.1659,0.1659,1.0285,0.16,0.25,0.25,0.5,0.75,0,0,0.8889,9,8,0.5656,0.1,0.12,0.72,0.04,0.36,0.0,0.0,0.8889,0.0,0.0,0.0,1.0397,0.0,outer_patrol_b,road_edge,0.98,7.518611
157,-10.0,-10.38,0,0.0,0.0,1,480,70,150.0,0.0,150.0,1.0,0.0,0.0,0,0,0,0.0000,0.0,0.0000,0,1.0,0.0,1.0,1,1,1,0.0,0.0,0.0,0.0,0.0,0.0,0.0,0.0,0,0,0.0,0,0,0.476,0.1,0.0,1.0,0.0,0.0,0.0,0.0,0.0,0.0,0.0,0.0,0.0,0.0,outer_patrol_a,road_edge,0.98,7.744754
158,66.688,32.5307,1,6.0,1.0,38,18240,38,136.2857,2.1157,138.4014,0.5429,1.8421,0.1579,0,0,0,0.0000,0.0,0.0000,0,0.8421,0.1579,0.8421,32,32,38,0.4231,0.4231,3.2793,0.1579,0.5,0.3333,0.1667,0.5,0,0,0.9091,11,10,0.5466,0.1,0.1053,0.7105,0.0,0.2895,0.0,0.0,0.9091,0.0,0.0,0.0,1.0114,0.0,completed,,0.98,7.299507
159,69.3597,33.834,1,6.0,1.0,39,18720,39,136.7143,0.0,136.7143,0.5571,1.7949,0.1538,1,0,1,0.0256,0.0,0.0256,0,0.7436,0.2564,0.8462,29,33,39,0.0,0.0,0.0,0.1538,0.0,0.1667,0.8333,1.0,0,0,0.75,8,6,0.5444,0.1,0.0513,0.7949,0.0256,0.2051,0.0,0.0,0.75,0.0,0.0,0.0,0.4506,0.0,completed,,0.98,6.642989
160,50.1952,24.4855,1,6.0,1.0,47,22560,47,140.1429,1.5707,141.7135,0.6714,1.4894,0.1277,0,0,0,0.0000,0.0,0.0000,0,0.7021,0.2979,0.8723,33,41,47,0.3141,0.3141,2.4345,0.1277,0.3333,0.6667,0.0,0.6667,0,0,0.6154,13,8,0.5504,0.1,0.1064,0.6809,0.0213,0.2766,0.0,0.0,0.6154,0.0,0.0,0.0,0.6365,0.0,completed,,0.98,7.660921
161,-10.0,-7.52,0,0.0,0.0,8,3840,70,150.0,0.0,150.0,1.0,0.0,0.0,1,0,1,0.1250,0.0,0.1250,0,0.875,0.125,1.0,7,8,8,0.0,0.0,0.0,0.0,0.0,0.0,0.0,0.0,0,0,1.0,1,1,0.5039,0.1,0.0,0.375,0.0,0.125,0.0,0.0,1.0,0.0,0.0,0.0,0.0,0.0,outer_patrol_a,road_edge,0.98,7.966181
162,56.8039,27.7092,1,6.0,1.0,45,21600,45,139.2857,0.7489,140.0346,0.6429,1.5556,0.1333,0,0,0,0.0000,0.0,0.0000,0,0.7778,0.2222,0.8889,35,40,45,0.1498,0.1498,1.1608,0.1111,0.2,0.4,0.4,0.8,0,0,0.6667,15,10,0.5611,0.1,0.0889,0.8,0.0444,0.3333,0.0,0.0,0.6667,0.0,0.0,0.0,1.0549,0.0,completed,,0.98,7.632567
163,28.3117,13.8106,0,4.0,0.6667,37,17760,70,150.0,0.6048,150.6048,1.0,1.2613,0.1081,0,0,0,0.0000,0.0,0.0000,0,0.8108,0.1892,0.8378,30,31,37,0.1512,0.1512,0.9374,0.1622,0.1667,0.1667,0.6667,0.8333,0,0,0.8,10,8,0.5677,0.1,0.1351,0.7297,0.1081,0.2703,0.0,0.0,0.8,0.0,0.0,0.0,0.8676,0.0,outer_patrol_b,road_edge,0.98,7.303804
164,-3.6458,-1.7784,0,3.0,0.5,29,13920,70,150.0,0.7912,150.7912,1.0,1.2069,0.1034,1,0,1,0.0345,0.0,0.0345,0,0.6897,0.3103,0.8966,20,26,29,0.2637,0.2637,1.2264,0.1034,0.3333,0.3333,0.3333,0.6667,0,0,0.5556,9,5,0.5583,0.1,0.0345,0.7586,0.0345,0.3103,0.0,0.0,0.5556,0.0,0.0,0.0,1.0986,0.0,return_outer,obstacle,0.98,6.281792
165,28.454,13.88,0,5.0,0.8333,38,18240,70,150.0,0.6129,150.6129,1.0,1.5351,0.1316,1,0,1,0.0263,0.0,0.0263,0,0.8684,0.1316,0.8684,33,33,38,0.1226,0.1226,0.95,0.1316,0.2,0.2,0.6,0.8,0,0,0.7857,14,11,0.5607,0.1,0.1053,0.7632,0.0263,0.3684,0.0,0.0,0.7857,0.0,0.0,0.0,0.9503,0.0,final_park,wall,0.98,6.199946
166,0.806,0.3932,0,3.0,0.5,25,12000,70,150.0,1.6689,151.6689,1.0,1.4,0.12,1,0,1,0.0400,0.0,0.0400,0,0.76,0.24,0.84,19,21,25,0.5563,0.5563,2.5868,0.16,0.5,0.25,0.25,0.5,0,0,0.8889,9,8,0.5669,0.1,0.12,0.8,0.04,0.36,0.0,0.0,0.8889,0.0,0.0,0.0,1.0397,0.0,return_outer,obstacle,0.98,6.376329
167,29.315,14.3,0,5.0,0.8333,38,18240,70,150.0,0.0,150.0,1.0,1.5351,0.1316,1,0,1,0.0263,0.0,0.0263,0,0.7895,0.2105,0.8684,30,33,38,0.0,0.0,0.0,0.1316,0.0,0.4,0.6,1.0,0,0,0.75,8,6,0.5357,0.1,0.0789,0.6316,0.0,0.2105,0.0,0.0,0.75,0.0,0.0,0.0,0.673,0.0,final_park,wall,0.98,7.578882
168,49.7386,24.2627,1,6.0,1.0,46,22080,46,139.7143,3.566,143.2803,0.6571,1.5217,0.1304,1,0,1,0.0217,0.0,0.0217,0,0.8043,0.1957,0.8478,37,39,46,0.7132,0.7132,5.5273,0.1522,0.7143,0.1429,0.1429,0.2857,0,0,0.7692,13,10,0.5537,0.1,0.087,0.7609,0.0435,0.2826,0.0,0.0,0.7692,0.0,0.0,0.0,0.7963,0.0,completed,,0.98,7.187967
169,-9.881,-4.82,0,1.0,0.1667,15,7200,70,150.0,0.0,150.0,1.0,0.7778,0.0667,1,0,1,0.0667,0.0,0.0667,0,0.8,0.2,0.9333,12,14,15,0.0,0.0,0.0,0.0667,0.0,1.0,0.0,1.0,0,0,0.5,4,2,0.5366,0.1,0.0667,0.6,0.0667,0.2667,0.0,0.0,0.5,0.0,0.0,0.0,-0.0,0.0,enter_inner,obstacle,0.98,6.935917
170,11.3626,5.5427,0,5.0,0.8333,45,21600,70,150.0,3.1324,153.1324,1.0,1.2963,0.1111,0,0,0,0.0000,0.0,0.0000,0,0.7111,0.2889,0.8,32,36,45,0.6265,0.6265,4.8553,0.2,0.4444,0.2222,0.3333,0.5556,0,0,0.6,10,6,0.5639,0.1,0.1111,0.7333,0.0889,0.2222,0.0,0.0,0.6,0.0,0.0,0.0,1.0609,0.0,final_park,wall,0.98,6.165505
171,-10.0,-5.2,0,0.0,0.0,14,6720,70,150.0,0.0,150.0,1.0,0.0,0.0,0,0,0,0.0000,0.0,0.0000,0,0.9286,0.0714,1.0,13,14,14,0.0,0.0,0.0,0.0,0.0,0.0,0.0,0.0,0,0,0.0,1,0,0.4883,0.1,0.0,0.6429,0.0,0.0714,0.0,0.0,0.0,0.0,0.0,0.0,0.0,0.0,outer_patrol_a,road_edge,0.98,7.282602
172,-10.0,-4.8948,0,3.0,0.5,33,15840,70,150.0,2.0986,152.0986,1.0,1.0606,0.0909,1,0,1,0.0303,0.0,0.0303,0,0.7576,0.2424,0.8485,25,28,33,0.6995,0.6995,3.2528,0.1212,0.75,0.0,0.25,0.25,0,0,0.5,16,8,0.6533,0.1,0.2727,0.8788,0.2424,0.4848,0.0,0.0,0.5,0.0,0.0,0.0,0.5623,0.0,return_outer,red_light,0.98,7.247794
173,52.3091,25.5166,1,6.0,1.0,44,21120,44,138.8571,3.6538,142.5109,0.6286,1.5909,0.1364,0,0,0,0.0000,0.0,0.0000,0,0.7045,0.2955,0.8182,31,36,44,0.7308,0.7308,5.6634,0.1818,0.625,0.25,0.125,0.375,0,0,0.9231,13,12,0.5635,0.1,0.1136,0.8409,0.0682,0.2955,0.0,0.0,0.9231,0.0,0.0,0.0,0.9003,0.0,completed,,0.98,7.989479
174,-3.6868,-1.7985,0,2.0,0.3333,26,12480,70,150.0,2.4764,152.4764,1.0,0.8974,0.0769,1,0,1,0.0385,0.0,0.0385,0,0.8462,0.1538,0.8462,22,22,26,1.2382,1.2382,3.8385,0.1538,1.0,0.0,0.0,0.0,0,0,0.7778,9,7,0.5783,0.1,0.1154,0.8462,0.0769,0.3462,0.0,0.0,0.7778,0.0,0.0,0.0,-0.0,0.0,inner_patrol,obstacle,0.98,6.659252
175,54.1505,26.4149,1,6.0,1.0,47,22560,47,140.1429,1.4201,141.5629,0.6714,1.4894,0.1277,0,0,0,0.0000,0.0,0.0000,0,0.7447,0.2553,0.8511,35,40,47,0.284,0.284,2.2011,0.1489,0.2857,0.2857,0.4286,0.7143,0,0,0.7,10,7,0.5435,0.1,0.0638,0.7234,0.0213,0.2128,0.0,0.0,0.7,0.0,0.0,0.0,1.079,0.0,completed,,0.98,7.898275
176,28.1178,13.716,0,5.0,0.8333,39,18720,70,150.0,0.0,150.0,1.0,1.4957,0.1282,1,0,1,0.0256,0.0,0.0256,0,0.7692,0.2308,0.8718,30,34,39,0.0,0.0,0.0,0.1282,0.0,0.4,0.6,1.0,0,0,0.7857,14,11,0.5599,0.1,0.1026,0.8205,0.0513,0.359,0.0,0.0,0.7857,0.0,0.0,0.0,0.673,0.0,final_park,wall,0.98,9.013143
177,56.3019,27.4643,1,6.0,1.0,44,21120,44,138.8571,1.6462,140.5034,0.6286,1.5909,0.1364,0,0,0,0.0000,0.0,0.0000,0,0.7045,0.2955,0.8409,31,37,44,0.3292,0.3292,2.5517,0.1591,0.2857,0.4286,0.2857,0.7143,0,0,0.7273,11,8,0.5562,0.1,0.0909,0.7727,0.0227,0.25,0.0,0.0,0.7273,0.0,0.0,0.0,1.079,0.0,completed,,0.98,9.28302
178,2.5831,1.26,0,3.0,0.5,26,12480,70,150.0,0.6103,150.6103,1.0,1.3462,0.1154,1,0,1,0.0385,0.0,0.0385,0,0.8077,0.1923,0.8462,21,22,26,0.2034,0.2034,0.946,0.1538,0.25,0.25,0.5,0.75,0,0,0.6667,9,6,0.566,0.1,0.1154,0.8846,0.0385,0.3462,0.0,0.0,0.6667,0.0,0.0,0.0,1.0397,0.0,return_outer,obstacle,0.98,8.203462
179,-10.0,-7.853,0,2.0,0.3333,22,10560,70,150.0,2.4535,152.4535,1.0,1.0606,0.0909,1,0,1,0.0455,0.0,0.0455,0,0.6364,0.3636,0.8182,14,18,22,1.2268,1.2268,3.803,0.1818,0.75,0.25,0.0,0.25,0,0,0.4,5,2,0.5346,0.1,0.0909,0.7727,0.0,0.2273,0.0,0.0,0.4,0.0,0.0,0.0,0.5623,0.0,inner_patrol,obstacle,0.98,6.154668
180,49.5785,24.1846,1,6.0,1.0,48,23040,48,140.5714,2.8422,143.4136,0.6857,1.4583,0.125,1,0,1,0.0208,0.0,0.0208,0,0.7292,0.2708,0.7917,35,38,48,0.5684,0.5684,4.4054,0.1875,0.4444,0.2222,0.3333,0.5556,0,0,0.6,15,9,0.5926,0.1,0.2083,0.8958,0.1042,0.3125,0.0,0.0,0.6,0.0,0.0,0.0,1.0609,0.0,completed,,0.98,7.040601
181,11.2943,5.5094,0,5.0,0.8333,47,22560,70,150.0,2.0649,152.0649,1.0,1.2411,0.1064,1,0,1,0.0213,0.0,0.0213,0,0.7872,0.2128,0.8511,37,40,47,0.413,0.413,3.2006,0.1489,0.4286,0.2857,0.2857,0.5714,0,0,0.5455,22,12,0.5848,0.1,0.2128,0.8085,0.0638,0.4681,0.0,0.0,0.5455,0.0,0.0,0.0,1.079,0.0,final_park,wall,0.98,8.171111
182,-0.0821,-0.04,0,3.0,0.5,27,12960,70,150.0,1.5587,151.5587,1.0,1.2963,0.1111,1,0,1,0.0370,0.0,0.0370,0,0.7778,0.2222,0.8148,21,22,27,0.5196,0.5196,2.416,0.1852,0.4,0.4,0.2,0.6,0,0,0.6923,13,9,0.6127,0.1,0.2222,0.8519,0.1481,0.4815,0.0,0.0,0.6923,0.0,0.0,0.0,1.0549,0.0,return_outer,obstacle,0.98,8.317201
183,-10.0,-6.752,0,1.0,0.1667,18,8640,70,150.0,0.0,150.0,1.0,0.6481,0.0556,1,0,1,0.0556,0.0,0.0556,0,0.8333,0.1667,0.8889,15,16,18,0.0,0.0,0.0,0.1111,0.0,0.0,1.0,1.0,0,0,0.1667,6,1,0.5207,0.1,0.1111,0.6111,0.0556,0.3333,0.0,0.0,0.1667,0.0,0.0,0.0,-0.0,0.0,enter_inner,obstacle,0.98,8.648444
184,7.256,3.5395,0,4.0,0.6667,34,16320,70,150.0,2.381,152.381,1.0,1.3725,0.1176,0,0,0,0.0000,0.0,0.0000,0,0.7353,0.2647,0.8529,25,29,34,0.5952,0.5952,3.6905,0.1471,0.6,0.4,0.0,0.4,0,0,0.875,8,7,0.5413,0.1,0.0588,0.7059,0.0,0.2353,0.0,0.0,0.875,0.0,0.0,0.0,0.673,0.0,outer_patrol_b,road_edge,0.98,7.8826
185,58.3917,28.4838,1,6.0,1.0,42,20160,42,138.0,2.3266,140.3266,0.6,1.6667,0.1429,1,0,1,0.0238,0.0,0.0238,0,0.8095,0.1905,0.8571,34,36,42,0.4653,0.4653,3.6062,0.1667,0.4286,0.4286,0.1429,0.5714,0,0,0.8,10,8,0.5672,0.1,0.119,0.7143,0.0238,0.2381,0.0,0.0,0.8,0.0,0.0,0.0,1.0042,0.0,completed,,0.98,7.46857
186,-5.9112,-2.8835,0,2.0,0.3333,19,9120,70,150.0,1.7158,151.7158,1.0,1.2281,0.1053,0,0,0,0.0000,0.0,0.0000,0,0.7368,0.2632,0.7895,14,15,19,0.8579,0.8579,2.6595,0.2105,0.5,0.25,0.25,0.5,0,0,0.8,5,4,0.5433,0.1,0.1579,0.6842,0.0,0.2632,0.0,0.0,0.8,0.0,0.0,0.0,1.0397,0.0,inner_patrol,obstacle,0.98,7.650855
187,59.6227,29.0843,1,6.0,1.0,43,20640,43,138.4286,1.3056,139.7342,0.6143,1.6279,0.1395,1,0,1,0.0233,0.0,0.0233,0,0.7674,0.2326,0.8837,33,38,43,0.2611,0.2611,2.0237,0.1395,0.3333,0.5,0.1667,0.6667,0,0,0.7778,9,7,0.5477,0.1,0.093,0.6047,0.0465,0.2093,0.0,0.0,0.7778,0.0,0.0,0.0,1.0114,0.0,completed,,0.98,7.511104
188,18.3523,8.9523,0,4.0,0.6667,36,17280,70,150.0,1.3714,151.3714,1.0,1.2963,0.1111,1,0,1,0.0278,0.0,0.0278,0,0.75,0.25,0.8611,27,31,36,0.3428,0.3428,2.1257,0.1389,0.4,0.4,0.2,0.6,0,0,1.0,10,10,0.5486,0.1,0.0833,0.7778,0.0278,0.2778,0.0,0.0,1.0,0.0,0.0,0.0,1.0549,0.0,outer_patrol_b,road_edge,0.98,8.151532
189,62.9662,30.7152,1,6.0,1.0,42,20160,42,138.0,0.6276,138.6276,0.6,1.6667,0.1429,0,0,0,0.0000,0.0,0.0000,0,0.8095,0.1905,0.8571,34,36,42,0.1255,0.1255,0.9728,0.1429,0.1667,0.1667,0.6667,0.8333,0,0,0.8125,16,13,0.5627,0.1,0.1429,0.6905,0.0238,0.381,0.0,0.0,0.8125,0.0,0.0,0.0,0.8676,0.0,completed,,0.98,6.614528
190,21.6081,10.5406,0,4.0,0.6667,34,16320,70,150.0,1.5222,151.5222,1.0,1.3725,0.1176,1,0,1,0.0294,0.0,0.0294,0,0.8235,0.1765,0.8529,28,29,34,0.3806,0.3806,2.3594,0.1471,0.4,0.2,0.4,0.6,0,0,0.9,10,9,0.5529,0.1,0.0588,0.7353,0.0,0.2941,0.0,0.0,0.9,0.0,0.0,0.0,1.0549,0.0,outer_patrol_b,road_edge,0.98,6.981201
191,-1.3981,-0.682,0,2.0,0.3333,17,8160,70,150.0,0.0,150.0,1.0,1.3725,0.1176,1,0,1,0.0588,0.0,0.0588,0,0.8235,0.1765,0.8824,14,15,17,0.0,0.0,0.0,0.1176,0.0,0.5,0.5,1.0,0,0,0.5,6,3,0.5144,0.1,0.0,0.7059,0.0,0.3529,0.0,0.0,0.5,0.0,0.0,0.0,0.6931,0.0,inner_patrol,obstacle,0.98,7.026917
192,12.7354,6.2124,0,4.0,0.6667,26,12480,70,150.0,0.6178,150.6178,1.0,1.7949,0.1538,0,0,0,0.0000,0.0,0.0000,0,0.7692,0.2308,0.8077,20,21,26,0.1545,0.1545,0.9576,0.1923,0.2,0.4,0.4,0.8,0,0,0.5556,9,5,0.567,0.1,0.0769,0.8846,0.0385,0.3462,0.0,0.0,0.5556,0.0,0.0,0.0,1.0549,0.0,outer_patrol_b,road_edge,0.98,7.028647
193,71.2498,34.756,1,6.0,1.0,38,18240,38,136.2857,0.0,136.2857,0.5429,1.8421,0.1579,0,0,0,0.0000,0.0,0.0000,0,0.7895,0.2105,0.8421,30,32,38,0.0,0.0,0.0,0.1579,0.0,0.3333,0.6667,1.0,0,0,0.9091,11,10,0.547,0.1,0.1053,0.7105,0.0263,0.2895,0.0,0.0,0.9091,0.0,0.0,0.0,0.6365,0.0,completed,,0.98,7.088428
194,52.153,25.4405,1,6.0,1.0,45,21600,45,139.2857,3.0565,142.3422,0.6429,1.5556,0.1333,1,0,1,0.0222,0.0,0.0222,0,0.6889,0.3111,0.8,31,36,45,0.6113,0.6113,4.7375,0.1778,0.5,0.25,0.25,0.5,0,0,0.7143,14,10,0.5576,0.1,0.1111,0.7778,0.0222,0.3111,0.0,0.0,0.7143,0.0,0.0,0.0,1.0397,0.0,completed,,0.98,8.216794
195,-1.3083,-0.6382,0,3.0,0.5,27,12960,70,150.0,1.5834,151.5834,1.0,1.2963,0.1111,1,0,1,0.0370,0.0,0.0370,0,0.7407,0.2593,0.8148,20,22,27,0.5278,0.5278,2.4542,0.1852,0.4,0.0,0.6,0.6,0,0,0.6667,6,4,0.5596,0.1,0.1481,0.6667,0.0741,0.2222,0.0,0.0,0.6667,0.0,0.0,0.0,0.673,0.0,return_outer,obstacle,0.98,7.500898
196,4.0471,1.9742,0,3.0,0.5,24,11520,70,150.0,1.4205,151.4205,1.0,1.4583,0.125,1,0,1,0.0417,0.0,0.0417,0,0.75,0.25,0.7917,18,19,24,0.4735,0.4735,2.2018,0.2083,0.4,0.2,0.4,0.6,0,0,0.6667,6,4,0.5898,0.1,0.125,0.7083,0.0833,0.25,0.0,0.0,0.6667,0.0,0.0,0.0,1.0549,0.0,return_outer,obstacle,0.98,8.368597
197,14.0352,6.8464,0,5.0,0.8333,45,21600,70,150.0,2.1158,152.1158,1.0,1.2963,0.1111,1,0,1,0.0222,0.0,0.0222,0,0.6444,0.3556,0.8,29,36,45,0.4232,0.4232,3.2796,0.2,0.3333,0.2222,0.4444,0.6667,0,0,0.75,16,12,0.5794,0.1,0.1111,0.7778,0.0889,0.3556,0.0,0.0,0.75,0.0,0.0,0.0,1.0609,0.0,final_park,wall,0.98,7.703606
198,-9.2251,-4.5001,0,2.0,0.3333,21,10080,70,150.0,0.7407,150.7407,1.0,1.1111,0.0952,1,0,1,0.0476,0.0,0.0476,0,0.7619,0.2381,0.8571,16,18,21,0.3703,0.3703,1.1481,0.1429,0.3333,0.3333,0.3333,0.6667,0,0,0.25,4,1,0.5498,0.1,0.0952,0.619,0.0476,0.1905,0.0,0.0,0.25,0.0,0.0,0.0,1.0986,0.0,inner_patrol,obstacle,0.98,8.157867
199,-8.282,-4.04,0,1.0,0.1667,14,6720,70,150.0,0.0,150.0,1.0,0.8333,0.0714,0,0,0,0.0000,0.0,0.0000,0,0.7857,0.2143,0.9286,11,13,14,0.0,0.0,0.0,0.0714,0.0,1.0,0.0,1.0,0,0,0.6667,3,2,0.5086,0.1,0.0714,0.5714,0.0,0.2143,0.0,0.0,0.6667,0.0,0.0,0.0,-0.0,0.0,enter_inner,obstacle,0.98,8.34427
200,-2.501,-1.22,0,2.0,0.3333,17,8160,70,150.0,0.0,150.0,1.0,1.3725,0.1176,1,0,1,0.0588,0.0,0.0588,0,0.7059,0.2941,0.8824,12,15,17,0.0,0.0,0.0,0.1176,0.0,1.0,0.0,1.0,0,0,0.8,5,4,0.5332,0.1,0.0588,0.7059,0.0588,0.2941,0.0,0.0,0.8,0.0,0.0,0.0,-0.0,0.0,inner_patrol,obstacle,0.98,7.434866
201,7.2904,3.5563,0,3.0,0.5,23,11040,70,150.0,0.7172,150.7172,1.0,1.5217,0.1304,0,0,0,0.0000,0.0,0.0000,0,0.7826,0.2174,0.8261,18,19,23,0.2391,0.2391,1.1117,0.1739,0.25,0.25,0.5,0.75,0,0,0.8333,6,5,0.5559,0.1,0.087,0.8261,0.0435,0.2609,0.0,0.0,0.8333,0.0,0.0,0.0,1.0397,0.0,return_outer,obstacle,0.98,7.690071
202,-10.0,-7.0782,0,1.0,0.1667,17,8160,70,150.0,0.715,150.715,1.0,0.6863,0.0588,1,0,1,0.0588,0.0,0.0588,0,0.8235,0.1765,0.8824,14,15,17,0.715,0.715,1.1082,0.1176,0.5,0.5,0.0,0.5,0,0,0.6,5,3,0.5593,0.1,0.1176,0.6471,0.0588,0.2941,0.0,0.0,0.6,0.0,0.0,0.0,0.6931,0.0,enter_inner,obstacle,0.98,7.382106
203,68.2932,33.3137,1,6.0,1.0,38,18240,38,136.2857,0.8363,137.122,0.5429,1.8421,0.1579,1,0,1,0.0263,0.0,0.0263,0,0.8421,0.1579,0.8684,32,33,38,0.1673,0.1673,1.2963,0.1316,0.2,0.4,0.4,0.8,0,0,0.8,10,8,0.5545,0.1,0.0526,0.8158,0.0263,0.2632,0.0,0.0,0.8,0.0,0.0,0.0,1.0549,0.0,completed,,0.98,7.385628
204,60.022,29.279,1,6.0,1.0,43,20640,43,138.4286,0.8303,139.2589,0.6143,1.6279,0.1395,0,0,0,0.0000,0.0,0.0000,0,0.7674,0.2326,0.8837,33,38,43,0.1661,0.1661,1.287,0.1163,0.2,0.2,0.6,0.8,0,0,0.9091,11,10,0.5566,0.1,0.0698,0.7674,0.0465,0.2558,0.0,0.0,0.9091,0.0,0.0,0.0,0.9503,0.0,completed,,0.98,6.626775
205,9.9199,4.839,0,5.0,0.8333,47,22560,70,150.0,2.1426,152.1426,1.0,1.2411,0.1064,1,0,1,0.0213,0.0,0.0213,0,0.7447,0.2553,0.8723,35,41,47,0.4285,0.4285,3.321,0.1277,0.5,0.1667,0.3333,0.5,0,0,0.6667,9,6,0.5433,0.1,0.0638,0.6809,0.0,0.1915,0.0,0.0,0.6667,0.0,0.0,0.0,1.0114,0.0,final_park,wall,0.98,8.736458
206,-10.0,-7.88,0,1.0,0.1667,19,9120,70,150.0,0.0,150.0,1.0,0.614,0.0526,0,0,0,0.0000,0.0,0.0000,0,0.8421,0.1579,0.9474,16,18,19,0.0,0.0,0.0,0.0526,0.0,0.0,1.0,1.0,0,0,0.4444,9,4,0.5299,0.1,0.0526,0.7368,0.0,0.4737,0.0,0.0,0.4444,0.0,0.0,0.0,-0.0,0.0,enter_inner,obstacle,0.98,8.942196
207,-10.0,-5.82,0,0.0,0.0,13,6240,70,150.0,0.0,150.0,1.0,0.0,0.0,0,0,0,0.0000,0.0,0.0000,0,0.9231,0.0769,1.0,12,13,13,0.0,0.0,0.0,0.0,0.0,0.0,0.0,0.0,0,0,0.0,1,0,0.5112,0.1,0.0,0.5385,0.0,0.0769,0.0,0.0,0.0,0.0,0.0,0.0,0.0,0.0,outer_patrol_a,road_edge,0.98,8.67795
208,-9.758,-4.76,0,1.0,0.1667,15,7200,70,150.0,0.0,150.0,1.0,0.7778,0.0667,1,0,1,0.0667,0.0,0.0667,0,0.8,0.2,0.9333,12,14,15,0.0,0.0,0.0,0.0667,0.0,0.0,1.0,1.0,0,0,0.5,2,1,0.5136,0.1,0.0667,0.6667,0.0,0.1333,0.0,0.0,0.5,0.0,0.0,0.0,-0.0,0.0,enter_inner,obstacle,0.98,8.358597
209,17.5334,8.5529,0,4.0,0.6667,41,19680,70,150.0,0.7685,150.7685,1.0,1.1382,0.0976,1,0,1,0.0244,0.0,0.0244,0,0.7073,0.2927,0.878,29,36,41,0.1921,0.1921,1.1911,0.1463,0.1667,0.1667,0.6667,0.8333,0,0,0.7143,7,5,0.5352,0.1,0.0732,0.8049,0.0244,0.1707,0.0,0.0,0.7143,0.0,0.0,0.0,0.8676,0.0,outer_patrol_b,road_edge,0.98,7.711277
210,-10.0,-4.9,0,1.0,0.1667,15,7200,70,150.0,0.0,150.0,1.0,0.7778,0.0667,1,0,1,0.0667,0.0,0.0667,0,0.7333,0.2667,0.9333,11,14,15,0.0,0.0,0.0,0.0667,0.0,1.0,0.0,1.0,0,0,0.75,4,3,0.5187,0.1,0.0667,0.8667,0.0,0.2667,0.0,0.0,0.75,0.0,0.0,0.0,-0.0,0.0,enter_inner,obstacle,0.98,7.784732
211,-10.0,-6.4226,0,1.0,0.1667,16,7680,70,150.0,0.7952,150.7952,1.0,0.7292,0.0625,1,0,1,0.0625,0.0,0.0625,0,0.8125,0.1875,0.875,13,14,16,0.7952,0.7952,1.2326,0.125,0.5,0.5,0.0,0.5,0,0,0.5,4,2,0.537,0.1,0.0625,0.5625,0.0625,0.25,0.0,0.0,0.5,0.0,0.0,0.0,0.6931,0.0,enter_inner,obstacle,0.98,7.26584
212,8.3246,4.0608,0,4.0,0.6667,28,13440,70,150.0,1.4692,151.4692,1.0,1.6667,0.1429,0,0,0,0.0000,0.0,0.0000,0,0.7143,0.2857,0.8214,20,23,28,0.3673,0.3673,2.2772,0.1786,0.4,0.2,0.4,0.6,0,0,0.6667,6,4,0.5481,0.1,0.1071,0.8214,0.0,0.2143,0.0,0.0,0.6667,0.0,0.0,0.0,1.0549,0.0,outer_patrol_b,road_edge,0.98,9.702265
213,-10.0,-5.68,0,1.0,0.1667,16,7680,70,150.0,0.0,150.0,1.0,0.7292,0.0625,1,0,1,0.0625,0.0,0.0625,0,0.75,0.25,0.9375,12,15,16,0.0,0.0,0.0,0.0625,0.0,1.0,0.0,1.0,0,0,0.75,4,3,0.5311,0.1,0.0625,0.6875,0.0625,0.25,0.0,0.0,0.75,0.0,0.0,0.0,-0.0,0.0,enter_inner,obstacle,0.98,9.206926
214,-10.0,-8.08,0,0.0,0.0,12,5760,70,150.0,0.0,150.0,1.0,0.0,0.0,0,0,0,0.0000,0.0,0.0000,0,0.6667,0.3333,1.0,8,12,12,0.0,0.0,0.0,0.0,0.0,0.0,0.0,0.0,0,0,0.0,1,0,0.5001,0.1,0.0,0.8333,0.0,0.0833,0.0,0.0,0.0,0.0,0.0,0.0,0.0,0.0,outer_patrol_a,road_edge,0.98,8.446698
215,1.148,0.56,0,2.0,0.3333,15,7200,70,150.0,0.0,150.0,1.0,1.5556,0.1333,0,0,0,0.0000,0.0,0.0000,0,0.8,0.2,0.8667,12,13,15,0.0,0.0,0.0,0.1333,0.0,0.5,0.5,1.0,0,0,0.6667,3,2,0.5234,0.1,0.0667,0.6667,0.0,0.2,0.0,0.0,0.6667,0.0,0.0,0.0,0.6931,0.0,inner_patrol,obstacle,0.98,8.456942
216,-8.118,-3.96,0,1.0,0.1667,14,6720,70,150.0,0.0,150.0,1.0,0.8333,0.0714,1,0,1,0.0714,0.0,0.0714,0,0.8571,0.1429,0.9286,12,13,14,0.0,0.0,0.0,0.0714,0.0,1.0,0.0,1.0,0,0,0.0,1,0,0.5102,0.1,0.0714,0.6429,0.0,0.0714,0.0,0.0,0.0,0.0,0.0,0.0,-0.0,0.0,enter_inner,obstacle,0.98,8.542247
217,1.0898,0.5316,0,3.0,0.5,25,12000,70,150.0,1.6828,151.6828,1.0,1.4,0.12,0,0,0,0.0000,0.0,0.0000,0,0.76,0.24,0.84,19,21,25,0.5609,0.5609,2.6084,0.16,0.5,0.25,0.25,0.5,0,0,0.8,5,4,0.5529,0.1,0.04,0.72,0.0,0.2,0.0,0.0,0.8,0.0,0.0,0.0,1.0397,0.0,return_outer,obstacle,0.98,8.404519
218,63.7505,31.0978,1,6.0,1.0,42,20160,42,138.0,1.5008,139.5008,0.6,1.6667,0.1429,0,0,0,0.0000,0.0,0.0000,0,0.8095,0.1905,0.8333,34,35,42,0.3002,0.3002,2.3262,0.1667,0.2857,0.0,0.7143,0.7143,0,0,0.6923,13,9,0.5706,0.1,0.2143,0.7381,0.0476,0.3095,0.0,0.0,0.6923,0.0,0.0,0.0,0.5983,0.0,completed,,0.98,10.211966
219,-10.0,-5.52,0,1.0,0.1667,16,7680,70,150.0,0.0,150.0,1.0,0.7292,0.0625,0,0,0,0.0000,0.0,0.0000,0,0.875,0.125,0.9375,14,15,16,0.0,0.0,0.0,0.0625,0.0,1.0,0.0,1.0,0,0,0.0,3,0,0.5273,0.1,0.0625,0.625,0.0625,0.1875,0.0,0.0,0.0,0.0,0.0,0.0,-0.0,0.0,enter_inner,obstacle,0.98,10.904887
220,61.1884,29.848,1,6.0,1.0,44,21120,44,138.8571,0.0,138.8571,0.6286,1.5909,0.1364,0,0,0,0.0000,0.0,0.0000,0,0.7727,0.2273,0.8864,34,39,44,0.0,0.0,0.0,0.1136,0.0,0.4,0.6,1.0,0,0,0.5556,9,5,0.5406,0.1,0.0455,0.75,0.0,0.2045,0.0,0.0,0.5556,0.0,0.0,0.0,0.673,0.0,completed,,0.98,11.394145
221,-10.0,-5.6,0,1.0,0.1667,16,7680,70,150.0,0.0,150.0,1.0,0.7292,0.0625,0,0,0,0.0000,0.0,0.0000,0,0.8125,0.1875,0.9375,13,15,16,0.0,0.0,0.0,0.0625,0.0,1.0,0.0,1.0,0,0,0.6667,3,2,0.5176,0.1,0.0625,0.5625,0.0,0.1875,0.0,0.0,0.6667,0.0,0.0,0.0,-0.0,0.0,enter_inner,obstacle,0.98,10.322902
222,12.0509,5.8785,0,4.0,0.6667,35,16800,70,150.0,2.1752,152.1752,1.0,1.3333,0.1143,1,0,1,0.0286,0.0,0.0286,0,0.7143,0.2857,0.8,25,28,35,0.5438,0.5438,3.3715,0.2,0.4286,0.2857,0.2857,0.5714,0,0,0.7273,11,8,0.5852,0.1,0.1714,0.6571,0.1143,0.3143,0.0,0.0,0.7273,0.0,0.0,0.0,1.079,0.0,outer_patrol_b,road_edge,0.98,10.745368
223,53.0157,25.8613,1,6.0,1.0,46,22080,46,139.7143,2.0572,141.7715,0.6571,1.5217,0.1304,0,0,0,0.0000,0.0,0.0000,0,0.7826,0.2174,0.8478,36,39,46,0.4114,0.4114,3.1887,0.1522,0.4286,0.4286,0.1429,0.5714,0,0,0.5625,16,9,0.5784,0.1,0.2391,0.8261,0.0652,0.3478,0.0,0.0,0.5625,0.0,0.0,0.0,1.0042,0.0,completed,,0.98,10.904145
224,-10.0,-5.6,0,1.0,0.1667,16,7680,70,150.0,0.0,150.0,1.0,0.7292,0.0625,1,0,1,0.0625,0.0,0.0625,0,0.8125,0.1875,0.9375,13,15,16,0.0,0.0,0.0,0.0625,0.0,1.0,0.0,1.0,0,0,0.6667,6,4,0.5414,0.1,0.0625,0.875,0.0625,0.375,0.0,0.0,0.6667,0.0,0.0,0.0,-0.0,0.0,enter_inner,obstacle,0.98,11.984586
225,-10.0,-6.04,0,0.0,0.0,8,3840,70,150.0,0.0,150.0,1.0,0.0,0.0,0,0,0,0.0000,0.0,0.0000,0,1.0,0.0,1.0,8,8,8,0.0,0.0,0.0,0.0,0.0,0.0,0.0,0.0,0,0,0.0,0,0,0.4834,0.1,0.0,0.625,0.0,0.0,0.0,0.0,0.0,0.0,0.0,0.0,0.0,0.0,outer_patrol_a,road_edge,0.98,12.007617
226,58.5719,28.5716,1,6.0,1.0,43,20640,43,138.4286,1.4376,139.8662,0.6143,1.6279,0.1395,1,0,1,0.0233,0.0,0.0233,0,0.7674,0.2326,0.8837,33,38,43,0.2875,0.2875,2.2284,0.1163,0.4,0.2,0.4,0.6,0,0,0.7143,7,5,0.5306,0.1,0.0233,0.6744,0.0,0.1628,0.0,0.0,0.7143,0.0,0.0,0.0,1.0549,0.0,completed,,0.98,9.393291
227,10.4078,5.077,0,4.0,0.6667,30,14400,70,150.0,2.3542,152.3542,1.0,1.5556,0.1333,1,0,1,0.0333,0.0,0.0333,0,0.8,0.2,0.8,24,24,30,0.5886,0.5886,3.649,0.2,0.5,0.0,0.5,0.5,0,0,0.8,10,8,0.5607,0.1,0.0667,0.8,0.0333,0.3333,0.0,0.0,0.8,0.0,0.0,0.0,0.6931,0.0,outer_patrol_b,road_edge,0.98,7.082477
228,-10.0,-5.74,0,0.0,0.0,13,6240,70,150.0,0.0,150.0,1.0,0.0,0.0,1,0,1,0.0769,0.0,0.0769,0,1.0,0.0,1.0,13,13,13,0.0,0.0,0.0,0.0,0.0,0.0,0.0,0.0,0,0,0.6,5,3,0.5198,0.1,0.0,0.8462,0.0,0.3846,0.0,0.0,0.6,0.0,0.0,0.0,0.0,0.0,outer_patrol_a,road_edge,0.98,6.804784
229,-10.0,-5.74,0,0.0,0.0,13,6240,70,150.0,0.0,150.0,1.0,0.0,0.0,0,0,0,0.0000,0.0,0.0000,0,1.0,0.0,1.0,13,13,13,0.0,0.0,0.0,0.0,0.0,0.0,0.0,0.0,0,0,0.5,4,2,0.5051,0.1,0.0,0.7692,0.0,0.3077,0.0,0.0,0.5,0.0,0.0,0.0,0.0,0.0,outer_patrol_a,road_edge,0.98,5.49331
230,13.0381,6.3601,0,4.0,0.6667,26,12480,70,150.0,0.7535,150.7535,1.0,1.7949,0.1538,1,0,1,0.0385,0.0,0.0385,0,0.6923,0.3077,0.7692,18,20,26,0.1884,0.1884,1.1679,0.2308,0.1667,0.5,0.3333,0.8333,0,0,0.6667,6,4,0.5775,0.1,0.1538,0.8462,0.0769,0.2308,0.0,0.0,0.6667,0.0,0.0,0.0,1.0114,0.0,outer_patrol_b,road_edge,0.98,6.762455
231,55.6759,27.159,1,6.0,1.0,45,21600,45,139.2857,0.8394,140.1251,0.6429,1.5556,0.1333,1,0,1,0.0222,0.0,0.0222,0,0.6889,0.3111,0.8667,31,39,45,0.1679,0.1679,1.301,0.1333,0.1667,0.1667,0.6667,0.8333,0,0,0.6667,9,6,0.5386,0.1,0.0889,0.8,0.0,0.2,0.0,0.0,0.6667,0.0,0.0,0.0,0.8676,0.0,completed,,0.98,8.242161
232,-10.0,-5.52,0,1.0,0.1667,16,7680,70,150.0,0.0,150.0,1.0,0.7292,0.0625,0,0,0,0.0000,0.0,0.0000,0,0.875,0.125,0.9375,14,15,16,0.0,0.0,0.0,0.0625,0.0,1.0,0.0,1.0,0,0,0.4,5,2,0.5437,0.1,0.0625,0.6875,0.0625,0.3125,0.0,0.0,0.4,0.0,0.0,0.0,-0.0,0.0,enter_inner,obstacle,0.98,7.856906
233,71.258,34.76,1,6.0,1.0,37,17760,37,135.8571,0.0,135.8571,0.5286,1.8919,0.1622,1,0,1,0.0270,0.0,0.0270,0,0.8108,0.1892,0.8649,30,32,37,0.0,0.0,0.0,0.1351,0.0,0.8,0.2,1.0,0,0,0.9091,11,10,0.5603,0.1,0.0811,0.7297,0.0541,0.2973,0.0,0.0,0.9091,0.0,0.0,0.0,0.5004,0.0,completed,,0.98,9.025254
234,64.8208,31.6199,1,6.0,1.0,39,18720,39,136.7143,1.662,138.3763,0.5571,1.7949,0.1538,1,0,1,0.0256,0.0,0.0256,0,0.7692,0.2308,0.8205,30,32,39,0.3324,0.3324,2.5761,0.1795,0.2857,0.4286,0.2857,0.7143,0,0,1.0,5,5,0.5402,0.1,0.0256,0.7949,0.0,0.1282,0.0,0.0,1.0,0.0,0.0,0.0,1.079,0.0,completed,,0.98,8.4136
235,-10.0,-7.1444,0,1.0,0.1667,18,8640,70,150.0,0.7887,150.7887,1.0,0.6481,0.0556,1,0,1,0.0556,0.0,0.0556,0,0.8333,0.1667,0.8889,15,16,18,0.7887,0.7887,1.2224,0.1111,0.5,0.0,0.5,0.5,0,0,0.5,8,4,0.5907,0.1,0.2778,0.7778,0.1667,0.4444,0.0,0.0,0.5,0.0,0.0,0.0,0.6931,0.0,enter_inner,obstacle,0.98,9.134794
236,23.6818,11.5521,0,4.0,0.6667,32,15360,70,150.0,0.7058,150.7058,1.0,1.4583,0.125,1,0,1,0.0312,0.0,0.0312,0,0.8125,0.1875,0.875,26,28,32,0.1764,0.1764,1.0939,0.125,0.25,0.25,0.5,0.75,0,0,0.875,8,7,0.5416,0.1,0.0625,0.75,0.0312,0.25,0.0,0.0,0.875,0.0,0.0,0.0,1.0397,0.0,outer_patrol_b,road_edge,0.98,9.149691
237,56.6714,27.6446,1,6.0,1.0,43,20640,43,138.4286,2.2035,140.6321,0.6143,1.6279,0.1395,1,0,1,0.0233,0.0,0.0233,0,0.7209,0.2791,0.8605,31,37,43,0.4407,0.4407,3.4154,0.1395,0.5,0.3333,0.1667,0.5,0,0,0.7692,13,10,0.5414,0.1,0.0698,0.8605,0.0,0.3023,0.0,0.0,0.7692,0.0,0.0,0.0,1.0114,0.0,completed,,0.98,8.023669
238,2.9876,1.4573,0,3.0,0.5,24,11520,70,150.0,1.5759,151.5759,1.0,1.4583,0.125,0,0,0,0.0000,0.0,0.0000,0,0.75,0.25,0.7917,18,19,24,0.5253,0.5253,2.4427,0.2083,0.4,0.6,0.0,0.6,0,0,0.8,10,8,0.6002,0.1,0.25,0.9583,0.125,0.4167,0.0,0.0,0.8,0.0,0.0,0.0,0.673,0.0,return_outer,obstacle,0.98,7.930959
239,7.5213,3.6689,0,4.0,0.6667,27,12960,70,150.0,2.1426,152.1426,1.0,1.7284,0.1481,1,0,1,0.0370,0.0,0.0370,0,0.7037,0.2963,0.7778,19,21,27,0.5357,0.5357,3.3211,0.2222,0.5,0.3333,0.1667,0.5,0,0,0.875,8,7,0.5881,0.1,0.1852,0.8148,0.0741,0.2963,0.0,0.0,0.875,0.0,0.0,0.0,1.0114,0.0,outer_patrol_b,road_edge,0.98,8.592547
240,4.9388,2.4092,0,3.0,0.5,24,11520,70,150.0,0.6457,150.6457,1.0,1.4583,0.125,1,0,1,0.0417,0.0,0.0417,0,0.75,0.25,0.8333,18,20,24,0.2152,0.2152,1.0008,0.1667,0.25,0.25,0.5,0.75,0,0,0.7,10,7,0.5815,0.1,0.1667,0.7917,0.0833,0.4167,0.0,0.0,0.7,0.0,0.0,0.0,1.0397,0.0,return_outer,obstacle,0.98,9.226317
241,-10.0,-6.04,0,0.0,0.0,8,3840,70,150.0,0.0,150.0,1.0,0.0,0.0,1,0,1,0.1250,0.0,0.1250,0,1.0,0.0,1.0,8,8,8,0.0,0.0,0.0,0.0,0.0,0.0,0.0,0.0,0,0,0.0,1,0,0.4931,0.1,0.0,0.5,0.0,0.125,0.0,0.0,0.0,0.0,0.0,0.0,0.0,0.0,outer_patrol_a,road_edge,0.98,8.949829
242,-10.0,-9.14,0,0.0,0.0,3,1440,70,150.0,0.0,150.0,1.0,0.0,0.0,0,0,0,0.0000,0.0,0.0000,0,1.0,0.0,1.0,3,3,3,0.0,0.0,0.0,0.0,0.0,0.0,0.0,0.0,0,0,0.0,1,0,0.4783,0.1,0.0,1.0,0.0,0.3333,0.0,0.0,0.0,0.0,0.0,0.0,0.0,0.0,outer_patrol_a,road_edge,0.98,8.999379
243,70.1059,34.198,1,6.0,1.0,38,18240,38,136.2857,0.0,136.2857,0.5429,1.8421,0.1579,1,0,1,0.0263,0.0,0.0263,0,0.7895,0.2105,0.8684,30,33,38,0.0,0.0,0.0,0.1316,0.0,0.6,0.4,1.0,0,0,0.7778,9,7,0.542,0.1,0.0789,0.7632,0.0,0.2368,0.0,0.0,0.7778,0.0,0.0,0.0,0.673,0.0,completed,,0.98,8.776934
244,-9.5806,-4.6735,0,1.0,0.1667,14,6720,70,150.0,0.7248,150.7248,1.0,0.8333,0.0714,1,0,1,0.0714,0.0,0.0714,0,0.8571,0.1429,0.8571,12,12,14,0.7248,0.7248,1.1235,0.1429,0.5,0.5,0.0,0.5,0,0,0.6667,3,2,0.5317,0.1,0.0714,0.6429,0.0714,0.2143,0.0,0.0,0.6667,0.0,0.0,0.0,0.6931,0.0,enter_inner,obstacle,0.98,9.106799
245,13.9728,6.816,0,4.0,0.6667,27,12960,70,150.0,0.0,150.0,1.0,1.7284,0.1481,1,0,1,0.0370,0.0,0.0370,0,0.7778,0.2222,0.8148,21,22,27,0.0,0.0,0.0,0.1852,0.0,0.6,0.4,1.0,0,0,0.5714,7,4,0.5651,0.1,0.1111,0.8148,0.037,0.2593,0.0,0.0,0.5714,0.0,0.0,0.0,0.673,0.0,outer_patrol_b,road_edge,0.98,7.992035
246,2.6302,1.283,0,2.0,0.3333,19,9120,70,150.0,0.6484,150.6484,1.0,1.2281,0.1053,1,0,1,0.0526,0.0,0.0526,0,0.7895,0.2105,0.8421,15,16,19,0.3242,0.3242,1.005,0.1579,0.3333,0.3333,0.3333,0.6667,0,0,0.8,5,4,0.5337,0.1,0.1053,0.8421,0.0,0.2632,0.0,0.0,0.8,0.0,0.0,0.0,1.0986,0.0,inner_patrol,obstacle,0.98,7.497827
247,14.2229,6.938,0,4.0,0.6667,26,12480,70,150.0,0.0,150.0,1.0,1.7949,0.1538,0,0,0,0.0000,0.0,0.0000,0,0.6923,0.3077,0.8077,18,21,26,0.0,0.0,0.0,0.1923,0.0,0.4,0.6,1.0,0,0,0.8182,11,9,0.5821,0.1,0.1154,0.8846,0.0769,0.4231,0.0,0.0,0.8182,0.0,0.0,0.0,0.673,0.0,outer_patrol_b,road_edge,0.98,8.409559
248,-0.1281,-0.0625,0,4.0,0.6667,44,21120,70,150.0,4.0313,154.0313,1.0,1.0606,0.0909,1,0,1,0.0227,0.0,0.0227,0,0.7045,0.2955,0.8182,31,36,44,1.0078,1.0078,6.2485,0.1818,0.625,0.125,0.25,0.375,0,0,0.6875,16,11,0.6018,0.1,0.25,0.8636,0.1136,0.3636,0.0,0.0,0.6875,0.0,0.0,0.0,0.9003,0.0,outer_patrol_b,road_edge,0.98,7.384641
249,-0.6246,-0.3047,0,3.0,0.5,28,13440,70,150.0,0.6211,150.6211,1.0,1.25,0.1071,0,0,0,0.0000,0.0,0.0000,0,0.7857,0.2143,0.8214,22,23,28,0.207,0.207,0.9627,0.1786,0.2,0.4,0.4,0.8,0,0,0.5,12,6,0.5809,0.1,0.2143,0.8214,0.0714,0.4286,0.0,0.0,0.5,0.0,0.0,0.0,1.0549,0.0,return_outer,obstacle,0.98,8.995362
250,60.5694,29.546,1,6.0,1.0,42,20160,42,138.0,1.8645,139.8645,0.6,1.6667,0.1429,1,0,1,0.0238,0.0,0.0238,0,0.7381,0.2619,0.8333,31,35,42,0.3729,0.3729,2.89,0.1667,0.4286,0.2857,0.2857,0.5714,0,0,0.9091,11,10,0.5499,0.1,0.0714,0.881,0.0,0.2619,0.0,0.0,0.9091,0.0,0.0,0.0,1.079,0.0,completed,,0.98,9.693317
251,12.22,5.961,0,5.0,0.8333,45,21600,70,150.0,2.2832,152.2832,1.0,1.2963,0.1111,1,0,1,0.0222,0.0,0.0222,0,0.7111,0.2889,0.8667,32,39,45,0.4566,0.4566,3.539,0.1333,0.5,0.3333,0.1667,0.5,0,0,0.75,16,12,0.5504,0.1,0.0667,0.7778,0.0222,0.3556,0.0,0.0,0.75,0.0,0.0,0.0,1.0114,0.0,final_park,wall,0.98,10.177663
252,-10.0,-8.5735,0,1.0,0.1667,18,8640,70,150.0,1.5507,151.5507,1.0,0.6481,0.0556,0,0,0,0.0000,0.0,0.0000,0,0.7778,0.2222,0.8333,14,15,18,1.5507,1.5507,2.4035,0.1111,1.0,0.0,0.0,0.0,0,0,0.625,8,5,0.6035,0.1,0.2778,0.7222,0.1667,0.4444,0.0,0.0,0.625,0.0,0.0,0.0,-0.0,0.0,enter_inner,red_light,0.98,9.881937
253,63.9809,31.2102,1,6.0,1.0,41,19680,41,137.5714,0.7573,138.3287,0.5857,1.7073,0.1463,0,0,0,0.0000,0.0,0.0000,0,0.7073,0.2927,0.8293,29,34,41,0.1515,0.1515,1.1738,0.1707,0.1429,0.2857,0.5714,0.8571,0,0,0.75,12,9,0.5663,0.1,0.1463,0.6829,0.0244,0.2927,0.0,0.0,0.75,0.0,0.0,0.0,0.9557,0.0,completed,,0.98,10.377742
254,5.043,2.46,0,3.0,0.5,25,12000,70,150.0,0.0,150.0,1.0,1.4,0.12,1,0,1,0.0400,0.0,0.0400,0,0.84,0.16,0.88,21,22,25,0.0,0.0,0.0,0.12,0.0,0.3333,0.6667,1.0,0,0,0.6667,9,6,0.5692,0.1,0.16,0.84,0.04,0.36,0.0,0.0,0.6667,0.0,0.0,0.0,0.6365,0.0,return_outer,obstacle,0.98,11.068229
255,4.6065,2.2471,0,4.0,0.6667,28,13440,70,150.0,3.1696,153.1696,1.0,1.6667,0.1429,1,0,1,0.0357,0.0,0.0357,0,0.7857,0.2143,0.7857,22,22,28,0.7924,0.7924,4.9129,0.2143,0.6667,0.3333,0.0,0.3333,0,0,0.75,8,6,0.5915,0.1,0.1071,0.8214,0.1071,0.2857,0.0,0.0,0.75,0.0,0.0,0.0,0.6365,0.0,outer_patrol_b,road_edge,0.98,9.757136
256,73.7959,35.998,1,6.0,1.0,36,17280,36,135.4286,0.0,135.4286,0.5143,1.9444,0.1667,0,0,0,0.0000,0.0,0.0000,0,0.8333,0.1667,0.8611,30,31,36,0.0,0.0,0.0,0.1389,0.0,0.6,0.4,1.0,0,0,0.9,10,9,0.5482,0.1,0.0833,0.8611,0.0278,0.2778,0.0,0.0,0.9,0.0,0.0,0.0,0.673,0.0,completed,,0.98,9.541972
257,66.4548,32.417,1,6.0,1.0,39,18720,39,136.7143,0.7568,137.4711,0.5571,1.7949,0.1538,1,0,1,0.0256,0.0,0.0256,0,0.7949,0.2051,0.8718,31,34,39,0.1514,0.1514,1.173,0.1282,0.2,0.4,0.4,0.8,0,0,0.7778,9,7,0.5341,0.1,0.1282,0.8205,0.0,0.2308,0.0,0.0,0.7778,0.0,0.0,0.0,1.0549,0.0,completed,,0.98,8.858454
258,-10.0,-9.7364,0,1.0,0.1667,20,9600,70,150.0,1.288,151.288,1.0,0.5833,0.05,1,0,1,0.0500,0.0,0.0500,0,0.75,0.25,0.85,15,17,20,1.288,1.288,1.9964,0.1,1.0,0.0,0.0,0.0,0,0,0.5,8,4,0.6012,0.1,0.3,0.8,0.15,0.4,0.0,0.0,0.5,0.0,0.0,0.0,-0.0,0.0,enter_inner,red_light,0.98,8.747263
259,56.264,27.4458,1,6.0,1.0,44,21120,44,138.8571,1.5833,140.4405,0.6286,1.5909,0.1364,0,0,0,0.0000,0.0,0.0000,0,0.7045,0.2955,0.8636,31,38,44,0.3167,0.3167,2.4542,0.1364,0.3333,0.3333,0.3333,0.6667,0,0,0.8333,12,10,0.5555,0.1,0.1591,0.7727,0.0455,0.2727,0.0,0.0,0.8333,0.0,0.0,0.0,1.0986,0.0,completed,,0.98,8.42889
260,-9.881,-4.82,0,1.0,0.1667,15,7200,70,150.0,0.0,150.0,1.0,0.7778,0.0667,0,0,0,0.0000,0.0,0.0000,0,0.8,0.2,0.9333,12,14,15,0.0,0.0,0.0,0.0667,0.0,1.0,0.0,1.0,0,0,0.8,5,4,0.5426,0.1,0.0667,0.8,0.0667,0.3333,0.0,0.0,0.8,0.0,0.0,0.0,-0.0,0.0,enter_inner,obstacle,0.98,8.476028
261,-0.738,-0.36,0,2.0,0.3333,16,7680,70,150.0,0.0,150.0,1.0,1.4583,0.125,1,0,1,0.0625,0.0,0.0625,0,0.75,0.25,0.875,12,14,16,0.0,0.0,0.0,0.125,0.0,1.0,0.0,1.0,0,0,0.0,0,0,0.4973,0.1,0.0,0.75,0.0,0.0,0.0,0.0,0.0,0.0,0.0,0.0,-0.0,0.0,inner_patrol,obstacle,0.98,7.81923
262,-2.501,-1.22,0,2.0,0.3333,17,8160,70,150.0,0.0,150.0,1.0,1.3725,0.1176,0,0,0,0.0000,0.0,0.0000,0,0.7059,0.2941,0.8824,12,15,17,0.0,0.0,0.0,0.1176,0.0,1.0,0.0,1.0,0,0,0.3333,3,1,0.5082,0.1,0.0,0.8235,0.0,0.1765,0.0,0.0,0.3333,0.0,0.0,0.0,-0.0,0.0,inner_patrol,obstacle,0.98,9.218214
263,21.8085,10.6383,0,5.0,0.8333,40,19200,70,150.0,1.5753,151.5753,1.0,1.4583,0.125,1,0,1,0.0250,0.0,0.0250,0,0.775,0.225,0.85,31,34,40,0.3151,0.3151,2.4417,0.15,0.3333,0.5,0.1667,0.6667,0,0,0.6667,9,6,0.5504,0.1,0.075,0.7,0.025,0.225,0.0,0.0,0.6667,0.0,0.0,0.0,1.0114,0.0,final_park,wall,0.98,9.664634
264,-10.0,-5.38,0,1.0,0.1667,16,7680,70,150.0,0.0,150.0,1.0,0.7292,0.0625,1,0,1,0.0625,0.0,0.0625,0,0.9375,0.0625,0.9375,15,15,16,0.0,0.0,0.0,0.0625,0.0,0.0,1.0,1.0,0,0,0.4286,7,3,0.5179,0.1,0.0625,0.75,0.0,0.4375,0.0,0.0,0.4286,0.0,0.0,0.0,-0.0,0.0,enter_inner,obstacle,0.98,9.844919
265,56.0863,27.3592,1,6.0,1.0,45,21600,45,139.2857,1.6741,140.9598,0.6429,1.5556,0.1333,1,0,1,0.0222,0.0,0.0222,0,0.7778,0.2222,0.8444,35,38,45,0.3348,0.3348,2.5948,0.1556,0.2857,0.4286,0.2857,0.7143,0,0,0.75,16,12,0.5729,0.1,0.1111,0.8222,0.0667,0.3556,0.0,0.0,0.75,0.0,0.0,0.0,1.079,0.0,completed,,0.98,11.02278
266,5.9856,2.9198,0,4.0,0.6667,31,14880,70,150.0,1.5343,151.5343,1.0,1.5054,0.129,1,0,1,0.0323,0.0,0.0323,0,0.7419,0.2581,0.8387,23,26,31,0.3836,0.3836,2.3782,0.1935,0.3333,0.5,0.1667,0.6667,0,0,0.6,10,6,0.5821,0.1,0.129,0.7419,0.0645,0.3226,0.0,0.0,0.6,0.0,0.0,0.0,1.0114,0.0,outer_patrol_b,road_edge,0.98,11.131317
267,-0.002,-0.001,0,2.0,0.3333,21,10080,70,150.0,1.3942,151.3942,1.0,1.1111,0.0952,1,0,1,0.0476,0.0,0.0476,0,0.8095,0.1905,0.8571,17,18,21,0.6971,0.6971,2.161,0.1429,0.6667,0.3333,0.0,0.3333,0,0,0.6667,6,4,0.5635,0.1,0.1905,0.7143,0.0476,0.2857,0.0,0.0,0.6667,0.0,0.0,0.0,0.6365,0.0,inner_patrol,obstacle,0.98,10.926114
268,-10.0,-8.92,0,0.0,0.0,8,3840,70,150.0,0.0,150.0,1.0,0.0,0.0,1,0,1,0.1250,0.0,0.1250,0,0.875,0.125,1.0,7,8,8,0.0,0.0,0.0,0.0,0.0,0.0,0.0,0.0,0,0,0.3333,3,1,0.5168,0.1,0.0,0.625,0.0,0.375,0.0,0.0,0.3333,0.0,0.0,0.0,0.0,0.0,outer_patrol_a,road_edge,0.98,11.032071
269,60.5405,29.5319,1,6.0,1.0,42,20160,42,138.0,1.5523,139.5523,0.6,1.6667,0.1429,1,0,1,0.0238,0.0,0.0238,0,0.7619,0.2381,0.8333,32,35,42,0.3105,0.3105,2.4061,0.1667,0.2857,0.4286,0.2857,0.7143,0,0,0.7692,13,10,0.5544,0.1,0.0952,0.8571,0.0238,0.3095,0.0,0.0,0.7692,0.0,0.0,0.0,1.079,0.0,completed,,0.98,9.324132
270,54.0388,26.3604,1,6.0,1.0,44,21120,44,138.8571,3.121,141.9782,0.6286,1.5909,0.1364,1,0,1,0.0227,0.0,0.0227,0,0.75,0.25,0.8182,33,36,44,0.6242,0.6242,4.8376,0.1818,0.5,0.25,0.25,0.5,0,0,0.7857,14,11,0.575,0.1,0.1591,0.7045,0.0682,0.3182,0.0,0.0,0.7857,0.0,0.0,0.0,1.0397,0.0,completed,,0.98,8.241487
271,-10.0,-7.1985,0,1.0,0.1667,16,7680,70,150.0,1.612,151.612,1.0,0.7292,0.0625,1,0,1,0.0625,0.0,0.0625,0,0.8125,0.1875,0.875,13,14,16,1.612,1.612,2.4985,0.125,1.0,0.0,0.0,0.0,0,0,0.8,5,4,0.5574,0.1,0.1875,0.5625,0.0625,0.3125,0.0,0.0,0.8,0.0,0.0,0.0,-0.0,0.0,enter_inner,obstacle,0.98,7.544535
272,-10.0,-9.76,0,0.0,0.0,2,960,70,150.0,0.0,150.0,1.0,0.0,0.0,1,0,1,0.5000,0.0,0.5000,0,1.0,0.0,1.0,2,2,2,0.0,0.0,0.0,0.0,0.0,0.0,0.0,0.0,0,0,0.0,0,0,0.4328,0.1,0.0,0.5,0.0,0.0,0.0,0.0,0.0,0.0,0.0,0.0,0.0,0.0,outer_patrol_a,road_edge,0.98,7.743494
273,57.9339,28.2604,1,6.0,1.0,43,20640,43,138.4286,1.3546,139.7831,0.6143,1.6279,0.1395,1,0,1,0.0233,0.0,0.0233,0,0.6977,0.3023,0.8837,30,38,43,0.2709,0.2709,2.0996,0.1395,0.3333,0.0,0.6667,0.6667,0,0,0.75,8,6,0.5444,0.1,0.0233,0.7442,0.0233,0.186,0.0,0.0,0.75,0.0,0.0,0.0,0.6365,0.0,completed,,0.98,9.79393
274,-10.0,-9.76,0,0.0,0.0,2,960,70,150.0,0.0,150.0,1.0,0.0,0.0,1,0,1,0.5000,0.0,0.5000,0,1.0,0.0,1.0,2,2,2,0.0,0.0,0.0,0.0,0.0,0.0,0.0,0.0,0,0,0.0,0,0,0.4628,0.1,0.0,1.0,0.0,0.0,0.0,0.0,0.0,0.0,0.0,0.0,0.0,0.0,outer_patrol_a,road_edge,0.98,9.79393
275,57.3573,27.9791,1,6.0,1.0,42,20160,42,138.0,3.1347,141.1347,0.6,1.6667,0.1429,0,0,0,0.0000,0.0,0.0000,0,0.7381,0.2619,0.8095,31,34,42,0.6269,0.6269,4.8589,0.1905,0.5,0.25,0.25,0.5,0,0,0.9091,11,10,0.5639,0.1,0.119,0.7619,0.0476,0.2619,0.0,0.0,0.9091,0.0,0.0,0.0,1.0397,0.0,completed,,0.98,10.288906
276,-10.0,-5.2,0,0.0,0.0,14,6720,70,150.0,0.0,150.0,1.0,0.0,0.0,1,0,1,0.0714,0.0,0.0714,0,0.9286,0.0714,1.0,13,14,14,0.0,0.0,0.0,0.0,0.0,0.0,0.0,0.0,0,0,0.5,4,2,0.5047,0.1,0.0,0.6429,0.0,0.2857,0.0,0.0,0.5,0.0,0.0,0.0,0.0,0.0,outer_patrol_a,road_edge,0.98,9.964184
277,9.9149,4.8365,0,5.0,0.8333,46,22080,70,150.0,2.7119,152.7119,1.0,1.2681,0.1087,1,0,1,0.0217,0.0,0.0217,0,0.7391,0.2609,0.8261,34,38,46,0.5424,0.5424,4.2035,0.1739,0.5,0.25,0.25,0.5,0,0,0.5,10,5,0.5476,0.1,0.087,0.8043,0.0217,0.2174,0.0,0.0,0.5,0.0,0.0,0.0,1.0397,0.0,final_park,wall,0.98,8.008466
278,-10.0,-6.28,0,0.0,0.0,10,4800,70,150.0,0.0,150.0,1.0,0.0,0.0,0,0,0,0.0000,0.0,0.0000,0,0.9,0.1,1.0,9,10,10,0.0,0.0,0.0,0.0,0.0,0.0,0.0,0.0,0,0,1.0,2,2,0.4941,0.1,0.0,0.5,0.0,0.2,0.0,0.0,1.0,0.0,0.0,0.0,0.0,0.0,outer_patrol_a,road_edge,0.98,8.032489
279,45.7034,22.2943,1,6.0,1.0,49,23520,49,141.0,2.1649,143.1649,0.7,1.4286,0.1224,1,0,1,0.0204,0.0,0.0204,0,0.6531,0.3469,0.8571,32,42,49,0.433,0.433,3.3557,0.1429,0.4286,0.2857,0.2857,0.5714,0,0,0.7,10,7,0.5396,0.1,0.0612,0.7959,0.0,0.2041,0.0,0.0,0.7,0.0,0.0,0.0,1.079,0.0,completed,,0.98,9.761282
280,65.1194,31.7656,1,6.0,1.0,39,18720,39,136.7143,1.3642,138.0784,0.5571,1.7949,0.1538,1,0,1,0.0256,0.0,0.0256,0,0.7949,0.2051,0.8718,31,34,39,0.2728,0.2728,2.1144,0.1282,0.4,0.6,0.0,0.6,0,0,1.0,11,11,0.5606,0.1,0.0513,0.8205,0.0256,0.2821,0.0,0.0,1.0,0.0,0.0,0.0,0.673,0.0,completed,,0.98,10.87166
281,-10.0,-5.2185,0,2.0,0.3333,22,10560,70,150.0,0.6816,150.6816,1.0,1.0606,0.0909,1,0,1,0.0455,0.0,0.0455,0,0.7273,0.2727,0.8636,16,19,22,0.3408,0.3408,1.0565,0.1364,0.3333,0.3333,0.3333,0.6667,0,0,0.4444,9,4,0.5655,0.1,0.1818,0.7273,0.0455,0.4091,0.0,0.0,0.4444,0.0,0.0,0.0,1.0986,0.0,inner_patrol,obstacle,0.98,12.101005
282,-7.1381,-3.482,0,1.0,0.1667,14,6720,70,150.0,0.0,150.0,1.0,0.8333,0.0714,1,0,1,0.0714,0.0,0.0714,0,0.7857,0.2143,0.8571,11,12,14,0.0,0.0,0.0,0.1429,0.0,0.0,1.0,1.0,0,0,0.6667,6,4,0.5778,0.1,0.1429,0.7857,0.1429,0.4286,0.0,0.0,0.6667,0.0,0.0,0.0,-0.0,0.0,enter_inner,obstacle,0.98,12.345865
283,65.0178,31.716,1,6.0,1.0,41,19680,41,137.5714,0.0,137.5714,0.5857,1.7073,0.1463,1,0,1,0.0244,0.0,0.0244,0,0.7561,0.2439,0.878,31,36,41,0.0,0.0,0.0,0.122,0.0,0.4,0.6,1.0,0,0,0.6667,9,6,0.547,0.1,0.0488,0.6829,0.0244,0.2195,0.0,0.0,0.6667,0.0,0.0,0.0,0.673,0.0,completed,,0.98,11.033725
284,-2.4322,-1.1865,0,2.0,0.3333,16,7680,70,150.0,0.8364,150.8364,1.0,1.4583,0.125,1,0,1,0.0625,0.0,0.0625,0,0.75,0.25,0.8125,12,13,16,0.4182,0.4182,1.2965,0.1875,0.3333,0.3333,0.3333,0.6667,0,0,1.0,5,5,0.5479,0.1,0.125,0.8125,0.0,0.3125,0.0,0.0,1.0,0.0,0.0,0.0,1.0986,0.0,inner_patrol,obstacle,0.98,11.307204
285,0.9754,0.4758,0,2.0,0.3333,25,12000,70,150.0,0.7575,150.7575,1.0,0.9333,0.08,1,0,1,0.0400,0.0,0.0400,0,0.88,0.12,0.92,22,23,25,0.3788,0.3788,1.1742,0.08,0.5,0.0,0.5,0.5,0,0,0.625,8,5,0.55,0.1,0.08,0.76,0.0,0.32,0.0,0.0,0.625,0.0,0.0,0.0,0.6931,0.0,inner_patrol,obstacle,0.98,9.954231
286,-0.0517,-0.0252,0,3.0,0.5,27,12960,70,150.0,0.7324,150.7324,1.0,1.2963,0.1111,0,0,0,0.0000,0.0,0.0000,0,0.7778,0.2222,0.8889,21,24,27,0.2441,0.2441,1.1352,0.1111,0.3333,0.6667,0.0,0.6667,0,0,0.8,5,4,0.556,0.1,0.037,0.7778,0.037,0.1852,0.0,0.0,0.8,0.0,0.0,0.0,0.6365,0.0,return_outer,obstacle,0.98,8.964789
287,69.495,33.9,1,6.0,1.0,38,18240,38,136.2857,0.0,136.2857,0.5429,1.8421,0.1579,0,0,0,0.0000,0.0,0.0000,0,0.7895,0.2105,0.8684,30,33,38,0.0,0.0,0.0,0.1316,0.0,0.8,0.2,1.0,0,0,0.9,10,9,0.5374,0.1,0.0526,0.8421,0.0263,0.2632,0.0,0.0,0.9,0.0,0.0,0.0,0.5004,0.0,completed,,0.98,8.962887
288,50.8337,24.7969,1,6.0,1.0,46,22080,46,139.7143,2.7245,142.4388,0.6571,1.5217,0.1304,0,0,0,0.0000,0.0,0.0000,0,0.7174,0.2826,0.8261,33,38,46,0.5449,0.5449,4.2231,0.1739,0.5,0.375,0.125,0.5,0,0,0.7368,19,14,0.5928,0.1,0.1957,0.8261,0.087,0.413,0.0,0.0,0.7368,0.0,0.0,0.0,0.9743,0.0,completed,,0.98,9.550671
289,-10.0,-6.162,0,1.0,0.1667,17,8160,70,150.0,0.0,150.0,1.0,0.6863,0.0588,1,0,1,0.0588,0.0,0.0588,0,0.7059,0.2941,0.9412,12,16,17,0.0,0.0,0.0,0.0588,0.0,0.0,1.0,1.0,0,0,0.6,5,3,0.5123,0.1,0.0588,0.7059,0.0,0.2941,0.0,0.0,0.6,0.0,0.0,0.0,-0.0,0.0,enter_inner,obstacle,0.98,9.582133
290,-10.0,-9.38,0,0.0,0.0,5,2400,70,150.0,0.0,150.0,1.0,0.0,0.0,1,0,1,0.2000,0.0,0.2000,0,0.8,0.2,1.0,4,5,5,0.0,0.0,0.0,0.0,0.0,0.0,0.0,0.0,0,0,0.0,1,0,0.5157,0.1,0.0,0.4,0.0,0.2,0.0,0.0,0.0,0.0,0.0,0.0,0.0,0.0,outer_patrol_a,road_edge,0.98,9.948911
291,-10.0,-5.7715,0,1.0,0.1667,15,7200,70,150.0,0.8784,150.8784,1.0,0.7778,0.0667,1,0,1,0.0667,0.0,0.0667,0,0.8,0.2,0.8667,12,13,15,0.8784,0.8784,1.3615,0.1333,0.5,0.5,0.0,0.5,0,0,0.8,5,4,0.5483,0.1,0.1333,0.8,0.0667,0.3333,0.0,0.0,0.8,0.0,0.0,0.0,0.6931,0.0,enter_inner,obstacle,0.98,9.814536
292,66.1009,32.2443,1,6.0,1.0,40,19200,40,137.1429,0.623,137.7659,0.5714,1.75,0.15,0,0,0,0.0000,0.0,0.0000,0,0.875,0.125,0.875,35,35,40,0.1246,0.1246,0.9657,0.125,0.2,0.4,0.4,0.8,0,0,0.6923,13,9,0.5591,0.1,0.15,0.8,0.025,0.325,0.0,0.0,0.6923,0.0,0.0,0.0,1.0549,0.0,completed,,0.98,8.618061
293,3.1253,1.5246,0,3.0,0.5,25,12000,70,150.0,0.8913,150.8913,1.0,1.4,0.12,0,0,0,0.0000,0.0,0.0000,0,0.76,0.24,0.84,19,21,25,0.2971,0.2971,1.3814,0.16,0.25,0.25,0.5,0.75,0,0,0.8333,6,5,0.5616,0.1,0.08,0.84,0.04,0.24,0.0,0.0,0.8333,0.0,0.0,0.0,1.0397,0.0,return_outer,obstacle,0.98,8.392894
294,-4.1,-2.0,0,2.0,0.3333,18,8640,70,150.0,0.0,150.0,1.0,1.2963,0.1111,1,0,1,0.0556,0.0,0.0556,0,0.7222,0.2778,0.8889,13,16,18,0.0,0.0,0.0,0.1111,0.0,1.0,0.0,1.0,0,0,0.75,4,3,0.5172,0.1,0.0556,0.7222,0.0,0.2222,0.0,0.0,0.75,0.0,0.0,0.0,-0.0,0.0,inner_patrol,obstacle,0.98,8.057247
295,7.954,3.88,0,3.0,0.5,23,11040,70,150.0,0.0,150.0,1.0,1.5217,0.1304,1,0,1,0.0435,0.0,0.0435,0,0.7826,0.2174,0.8696,18,20,23,0.0,0.0,0.0,0.1304,0.0,0.6667,0.3333,1.0,0,0,0.75,4,3,0.5458,0.1,0.087,0.7826,0.0435,0.1739,0.0,0.0,0.75,0.0,0.0,0.0,0.6365,0.0,return_outer,obstacle,0.98,8.296278
296,7.0276,3.4281,0,5.0,0.8333,47,22560,70,150.0,3.1019,153.1019,1.0,1.2411,0.1064,1,0,1,0.0213,0.0,0.0213,0,0.7021,0.2979,0.8298,33,39,47,0.6204,0.6204,4.8079,0.1702,0.5,0.375,0.125,0.5,0,0,0.8182,11,9,0.5713,0.1,0.1064,0.6383,0.0638,0.234,0.0,0.0,0.8182,0.0,0.0,0.0,0.9743,0.0,final_park,wall,0.98,8.752657
297,64.7807,31.6004,1,6.0,1.0,40,19200,40,137.1429,0.6385,137.7813,0.5714,1.75,0.15,1,0,1,0.0250,0.0,0.0250,0,0.775,0.225,0.875,31,35,40,0.1277,0.1277,0.9896,0.125,0.2,0.6,0.2,0.8,0,0,0.75,12,9,0.5426,0.1,0.1,0.8,0.0,0.3,0.0,0.0,0.75,0.0,0.0,0.0,0.9503,0.0,completed,,0.98,9.303868
298,19.94,9.7269,0,5.0,0.8333,42,20160,70,150.0,0.673,150.673,1.0,1.3889,0.119,0,0,0,0.0000,0.0,0.0000,0,0.7143,0.2857,0.881,30,37,42,0.1346,0.1346,1.0431,0.119,0.2,0.4,0.4,0.8,0,0,0.9231,13,12,0.544,0.1,0.0714,0.7143,0.0238,0.3095,0.0,0.0,0.9231,0.0,0.0,0.0,1.0549,0.0,final_park,wall,0.98,8.12049
299,44.4422,21.6791,1,6.0,1.0,50,24000,50,141.4286,3.0444,144.473,0.7143,1.4,0.12,1,0,1,0.0200,0.0,0.0200,0,0.76,0.24,0.86,38,43,50,0.6089,0.6089,4.7189,0.14,0.5714,0.2857,0.1429,0.4286,0,0,0.4,15,6,0.5659,0.1,0.12,0.78,0.04,0.3,0.0,0.0,0.4,0.0,0.0,0.0,0.9557,0.0,completed,,0.98,9.231299
300,1.9991,0.9752,0,2.0,0.3333,24,11520,70,150.0,0.8999,150.8999,1.0,0.9722,0.0833,1,0,1,0.0417,0.0,0.0417,0,0.875,0.125,0.9167,21,22,24,0.4499,0.4499,1.3948,0.0833,0.5,0.5,0.0,0.5,0,0,0.8182,11,9,0.5691,0.1,0.0833,0.7083,0.0417,0.4583,0.0,0.0,0.8182,0.0,0.0,0.0,0.6931,0.0,inner_patrol,obstacle,0.98,8.25036
301,-9.7727,-4.7672,0,2.0,0.3333,20,9600,70,150.0,1.3466,151.3466,1.0,1.1667,0.1,0,0,0,0.0000,0.0,0.0000,0,0.7,0.3,0.85,14,17,20,0.6733,0.6733,2.0872,0.15,0.6667,0.0,0.3333,0.3333,0,0,0.6667,6,4,0.538,0.1,0.1,0.75,0.0,0.3,0.0,0.0,0.6667,0.0,0.0,0.0,0.6365,0.0,inner_patrol,obstacle,0.98,8.914163
302,-10.0,-7.28,0,0.0,0.0,6,2880,70,150.0,0.0,150.0,1.0,0.0,0.0,1,0,1,0.1667,0.0,0.1667,0,1.0,0.0,1.0,6,6,6,0.0,0.0,0.0,0.0,0.0,0.0,0.0,0.0,0,0,0.0,0,0,0.5006,0.1,0.0,0.8333,0.0,0.0,0.0,0.0,0.0,0.0,0.0,0.0,0.0,0.0,outer_patrol_a,road_edge,0.98,8.809677
303,66.6819,32.5278,1,6.0,1.0,39,18720,39,136.7143,0.8118,137.526,0.5571,1.7949,0.1538,0,0,0,0.0000,0.0,0.0000,0,0.7949,0.2051,0.8718,31,34,39,0.1624,0.1624,1.2582,0.1282,0.2,0.4,0.4,0.8,0,0,0.9167,12,11,0.5442,0.1,0.0769,0.8974,0.0256,0.3077,0.0,0.0,0.9167,0.0,0.0,0.0,1.0549,0.0,completed,,0.98,6.425057
304,-7.831,-3.82,0,1.0,0.1667,14,6720,70,150.0,0.0,150.0,1.0,0.8333,0.0714,1,0,1,0.0714,0.0,0.0714,0,0.9286,0.0714,0.9286,13,13,14,0.0,0.0,0.0,0.0714,0.0,0.0,1.0,1.0,0,0,0.6,5,3,0.5218,0.1,0.0714,0.7857,0.0,0.3571,0.0,0.0,0.6,0.0,0.0,0.0,-0.0,0.0,enter_inner,obstacle,0.98,5.727927
305,54.8841,26.7727,1,6.0,1.0,46,22080,46,139.7143,2.6937,142.408,0.6571,1.5217,0.1304,1,0,1,0.0217,0.0,0.0217,0,0.7609,0.2391,0.8261,35,38,46,0.5387,0.5387,4.1753,0.1739,0.5,0.0,0.5,0.5,0,0,0.5,12,6,0.5922,0.1,0.1739,0.7609,0.1304,0.2609,0.0,0.0,0.5,0.0,0.0,0.0,0.6931,0.0,completed,,0.98,7.283888
306,-3.7147,-1.8121,0,3.0,0.5,29,13920,70,150.0,1.3033,151.3033,1.0,1.2069,0.1034,1,0,1,0.0345,0.0,0.0345,0,0.7586,0.2414,0.8276,22,24,29,0.4344,0.4344,2.0201,0.1724,0.4,0.2,0.4,0.6,0,0,0.5,10,5,0.599,0.1,0.2069,0.7931,0.069,0.3448,0.0,0.0,0.5,0.0,0.0,0.0,1.0549,0.0,return_outer,obstacle,0.98,8.101352
307,-10.0,-9.76,0,0.0,0.0,2,960,70,150.0,0.0,150.0,1.0,0.0,0.0,0,0,0,0.0000,0.0,0.0000,0,1.0,0.0,1.0,2,2,2,0.0,0.0,0.0,0.0,0.0,0.0,0.0,0.0,0,0,0.0,0,0,0.501,0.1,0.0,0.5,0.0,0.0,0.0,0.0,0.0,0.0,0.0,0.0,0.0,0.0,outer_patrol_a,road_edge,0.98,8.079638
308,0.2829,0.138,0,2.0,0.3333,16,7680,70,150.0,0.0,150.0,1.0,1.4583,0.125,0,0,0,0.0000,0.0,0.0000,0,0.75,0.25,0.8125,12,13,16,0.0,0.0,0.0,0.1875,0.0,0.6667,0.3333,1.0,0,0,0.6667,6,4,0.5464,0.1,0.125,0.6875,0.0625,0.375,0.0,0.0,0.6667,0.0,0.0,0.0,0.6365,0.0,inner_patrol,obstacle,0.98,9.073017
309,-10.0,-7.0401,0,1.0,0.1667,16,7680,70,150.0,1.3549,151.3549,1.0,0.7292,0.0625,1,0,1,0.0625,0.0,0.0625,0,0.6875,0.3125,0.8125,11,13,16,1.3549,1.3549,2.1001,0.125,1.0,0.0,0.0,0.0,0,0,0.8333,6,5,0.5915,0.1,0.1875,0.8125,0.1875,0.375,0.0,0.0,0.8333,0.0,0.0,0.0,-0.0,0.0,enter_inner,red_light,0.98,9.789581
310,-10.0,-7.18,0,1.0,0.1667,18,8640,70,150.0,0.0,150.0,1.0,0.6481,0.0556,1,0,1,0.0556,0.0,0.0556,0,0.7778,0.2222,0.9444,14,17,18,0.0,0.0,0.0,0.0556,0.0,0.0,1.0,1.0,0,0,0.0,3,0,0.5106,0.1,0.0556,0.6111,0.0,0.1667,0.0,0.0,0.0,0.0,0.0,0.0,-0.0,0.0,enter_inner,obstacle,0.98,9.651193
311,71.873,35.06,1,6.0,1.0,37,17760,37,135.8571,0.0,135.8571,0.5286,1.8919,0.1622,1,0,1,0.0270,0.0,0.0270,0,0.8649,0.1351,0.8649,32,32,37,0.0,0.0,0.0,0.1351,0.0,0.6,0.4,1.0,0,0,0.7778,9,7,0.5629,0.1,0.1081,0.5946,0.0541,0.2432,0.0,0.0,0.7778,0.0,0.0,0.0,0.673,0.0,completed,,0.98,8.965856
312,-10.0,-7.32,0,1.0,0.1667,18,8640,70,150.0,0.0,150.0,1.0,0.6481,0.0556,1,0,1,0.0556,0.0,0.0556,0,0.7222,0.2778,0.9444,13,17,18,0.0,0.0,0.0,0.0556,0.0,1.0,0.0,1.0,0,0,0.3333,3,1,0.5273,0.1,0.0556,0.6667,0.0556,0.1667,0.0,0.0,0.3333,0.0,0.0,0.0,-0.0,0.0,enter_inner,obstacle,0.98,10.43764
313,-0.764,-0.3727,0,4.0,0.6667,31,14880,70,150.0,3.0921,153.0921,1.0,1.5054,0.129,1,0,1,0.0323,0.0,0.0323,0,0.7097,0.2903,0.8065,22,25,31,0.773,0.773,4.7927,0.1935,0.6667,0.3333,0.0,0.3333,0,0,0.6364,11,7,0.5832,0.1,0.1613,0.871,0.0645,0.3548,0.0,0.0,0.6364,0.0,0.0,0.0,0.6365,0.0,outer_patrol_b,road_edge,0.98,9.888419
314,10.8609,5.298,0,3.0,0.5,22,10560,70,150.0,0.0,150.0,1.0,1.5909,0.1364,1,0,1,0.0455,0.0,0.0455,0,0.8182,0.1818,0.8182,18,18,22,0.0,0.0,0.0,0.1818,0.0,0.25,0.75,1.0,0,0,0.7143,7,5,0.5923,0.1,0.1364,0.9091,0.1364,0.3182,0.0,0.0,0.7143,0.0,0.0,0.0,0.5623,0.0,return_outer,obstacle,0.98,10.62175
315,70.4532,34.3674,1,6.0,1.0,37,17760,37,135.8571,0.6726,136.5298,0.5286,1.8919,0.1622,1,0,1,0.0270,0.0,0.0270,0,0.7838,0.2162,0.8378,29,31,37,0.1345,0.1345,1.0426,0.1622,0.1667,0.3333,0.5,0.8333,0,0,0.8889,9,8,0.5501,0.1,0.0811,0.7297,0.027,0.2432,0.0,0.0,0.8889,0.0,0.0,0.0,1.0114,0.0,completed,,0.98,9.087671
316,70.5938,34.436,1,6.0,1.0,38,18240,38,136.2857,0.0,136.2857,0.5429,1.8421,0.1579,1,0,1,0.0263,0.0,0.0263,0,0.7632,0.2368,0.8684,29,33,38,0.0,0.0,0.0,0.1316,0.0,0.6,0.4,1.0,0,0,1.0,6,6,0.5469,0.1,0.0789,0.7105,0.0526,0.1579,0.0,0.0,1.0,0.0,0.0,0.0,0.673,0.0,completed,,0.98,8.244978
317,7.626,3.72,0,3.0,0.5,23,11040,70,150.0,0.0,150.0,1.0,1.5217,0.1304,1,0,1,0.0435,0.0,0.0435,0,0.7826,0.2174,0.8696,18,20,23,0.0,0.0,0.0,0.1304,0.0,0.6667,0.3333,1.0,0,0,1.0,7,7,0.5533,0.1,0.0435,0.913,0.0,0.3043,0.0,0.0,1.0,0.0,0.0,0.0,0.6365,0.0,return_outer,obstacle,0.98,8.256718
318,-10.0,-6.44,0,0.0,0.0,12,5760,70,150.0,0.0,150.0,1.0,0.0,0.0,1,0,1,0.0833,0.0,0.0833,0,0.9167,0.0833,1.0,11,12,12,0.0,0.0,0.0,0.0,0.0,0.0,0.0,0.0,0,0,0.75,4,3,0.5035,0.1,0.0,0.9167,0.0,0.3333,0.0,0.0,0.75,0.0,0.0,0.0,0.0,0.0,outer_patrol_a,road_edge,0.98,8.77481
319,-10.0,-12.9173,0,3.0,0.5,42,20160,70,150.0,2.9454,152.9454,1.0,0.8333,0.0714,1,0,1,0.0238,0.0,0.0238,0,0.7381,0.2619,0.8571,31,36,42,0.9818,0.9818,4.5653,0.1429,0.6667,0.1667,0.1667,0.3333,0,0,0.2857,21,6,0.6531,0.1,0.4048,0.9048,0.2143,0.5,0.0,0.0,0.2857,0.0,0.0,0.0,0.8676,0.0,return_outer,obstacle,0.98,9.218219
320,46.7466,22.8032,1,6.0,1.0,49,23520,49,141.0,2.8353,143.8353,0.7,1.4286,0.1224,0,0,0,0.0000,0.0,0.0000,0,0.7551,0.2449,0.8571,37,42,49,0.5671,0.5671,4.3948,0.1429,0.5714,0.0,0.4286,0.4286,0,0,0.5714,14,8,0.555,0.1,0.0612,0.7347,0.0204,0.2857,0.0,0.0,0.5714,0.0,0.0,0.0,0.6829,0.0,completed,,0.98,9.287379
321,-10.0,-8.8229,0,1.0,0.1667,18,8640,70,150.0,1.5503,151.5503,1.0,0.6481,0.0556,1,0,1,0.0556,0.0,0.0556,0,0.7778,0.2222,0.8333,14,15,18,1.5503,1.5503,2.4029,0.1111,1.0,0.0,0.0,0.0,0,0,0.5714,7,4,0.5635,0.1,0.1111,0.8889,0.1111,0.3889,0.0,0.0,0.5714,0.0,0.0,0.0,-0.0,0.0,enter_inner,red_light,0.98,8.549439
322,19.5345,9.529,0,5.0,0.8333,42,20160,70,150.0,0.8781,150.8781,1.0,1.3889,0.119,0,0,0,0.0000,0.0,0.0000,0,0.7619,0.2381,0.881,32,37,42,0.1756,0.1756,1.361,0.119,0.2,0.8,0.0,0.8,0,0,0.75,12,9,0.5495,0.1,0.0714,0.8333,0.0238,0.2857,0.0,0.0,0.75,0.0,0.0,0.0,0.5004,0.0,final_park,wall,0.98,8.154344
323,-0.779,-0.38,0,2.0,0.3333,16,7680,70,150.0,0.0,150.0,1.0,1.4583,0.125,1,0,1,0.0625,0.0,0.0625,0,0.6875,0.3125,0.875,11,14,16,0.0,0.0,0.0,0.125,0.0,0.5,0.5,1.0,0,0,0.6667,3,2,0.5118,0.1,0.0625,0.6875,0.0,0.1875,0.0,0.0,0.6667,0.0,0.0,0.0,0.6931,0.0,inner_patrol,obstacle,0.98,9.044486
324,-10.0,-6.5664,0,1.0,0.1667,16,7680,70,150.0,0.8751,150.8751,1.0,0.7292,0.0625,1,0,1,0.0625,0.0,0.0625,0,0.75,0.25,0.875,12,14,16,0.8751,0.8751,1.3564,0.125,0.5,0.0,0.5,0.5,0,0,0.5714,7,4,0.5606,0.1,0.125,0.75,0.125,0.4375,0.0,0.0,0.5714,0.0,0.0,0.0,0.6931,0.0,enter_inner,obstacle,0.98,8.341376
325,-7.1519,-3.4887,0,3.0,0.5,31,14880,70,150.0,0.7734,150.7734,1.0,1.129,0.0968,0,0,0,0.0000,0.0,0.0000,0,0.7097,0.2903,0.9032,22,28,31,0.2578,0.2578,1.1987,0.0968,0.3333,0.0,0.6667,0.6667,0,0,0.5714,7,4,0.5596,0.1,0.0968,0.7419,0.0645,0.2258,0.0,0.0,0.5714,0.0,0.0,0.0,0.6365,0.0,return_outer,obstacle,0.98,8.46973
326,59.1048,28.8316,1,6.0,1.0,42,20160,42,138.0,2.3203,140.3203,0.6,1.6667,0.1429,1,0,1,0.0238,0.0,0.0238,0,0.7381,0.2619,0.8571,31,36,42,0.4641,0.4641,3.5964,0.1429,0.5,0.1667,0.3333,0.5,0,0,0.7692,13,10,0.5492,0.1,0.119,0.8333,0.0,0.3095,0.0,0.0,0.7692,0.0,0.0,0.0,1.0114,0.0,completed,,0.98,10.030249
327,63.3327,30.894,1,6.0,1.0,43,20640,43,138.4286,0.0,138.4286,0.6143,1.6279,0.1395,0,0,0,0.0000,0.0,0.0000,0,0.7907,0.2093,0.8837,34,38,43,0.0,0.0,0.0,0.1163,0.0,0.2,0.8,1.0,0,0,0.6,10,6,0.5554,0.1,0.093,0.6977,0.0,0.2326,0.0,0.0,0.6,0.0,0.0,0.0,0.5004,0.0,completed,,0.98,9.619021
328,7.831,3.82,0,3.0,0.5,23,11040,70,150.0,0.0,150.0,1.0,1.5217,0.1304,0,0,0,0.0000,0.0,0.0000,0,0.7826,0.2174,0.8696,18,20,23,0.0,0.0,0.0,0.1304,0.0,1.0,0.0,1.0,0,0,0.8333,6,5,0.5494,0.1,0.087,0.7391,0.0,0.2609,0.0,0.0,0.8333,0.0,0.0,0.0,-0.0,0.0,return_outer,obstacle,0.98,10.355446
329,-9.717,-4.74,0,1.0,0.1667,15,7200,70,150.0,0.0,150.0,1.0,0.7778,0.0667,1,0,1,0.0667,0.0,0.0667,0,0.8667,0.1333,0.9333,13,14,15,0.0,0.0,0.0,0.0667,0.0,1.0,0.0,1.0,0,0,1.0,1,1,0.5,0.1,0.0,0.6,0.0,0.0667,0.0,0.0,1.0,0.0,0.0,0.0,-0.0,0.0,enter_inner,obstacle,0.98,8.931727
330,-10.0,-6.112,0,1.0,0.1667,17,8160,70,150.0,0.0,150.0,1.0,0.6863,0.0588,1,0,1,0.0588,0.0,0.0588,0,0.7647,0.2353,0.8824,13,15,17,0.0,0.0,0.0,0.1176,0.0,0.5,0.5,1.0,0,0,0.0,2,0,0.5285,0.1,0.1176,0.7647,0.0588,0.1176,0.0,0.0,0.0,0.0,0.0,0.0,0.6931,0.0,enter_inner,obstacle,0.98,8.651141
331,73.7385,35.97,1,6.0,1.0,36,17280,36,135.4286,0.0,135.4286,0.5143,1.9444,0.1667,1,0,1,0.0278,0.0,0.0278,0,0.8056,0.1944,0.8611,29,31,36,0.0,0.0,0.0,0.1389,0.0,0.4,0.6,1.0,0,0,1.0,6,6,0.5449,0.1,0.0556,0.8611,0.0278,0.1667,0.0,0.0,1.0,0.0,0.0,0.0,0.673,0.0,completed,,0.98,9.199068
332,15.0757,7.354,0,4.0,0.6667,26,12480,70,150.0,0.0,150.0,1.0,1.7949,0.1538,0,0,0,0.0000,0.0,0.0000,0,0.7308,0.2692,0.8462,19,22,26,0.0,0.0,0.0,0.1538,0.0,0.5,0.5,1.0,0,0,0.6364,11,7,0.5621,0.1,0.1154,0.9231,0.0385,0.4231,0.0,0.0,0.6364,0.0,0.0,0.0,0.6931,0.0,outer_patrol_b,road_edge,0.98,7.873717
333,57.8467,28.2179,1,6.0,1.0,43,20640,43,138.4286,1.5175,139.9461,0.6143,1.6279,0.1395,1,0,1,0.0233,0.0,0.0233,0,0.7209,0.2791,0.8605,31,37,43,0.3035,0.3035,2.3521,0.1395,0.3333,0.5,0.1667,0.6667,0,0,0.7692,13,10,0.5523,0.1,0.0465,0.7674,0.0,0.3023,0.0,0.0,0.7692,0.0,0.0,0.0,1.0114,0.0,completed,,0.98,8.929014
334,6.0393,2.946,0,3.0,0.5,25,12000,70,150.0,0.0,150.0,1.0,1.4,0.12,0,0,0,0.0000,0.0,0.0000,0,0.76,0.24,0.8,19,20,25,0.0,0.0,0.0,0.2,0.0,0.6,0.4,1.0,0,0,0.4286,7,3,0.5785,0.1,0.16,0.8,0.08,0.28,0.0,0.0,0.4286,0.0,0.0,0.0,0.673,0.0,return_outer,obstacle,0.98,8.431936
335,-10.0,-6.4174,0,1.0,0.1667,16,7680,70,150.0,0.7789,150.7789,1.0,0.7292,0.0625,1,0,1,0.0625,0.0,0.0625,0,0.75,0.25,0.875,12,14,16,0.7789,0.7789,1.2074,0.125,0.5,0.0,0.5,0.5,0,0,0.5,2,1,0.5395,0.1,0.0625,0.5625,0.0625,0.125,0.0,0.0,0.5,0.0,0.0,0.0,0.6931,0.0,enter_inner,obstacle,0.98,9.838814
336,-10.0,-5.2659,0,1.0,0.1667,15,7200,70,150.0,0.6425,150.6425,1.0,0.7778,0.0667,1,0,1,0.0667,0.0,0.0667,0,0.8667,0.1333,0.8667,13,13,15,0.6425,0.6425,0.9959,0.1333,0.5,0.0,0.5,0.5,0,0,0.6667,6,4,0.5317,0.1,0.1333,0.7333,0.0,0.4,0.0,0.0,0.6667,0.0,0.0,0.0,0.6931,0.0,enter_inner,obstacle,0.98,10.297622
337,15.7809,7.698,0,4.0,0.6667,25,12000,70,150.0,0.0,150.0,1.0,1.8667,0.16,1,0,1,0.0400,0.0,0.0400,0,0.72,0.28,0.84,18,21,25,0.0,0.0,0.0,0.16,0.0,0.5,0.5,1.0,0,0,0.8571,7,6,0.5579,0.1,0.12,0.88,0.04,0.28,0.0,0.0,0.8571,0.0,0.0,0.0,0.6931,0.0,outer_patrol_b,road_edge,0.98,10.189476
338,-5.699,-2.78,0,2.0,0.3333,19,9120,70,150.0,0.0,150.0,1.0,1.2281,0.1053,1,0,1,0.0526,0.0,0.0526,0,0.7368,0.2632,0.8947,14,17,19,0.0,0.0,0.0,0.1053,0.0,1.0,0.0,1.0,0,0,0.4,5,2,0.5316,0.1,0.1053,0.8421,0.0526,0.2632,0.0,0.0,0.4,0.0,0.0,0.0,-0.0,0.0,inner_patrol,obstacle,0.98,9.197652
339,61.8302,30.1611,1,6.0,1.0,42,20160,42,138.0,1.4509,139.4509,0.6,1.6667,0.1429,0,0,0,0.0000,0.0,0.0000,0,0.7143,0.2857,0.8333,30,35,42,0.2902,0.2902,2.2489,0.1667,0.2857,0.4286,0.2857,0.7143,0,0,0.7692,13,10,0.5791,0.1,0.1429,0.8095,0.0952,0.3095,0.0,0.0,0.7692,0.0,0.0,0.0,1.079,0.0,completed,,0.98,7.87392
340,-9.5141,-4.641,0,1.0,0.1667,14,6720,70,150.0,0.7039,150.7039,1.0,0.8333,0.0714,1,0,1,0.0714,0.0,0.0714,0,0.8571,0.1429,0.8571,12,12,14,0.7039,0.7039,1.091,0.1429,0.5,0.5,0.0,0.5,0,0,0.6667,3,2,0.5731,0.1,0.1429,0.5714,0.1429,0.2143,0.0,0.0,0.6667,0.0,0.0,0.0,0.6931,0.0,enter_inner,obstacle,0.98,8.111449
341,67.6035,32.9773,1,6.0,1.0,40,19200,40,137.1429,0.8766,138.0194,0.5714,1.75,0.15,0,0,0,0.0000,0.0,0.0000,0,0.8,0.2,0.825,32,33,40,0.1753,0.1753,1.3587,0.175,0.1429,0.1429,0.7143,0.8571,0,0,0.6923,13,9,0.5548,0.1,0.075,0.725,0.025,0.325,0.0,0.0,0.6923,0.0,0.0,0.0,0.7963,0.0,completed,,0.98,9.414676
342,56.9679,27.7892,1,6.0,1.0,43,20640,43,138.4286,2.7463,141.1749,0.6143,1.6279,0.1395,0,0,0,0.0000,0.0,0.0000,0,0.7442,0.2558,0.814,32,35,43,0.5493,0.5493,4.2568,0.186,0.5,0.25,0.25,0.5,0,0,0.8235,17,14,0.583,0.1,0.1395,0.7442,0.0698,0.3953,0.0,0.0,0.8235,0.0,0.0,0.0,1.0397,0.0,completed,,0.98,8.750429
343,57.1751,27.8903,1,6.0,1.0,43,20640,43,138.4286,1.8837,140.3122,0.6143,1.6279,0.1395,1,0,1,0.0233,0.0,0.0233,0,0.7209,0.2791,0.8372,31,36,43,0.3767,0.3767,2.9197,0.1628,0.4286,0.2857,0.2857,0.5714,0,0,0.7692,13,10,0.5553,0.1,0.0698,0.814,0.0233,0.3023,0.0,0.0,0.7692,0.0,0.0,0.0,1.079,0.0,completed,,0.98,8.20873
344,1.025,0.5,0,2.0,0.3333,15,7200,70,150.0,0.0,150.0,1.0,1.5556,0.1333,0,0,0,0.0000,0.0,0.0000,0,0.8,0.2,0.8667,12,13,15,0.0,0.0,0.0,0.1333,0.0,1.0,0.0,1.0,0,0,0.75,4,3,0.5383,0.1,0.0667,0.6667,0.0667,0.2667,0.0,0.0,0.75,0.0,0.0,0.0,-0.0,0.0,inner_patrol,obstacle,0.98,8.822661
345,51.9904,25.3611,1,6.0,1.0,45,21600,45,139.2857,3.6122,142.8979,0.6429,1.5556,0.1333,0,0,0,0.0000,0.0,0.0000,0,0.8,0.2,0.8222,36,37,45,0.7224,0.7224,5.5989,0.1778,0.625,0.125,0.25,0.375,0,0,0.7778,9,7,0.5586,0.1,0.0667,0.7333,0.0222,0.2,0.0,0.0,0.7778,0.0,0.0,0.0,0.9003,0.0,completed,,0.98,9.388598
346,20.2313,9.8689,0,5.0,0.8333,41,19680,70,150.0,2.0768,152.0768,1.0,1.4228,0.122,1,0,1,0.0244,0.0,0.0244,0,0.7805,0.2195,0.8537,32,35,41,0.4154,0.4154,3.2191,0.1463,0.5,0.1667,0.3333,0.5,0,0,0.5,6,3,0.5569,0.1,0.0732,0.7073,0.0244,0.1463,0.0,0.0,0.5,0.0,0.0,0.0,1.0114,0.0,final_park,wall,0.98,9.480545
347,67.3425,32.85,1,6.0,1.0,40,19200,40,137.1429,0.0,137.1429,0.5714,1.75,0.15,1,0,1,0.0250,0.0,0.0250,0,0.8,0.2,0.875,32,35,40,0.0,0.0,0.0,0.125,0.0,0.4,0.6,1.0,0,0,0.5,8,4,0.5327,0.1,0.025,0.775,0.0,0.2,0.0,0.0,0.5,0.0,0.0,0.0,0.673,0.0,completed,,0.98,8.080171
348,-4.633,-2.26,0,2.0,0.3333,25,12000,70,150.0,0.0,150.0,1.0,0.9333,0.08,1,0,1,0.0400,0.0,0.0400,0,0.68,0.32,0.92,17,23,25,0.0,0.0,0.0,0.08,0.0,1.0,0.0,1.0,0,0,0.3333,6,2,0.5381,0.1,0.12,0.64,0.0,0.24,0.0,0.0,0.3333,0.0,0.0,0.0,-0.0,0.0,inner_patrol,obstacle,0.98,7.65584
349,66.8779,32.6233,1,6.0,1.0,38,18240,38,136.2857,1.3914,137.6771,0.5429,1.8421,0.1579,1,0,1,0.0263,0.0,0.0263,0,0.7632,0.2368,0.8158,29,31,38,0.2783,0.2783,2.1567,0.1842,0.2857,0.4286,0.2857,0.7143,0,0,1.0,9,9,0.5583,0.1,0.0789,0.7895,0.0526,0.2368,0.0,0.0,1.0,0.0,0.0,0.0,1.079,0.0,completed,,0.98,8.277765
350,3.293,1.6063,0,3.0,0.5,25,12000,70,150.0,0.7378,150.7378,1.0,1.4,0.12,1,0,1,0.0400,0.0,0.0400,0,0.84,0.16,0.88,21,22,25,0.2459,0.2459,1.1437,0.12,0.3333,0.6667,0.0,0.6667,0,0,0.6,10,6,0.5656,0.1,0.08,0.8,0.04,0.4,0.0,0.0,0.6,0.0,0.0,0.0,0.6365,0.0,return_outer,obstacle,0.98,10.348609
351,-9.594,-4.68,0,1.0,0.1667,15,7200,70,150.0,0.0,150.0,1.0,0.7778,0.0667,1,0,1,0.0667,0.0,0.0667,0,0.8667,0.1333,0.9333,13,14,15,0.0,0.0,0.0,0.0667,0.0,0.0,1.0,1.0,0,0,0.5,2,1,0.5168,0.1,0.0667,0.6,0.0,0.1333,0.0,0.0,0.5,0.0,0.0,0.0,-0.0,0.0,enter_inner,obstacle,0.98,9.315415
352,-9.0085,-4.3944,0,2.0,0.3333,20,9600,70,150.0,0.8416,150.8416,1.0,1.1667,0.1,1,0,1,0.0500,0.0,0.0500,0,0.75,0.25,0.85,15,17,20,0.4208,0.4208,1.3044,0.15,0.3333,0.3333,0.3333,0.6667,0,0,0.5714,7,4,0.5542,0.1,0.1,0.8,0.05,0.35,0.0,0.0,0.5714,0.0,0.0,0.0,1.0986,0.0,inner_patrol,obstacle,0.98,10.301269
353,10.2015,4.9763,0,4.0,0.6667,30,14400,70,150.0,1.6927,151.6927,1.0,1.5556,0.1333,0,0,0,0.0000,0.0,0.0000,0,0.8667,0.1333,0.8667,26,26,30,0.4232,0.4232,2.6237,0.1333,0.5,0.25,0.25,0.5,0,0,0.6667,9,6,0.5638,0.1,0.0667,0.7333,0.0333,0.3,0.0,0.0,0.6667,0.0,0.0,0.0,1.0397,0.0,outer_patrol_b,road_edge,0.98,11.736637
354,-10.0,-7.9,0,0.0,0.0,5,2400,70,150.0,0.0,150.0,1.0,0.0,0.0,1,0,1,0.2000,0.0,0.2000,0,1.0,0.0,1.0,5,5,5,0.0,0.0,0.0,0.0,0.0,0.0,0.0,0.0,0,0,1.0,1,1,0.5204,0.1,0.0,0.8,0.0,0.2,0.0,0.0,1.0,0.0,0.0,0.0,0.0,0.0,outer_patrol_a,road_edge,0.98,11.370939
355,24.2606,11.8344,0,5.0,0.8333,40,19200,70,150.0,0.81,150.81,1.0,1.4583,0.125,0,0,0,0.0000,0.0,0.0000,0,0.8,0.2,0.875,32,35,40,0.162,0.162,1.2556,0.125,0.2,0.4,0.4,0.8,0,0,0.75,12,9,0.5544,0.1,0.05,0.825,0.05,0.3,0.0,0.0,0.75,0.0,0.0,0.0,1.0549,0.0,final_park,wall,0.98,11.078846
356,4.5451,2.2171,0,4.0,0.6667,31,14880,70,150.0,1.6819,151.6819,1.0,1.5054,0.129,0,0,0,0.0000,0.0,0.0000,0,0.7419,0.2581,0.8065,23,25,31,0.4205,0.4205,2.6069,0.1935,0.3333,0.1667,0.5,0.6667,0,0,0.4,10,4,0.6095,0.1,0.1613,0.8065,0.129,0.3226,0.0,0.0,0.4,0.0,0.0,0.0,1.0114,0.0,outer_patrol_b,road_edge,0.98,12.659746
357,-10.0,-9.14,0,0.0,0.0,3,1440,70,150.0,0.0,150.0,1.0,0.0,0.0,1,0,1,0.3333,0.0,0.3333,0,1.0,0.0,1.0,3,3,3,0.0,0.0,0.0,0.0,0.0,0.0,0.0,0.0,0,0,1.0,1,1,0.5176,0.1,0.0,0.6667,0.0,0.3333,0.0,0.0,1.0,0.0,0.0,0.0,0.0,0.0,outer_patrol_a,road_edge,0.98,12.659746
358,-9.758,-4.76,0,1.0,0.1667,15,7200,70,150.0,0.0,150.0,1.0,0.7778,0.0667,1,0,1,0.0667,0.0,0.0667,0,0.8,0.2,0.9333,12,14,15,0.0,0.0,0.0,0.0667,0.0,0.0,1.0,1.0,0,0,0.6667,3,2,0.529,0.1,0.0667,0.8667,0.0667,0.2,0.0,0.0,0.6667,0.0,0.0,0.0,-0.0,0.0,enter_inner,obstacle,0.98,12.008977
359,69.3589,33.8336,1,6.0,1.0,37,17760,37,135.8571,0.8364,136.6935,0.5286,1.8919,0.1622,1,0,1,0.0270,0.0,0.0270,0,0.7838,0.2162,0.8649,29,32,37,0.1673,0.1673,1.2964,0.1351,0.2,0.2,0.6,0.8,0,0,1.0,9,9,0.5489,0.1,0.0811,0.7027,0.027,0.2432,0.0,0.0,1.0,0.0,0.0,0.0,0.9503,0.0,completed,,0.98,11.878441
360,45.9141,22.3971,1,6.0,1.0,47,22560,47,140.1429,4.1619,144.3047,0.6714,1.4894,0.1277,1,0,1,0.0213,0.0,0.0213,0,0.7021,0.2979,0.8298,33,39,47,0.8324,0.8324,6.4509,0.1702,0.625,0.25,0.125,0.375,0,0,0.8462,13,11,0.5692,0.1,0.1277,0.6596,0.0426,0.2766,0.0,0.0,0.8462,0.0,0.0,0.0,0.9003,0.0,completed,,0.98,10.639367
361,-9.717,-4.74,0,1.0,0.1667,15,7200,70,150.0,0.0,150.0,1.0,0.7778,0.0667,0,0,0,0.0000,0.0,0.0000,0,0.8667,0.1333,0.9333,13,14,15,0.0,0.0,0.0,0.0667,0.0,1.0,0.0,1.0,0,0,0.0,2,0,0.5272,0.1,0.0667,0.4,0.0667,0.1333,0.0,0.0,0.0,0.0,0.0,0.0,-0.0,0.0,enter_inner,obstacle,0.98,10.330388
362,52.7896,25.751,1,6.0,1.0,45,21600,45,139.2857,2.3348,141.6205,0.6429,1.5556,0.1333,1,0,1,0.0222,0.0,0.0222,0,0.7556,0.2444,0.8667,34,39,45,0.467,0.467,3.619,0.1333,0.5,0.5,0.0,0.5,0,0,0.6923,13,9,0.5483,0.1,0.0667,0.8,0.0,0.2889,0.0,0.0,0.6923,0.0,0.0,0.0,0.6931,0.0,completed,,0.98,9.662245
363,60.6647,29.5925,1,6.0,1.0,42,20160,42,138.0,1.668,139.668,0.6,1.6667,0.1429,1,0,1,0.0238,0.0,0.0238,0,0.7857,0.2143,0.8571,33,36,42,0.3336,0.3336,2.5855,0.1429,0.3333,0.3333,0.3333,0.6667,0,0,0.8,15,12,0.5516,0.1,0.0952,0.8333,0.0238,0.3571,0.0,0.0,0.8,0.0,0.0,0.0,1.0986,0.0,completed,,0.98,10.232159
364,-9.594,-4.68,0,1.0,0.1667,15,7200,70,150.0,0.0,150.0,1.0,0.7778,0.0667,1,0,1,0.0667,0.0,0.0667,0,0.8667,0.1333,0.9333,13,14,15,0.0,0.0,0.0,0.0667,0.0,0.0,1.0,1.0,0,0,0.75,4,3,0.5258,0.1,0.0667,0.7333,0.0667,0.2667,0.0,0.0,0.75,0.0,0.0,0.0,-0.0,0.0,enter_inner,obstacle,0.98,10.859418
365,-10.0,-8.1267,0,1.0,0.1667,18,8640,70,150.0,0.7849,150.7849,1.0,0.6481,0.0556,0,0,0,0.0000,0.0,0.0000,0,0.7222,0.2778,0.8889,13,16,18,0.7849,0.7849,1.2167,0.1111,0.5,0.5,0.0,0.5,0,0,0.6667,6,4,0.5416,0.1,0.1111,0.7222,0.0556,0.3333,0.0,0.0,0.6667,0.0,0.0,0.0,0.6931,0.0,enter_inner,obstacle,0.98,11.11092
366,-2.5071,-1.223,0,3.0,0.5,28,13440,70,150.0,0.8987,150.8987,1.0,1.25,0.1071,0,0,0,0.0000,0.0,0.0000,0,0.7143,0.2857,0.8929,20,25,28,0.2996,0.2996,1.393,0.1071,0.3333,0.6667,0.0,0.6667,0,0,0.6667,6,4,0.5337,0.1,0.1071,0.8571,0.0,0.2143,0.0,0.0,0.6667,0.0,0.0,0.0,0.6365,0.0,return_outer,obstacle,0.98,11.420427
367,7.954,3.88,0,3.0,0.5,23,11040,70,150.0,0.0,150.0,1.0,1.5217,0.1304,1,0,1,0.0435,0.0,0.0435,0,0.8261,0.1739,0.8696,19,20,23,0.0,0.0,0.0,0.1304,0.0,0.6667,0.3333,1.0,0,0,0.75,8,6,0.5838,0.1,0.087,0.9565,0.087,0.3478,0.0,0.0,0.75,0.0,0.0,0.0,0.6365,0.0,return_outer,obstacle,0.98,9.559068
368,24.108,11.76,0,5.0,0.8333,41,19680,70,150.0,0.0,150.0,1.0,1.4228,0.122,1,0,1,0.0244,0.0,0.0244,0,0.8293,0.1707,0.878,34,36,41,0.0,0.0,0.0,0.122,0.0,0.4,0.6,1.0,0,0,0.7143,14,10,0.5641,0.1,0.122,0.8537,0.0488,0.3415,0.0,0.0,0.7143,0.0,0.0,0.0,0.673,0.0,final_park,wall,0.98,8.680983
369,4.9022,2.3913,0,3.0,0.5,24,11520,70,150.0,0.825,150.825,1.0,1.4583,0.125,1,0,1,0.0417,0.0,0.0417,0,0.8333,0.1667,0.875,20,21,24,0.275,0.275,1.2787,0.125,0.3333,0.3333,0.3333,0.6667,0,0,0.5,4,2,0.5558,0.1,0.125,0.75,0.0417,0.1667,0.0,0.0,0.5,0.0,0.0,0.0,1.0986,0.0,return_outer,obstacle,0.98,7.360571
370,21.0127,10.2501,0,5.0,0.8333,41,19680,70,150.0,0.658,150.658,1.0,1.4228,0.122,1,0,1,0.0244,0.0,0.0244,0,0.6829,0.3171,0.8537,28,35,41,0.1316,0.1316,1.0199,0.1463,0.1667,0.8333,0.0,0.8333,0,0,0.8,5,4,0.5306,0.1,0.0,0.7561,0.0,0.122,0.0,0.0,0.8,0.0,0.0,0.0,0.4506,0.0,final_park,wall,0.98,7.048455
371,10.1353,4.9441,0,5.0,0.8333,47,22560,70,150.0,2.7703,152.7703,1.0,1.2411,0.1064,1,0,1,0.0213,0.0,0.0213,0,0.7447,0.2553,0.8298,35,39,47,0.5541,0.5541,4.2939,0.1702,0.5,0.125,0.375,0.5,0,0,0.625,16,10,0.5729,0.1,0.1277,0.6809,0.0638,0.3404,0.0,0.0,0.625,0.0,0.0,0.0,0.9743,0.0,final_park,wall,0.98,7.2176
372,59.9829,29.2599,1,6.0,1.0,42,20160,42,138.0,1.4581,139.4581,0.6,1.6667,0.1429,1,0,1,0.0238,0.0,0.0238,0,0.7857,0.2143,0.881,33,37,42,0.2916,0.2916,2.2601,0.119,0.4,0.4,0.2,0.6,0,0,0.8333,12,10,0.5509,0.1,0.0714,0.6905,0.0238,0.2857,0.0,0.0,0.8333,0.0,0.0,0.0,1.0549,0.0,completed,,0.98,9.221971
373,56.9811,27.7957,1,6.0,1.0,44,21120,44,138.8571,2.8854,141.7425,0.6286,1.5909,0.1364,1,0,1,0.0227,0.0,0.0227,0,0.7727,0.2273,0.7955,34,35,44,0.5771,0.5771,4.4723,0.2045,0.4444,0.0,0.5556,0.5556,0,0,0.5833,12,7,0.5704,0.1,0.1591,0.8409,0.0682,0.2727,0.0,0.0,0.5833,0.0,0.0,0.0,0.687,0.0,completed,,0.98,10.439145
374,15.0074,7.3207,0,5.0,0.8333,43,20640,70,150.0,3.1054,153.1054,1.0,1.3566,0.1163,0,0,0,0.0000,0.0,0.0000,0,0.7674,0.2326,0.8372,33,36,43,0.6211,0.6211,4.8133,0.186,0.5,0.25,0.25,0.5,0,0,0.8125,16,13,0.5742,0.1,0.1628,0.7907,0.0465,0.3721,0.0,0.0,0.8125,0.0,0.0,0.0,1.0397,0.0,final_park,wall,0.98,9.648787
375,-10.0,-8.38,0,0.0,0.0,9,4320,70,150.0,0.0,150.0,1.0,0.0,0.0,1,0,1,0.1111,0.0,0.1111,0,0.7778,0.2222,1.0,7,9,9,0.0,0.0,0.0,0.0,0.0,0.0,0.0,0.0,0,0,0.5,2,1,0.5101,0.1,0.0,0.5556,0.0,0.2222,0.0,0.0,0.5,0.0,0.0,0.0,0.0,0.0,outer_patrol_a,road_edge,0.98,9.353261
376,22.0539,10.758,0,5.0,0.8333,42,20160,70,150.0,0.0,150.0,1.0,1.3889,0.119,1,0,1,0.0238,0.0,0.0238,0,0.7619,0.2381,0.881,32,37,42,0.0,0.0,0.0,0.119,0.0,0.6,0.4,1.0,0,0,0.6667,15,10,0.5551,0.1,0.0714,0.8095,0.0238,0.3571,0.0,0.0,0.6667,0.0,0.0,0.0,0.673,0.0,final_park,wall,0.98,9.125186
377,63.2439,30.8507,1,6.0,1.0,40,19200,40,137.1429,1.4873,138.6302,0.5714,1.75,0.15,1,0,1,0.0250,0.0,0.0250,0,0.725,0.275,0.825,29,33,40,0.2975,0.2975,2.3053,0.175,0.2857,0.2857,0.4286,0.7143,0,0,1.0,9,9,0.5633,0.1,0.1,0.725,0.05,0.225,0.0,0.0,1.0,0.0,0.0,0.0,1.079,0.0,completed,,0.98,10.895053
378,66.8505,32.61,1,6.0,1.0,40,19200,40,137.1429,0.0,137.1429,0.5714,1.75,0.15,1,0,1,0.0250,0.0,0.0250,0,0.8,0.2,0.875,32,35,40,0.0,0.0,0.0,0.125,0.0,0.4,0.6,1.0,0,0,0.625,8,5,0.5461,0.1,0.1,0.8,0.025,0.2,0.0,0.0,0.625,0.0,0.0,0.0,0.673,0.0,completed,,0.98,10.805698
379,66.8772,32.623,1,6.0,1.0,40,19200,40,137.1429,0.7426,137.8854,0.5714,1.75,0.15,1,0,1,0.0250,0.0,0.0250,0,0.8,0.2,0.875,32,35,40,0.1485,0.1485,1.151,0.125,0.2,0.2,0.6,0.8,0,0,0.875,16,14,0.5503,0.1,0.075,0.875,0.025,0.4,0.0,0.0,0.875,0.0,0.0,0.0,0.9503,0.0,completed,,0.98,10.932699
380,-9.553,-4.66,0,1.0,0.1667,15,7200,70,150.0,0.0,150.0,1.0,0.7778,0.0667,1,0,1,0.0667,0.0,0.0667,0,0.9333,0.0667,0.9333,14,14,15,0.0,0.0,0.0,0.0667,0.0,1.0,0.0,1.0,0,0,0.5,4,2,0.5193,0.1,0.0,0.7333,0.0,0.2667,0.0,0.0,0.5,0.0,0.0,0.0,-0.0,0.0,enter_inner,obstacle,0.98,12.07425
381,10.2961,5.0225,0,4.0,0.6667,27,12960,70,150.0,1.552,151.552,1.0,1.7284,0.1481,1,0,1,0.0370,0.0,0.0370,0,0.7407,0.2593,0.7778,20,21,27,0.388,0.388,2.4055,0.2222,0.3333,0.1667,0.5,0.6667,0,0,0.7273,11,8,0.5896,0.1,0.1481,0.8889,0.0741,0.4074,0.0,0.0,0.7273,0.0,0.0,0.0,1.0114,0.0,outer_patrol_b,road_edge,0.98,11.992955
382,58.9048,28.734,1,6.0,1.0,44,21120,44,138.8571,0.6038,139.461,0.6286,1.5909,0.1364,0,0,0,0.0000,0.0,0.0000,0,0.7955,0.2045,0.8864,35,39,44,0.1208,0.1208,0.936,0.1136,0.2,0.2,0.6,0.8,0,0,0.7059,17,12,0.5598,0.1,0.0909,0.6818,0.0455,0.3864,0.0,0.0,0.7059,0.0,0.0,0.0,0.9503,0.0,completed,,0.98,10.681181
383,-7.995,-3.9,0,1.0,0.1667,14,6720,70,150.0,0.0,150.0,1.0,0.8333,0.0714,1,0,1,0.0714,0.0,0.0714,0,0.8571,0.1429,0.9286,12,13,14,0.0,0.0,0.0,0.0714,0.0,0.0,1.0,1.0,0,0,0.6667,3,2,0.5166,0.1,0.0714,0.8571,0.0,0.2143,0.0,0.0,0.6667,0.0,0.0,0.0,-0.0,0.0,enter_inner,obstacle,0.98,10.71213
384,-10.0,-5.4996,0,3.0,0.5,32,15360,70,150.0,2.5598,152.5598,1.0,1.0938,0.0938,0,0,0,0.0000,0.0,0.0000,0,0.6875,0.3125,0.8438,22,27,32,0.8533,0.8533,3.9676,0.1562,0.8,0.0,0.2,0.2,0,0,0.6154,13,8,0.5926,0.1,0.1562,0.875,0.0625,0.4062,0.0,0.0,0.6154,0.0,0.0,0.0,0.5004,0.0,return_outer,obstacle,0.98,10.226438
385,-10.0,-6.22,0,1.0,0.1667,17,8160,70,150.0,0.0,150.0,1.0,0.6863,0.0588,1,0,1,0.0588,0.0,0.0588,0,0.9412,0.0588,0.9412,16,16,17,0.0,0.0,0.0,0.0588,0.0,1.0,0.0,1.0,0,0,0.4286,7,3,0.5325,0.1,0.0588,0.7647,0.0,0.4118,0.0,0.0,0.4286,0.0,0.0,0.0,-0.0,0.0,enter_inner,obstacle,0.98,10.174775
386,59.177,28.8668,1,6.0,1.0,44,21120,44,138.8571,0.7982,139.6553,0.6286,1.5909,0.1364,1,0,1,0.0227,0.0,0.0227,0,0.7727,0.2273,0.8636,34,38,44,0.1596,0.1596,1.2372,0.1364,0.1667,0.3333,0.5,0.8333,0,0,0.619,21,13,0.5514,0.1,0.1136,0.8864,0.0,0.4773,0.0,0.0,0.619,0.0,0.0,0.0,1.0114,0.0,completed,,0.98,10.66412
387,55.2553,26.9538,1,6.0,1.0,44,21120,44,138.8571,2.3834,141.2405,0.6286,1.5909,0.1364,1,0,1,0.0227,0.0,0.0227,0,0.75,0.25,0.8409,33,37,44,0.4767,0.4767,3.6942,0.1591,0.4286,0.1429,0.4286,0.5714,0,0,0.6667,12,8,0.5541,0.1,0.0682,0.7045,0.0227,0.2727,0.0,0.0,0.6667,0.0,0.0,0.0,1.0042,0.0,completed,,0.98,9.153397
388,9.758,4.76,0,3.0,0.5,22,10560,70,150.0,0.0,150.0,1.0,1.5909,0.1364,1,0,1,0.0455,0.0,0.0455,0,0.8636,0.1364,0.8636,19,19,22,0.0,0.0,0.0,0.1364,0.0,1.0,0.0,1.0,0,0,0.8182,11,9,0.5686,0.1,0.0909,0.8636,0.0455,0.5,0.0,0.0,0.8182,0.0,0.0,0.0,-0.0,0.0,return_outer,obstacle,0.98,9.404161
389,64.4059,31.4175,1,6.0,1.0,41,19680,41,137.5714,0.7758,138.3472,0.5857,1.7073,0.1463,1,0,1,0.0244,0.0,0.0244,0,0.7805,0.2195,0.878,32,36,41,0.1552,0.1552,1.2025,0.1463,0.1667,0.5,0.3333,0.8333,0,0,0.8,10,8,0.5665,0.1,0.0732,0.7805,0.0732,0.2439,0.0,0.0,0.8,0.0,0.0,0.0,1.0114,0.0,completed,,0.98,9.294789
390,14.8333,7.2357,0,4.0,0.6667,26,12480,70,150.0,0.6131,150.6131,1.0,1.7949,0.1538,1,0,1,0.0385,0.0,0.0385,0,0.8462,0.1538,0.8462,22,22,26,0.1533,0.1533,0.9503,0.1538,0.25,0.0,0.75,0.75,0,0,0.6667,3,2,0.5322,0.1,0.0385,0.7308,0.0,0.1154,0.0,0.0,0.6667,0.0,0.0,0.0,0.5623,0.0,outer_patrol_b,road_edge,0.98,8.759234
391,64.0583,31.248,1,6.0,1.0,41,19680,41,137.5714,0.6065,138.1779,0.5857,1.7073,0.1463,0,0,0,0.0000,0.0,0.0000,0,0.7317,0.2683,0.8293,30,34,41,0.1213,0.1213,0.94,0.1707,0.1429,0.2857,0.5714,0.8571,0,0,0.7857,14,11,0.5594,0.1,0.0976,0.8049,0.0488,0.3415,0.0,0.0,0.7857,0.0,0.0,0.0,0.9557,0.0,completed,,0.98,8.121407
392,-10.0,-6.429,0,1.0,0.1667,16,7680,70,150.0,0.8897,150.8897,1.0,0.7292,0.0625,0,0,0,0.0000,0.0,0.0000,0,0.875,0.125,0.875,14,14,16,0.8897,0.8897,1.379,0.125,0.5,0.0,0.5,0.5,0,0,0.5,6,3,0.5435,0.1,0.125,0.625,0.0625,0.375,0.0,0.0,0.5,0.0,0.0,0.0,0.6931,0.0,enter_inner,obstacle,0.98,8.233305
393,69.8323,34.0645,1,6.0,1.0,37,17760,37,135.8571,0.7777,136.6349,0.5286,1.8919,0.1622,0,0,0,0.0000,0.0,0.0000,0,0.8378,0.1622,0.8378,31,31,37,0.1555,0.1555,1.2055,0.1622,0.1667,0.8333,0.0,0.8333,0,0,0.7778,9,7,0.5532,0.1,0.0811,0.7297,0.0,0.2432,0.0,0.0,0.7778,0.0,0.0,0.0,0.4506,0.0,completed,,0.98,9.330655
394,12.8647,6.2755,0,5.0,0.8333,45,21600,70,150.0,2.9023,152.9023,1.0,1.2963,0.1111,1,0,1,0.0222,0.0,0.0222,0,0.7778,0.2222,0.8222,35,37,45,0.5805,0.5805,4.4985,0.1778,0.5,0.25,0.25,0.5,0,0,0.6875,16,11,0.5655,0.1,0.2,0.8,0.0222,0.3556,0.0,0.0,0.6875,0.0,0.0,0.0,1.0397,0.0,final_park,wall,0.98,10.330388
395,-9.881,-4.82,0,1.0,0.1667,15,7200,70,150.0,0.0,150.0,1.0,0.7778,0.0667,0,0,0,0.0000,0.0,0.0000,0,0.8,0.2,0.9333,12,14,15,0.0,0.0,0.0,0.0667,0.0,1.0,0.0,1.0,0,0,0.5,2,1,0.5215,0.1,0.0667,0.5333,0.0667,0.1333,0.0,0.0,0.5,0.0,0.0,0.0,-0.0,0.0,enter_inner,obstacle,0.98,9.371794
396,64.3066,31.3691,1,6.0,1.0,40,19200,40,137.1429,1.5993,138.7422,0.5714,1.75,0.15,0,0,0,0.0000,0.0,0.0000,0,0.775,0.225,0.825,31,33,40,0.3199,0.3199,2.4789,0.175,0.2857,0.2857,0.4286,0.7143,0,0,0.7143,7,5,0.537,0.1,0.075,0.875,0.025,0.175,0.0,0.0,0.7143,0.0,0.0,0.0,1.079,0.0,completed,,0.98,10.280494
397,38.9958,19.0224,1,6.0,1.0,52,24960,52,142.2857,3.9985,146.2842,0.7429,1.3462,0.1154,1,0,1,0.0192,0.0,0.0192,0,0.75,0.25,0.8462,39,44,52,0.7997,0.7997,6.1976,0.1538,0.625,0.125,0.25,0.375,0,0,0.6364,22,14,0.5894,0.1,0.2308,0.8077,0.0769,0.4231,0.0,0.0,0.6364,0.0,0.0,0.0,0.9003,0.0,completed,,0.98,10.78103
398,-7.954,-3.88,0,1.0,0.1667,14,6720,70,150.0,0.0,150.0,1.0,0.8333,0.0714,1,0,1,0.0714,0.0,0.0714,0,0.9286,0.0714,0.9286,13,13,14,0.0,0.0,0.0,0.0714,0.0,1.0,0.0,1.0,0,0,0.0,1,0,0.5039,0.1,0.0,0.5714,0.0,0.0714,0.0,0.0,0.0,0.0,0.0,0.0,-0.0,0.0,enter_inner,obstacle,0.98,11.375925
399,-10.0,-8.92,0,0.0,0.0,8,3840,70,150.0,0.0,150.0,1.0,0.0,0.0,1,0,1,0.1250,0.0,0.1250,0,0.875,0.125,1.0,7,8,8,0.0,0.0,0.0,0.0,0.0,0.0,0.0,0.0,0,0,0.0,0,0,0.524,0.1,0.0,0.625,0.0,0.0,0.0,0.0,0.0,0.0,0.0,0.0,0.0,0.0,outer_patrol_a,road_edge,0.98,10.867251
400,-9.594,-4.68,0,1.0,0.1667,15,7200,70,150.0,0.0,150.0,1.0,0.7778,0.0667,1,0,1,0.0667,0.0,0.0667,0,0.8667,0.1333,0.9333,13,14,15,0.0,0.0,0.0,0.0667,0.0,0.0,1.0,1.0,0,0,0.5,4,2,0.5177,0.1,0.0667,0.8,0.0,0.2667,0.0,0.0,0.5,0.0,0.0,0.0,-0.0,0.0,enter_inner,obstacle,0.98,10.644985
401,-10.0,-6.46,0,1.0,0.1667,17,8160,70,150.0,0.0,150.0,1.0,0.6863,0.0588,1,0,1,0.0588,0.0,0.0588,0,0.7647,0.2353,0.9412,13,16,17,0.0,0.0,0.0,0.0588,0.0,1.0,0.0,1.0,0,0,0.4,5,2,0.5288,0.1,0.0588,0.7647,0.0588,0.2941,0.0,0.0,0.4,0.0,0.0,0.0,-0.0,0.0,enter_inner,obstacle,0.98,9.897814
402,61.6227,30.0599,1,6.0,1.0,42,20160,42,138.0,0.8052,138.8052,0.6,1.6667,0.1429,1,0,1,0.0238,0.0,0.0238,0,0.7619,0.2381,0.8571,32,36,42,0.161,0.161,1.2481,0.1429,0.1667,0.3333,0.5,0.8333,0,0,0.6667,12,8,0.5565,0.1,0.119,0.7857,0.0,0.2857,0.0,0.0,0.6667,0.0,0.0,0.0,1.0114,0.0,completed,,0.98,7.872065
403,68.3745,33.3534,1,6.0,1.0,38,18240,38,136.2857,0.8223,137.108,0.5429,1.8421,0.1579,1,0,1,0.0263,0.0,0.0263,0,0.7368,0.2632,0.8421,28,32,38,0.1645,0.1645,1.2746,0.1579,0.1667,0.3333,0.5,0.8333,0,0,1.0,8,8,0.5346,0.1,0.0789,0.7632,0.0,0.2105,0.0,0.0,1.0,0.0,0.0,0.0,1.0114,0.0,completed,,0.98,6.333553
404,-10.0,-8.14,0,0.0,0.0,7,3360,70,150.0,0.0,150.0,1.0,0.0,0.0,1,0,1,0.1429,0.0,0.1429,0,0.8571,0.1429,1.0,6,7,7,0.0,0.0,0.0,0.0,0.0,0.0,0.0,0.0,0,0,1.0,2,2,0.5009,0.1,0.0,0.8571,0.0,0.2857,0.0,0.0,1.0,0.0,0.0,0.0,0.0,0.0,outer_patrol_a,road_edge,0.98,6.235316
405,64.6033,31.5138,1,6.0,1.0,40,19200,40,137.1429,0.6943,137.8372,0.5714,1.75,0.15,1,0,1,0.0250,0.0,0.0250,0,0.775,0.225,0.875,31,35,40,0.1389,0.1389,1.0762,0.125,0.2,0.6,0.2,0.8,0,0,0.75,4,3,0.5253,0.1,0.025,0.75,0.0,0.1,0.0,0.0,0.75,0.0,0.0,0.0,0.9503,0.0,completed,,0.98,8.273212
406,-10.0,-6.7644,0,2.0,0.3333,23,11040,70,150.0,0.6545,150.6545,1.0,1.0145,0.087,1,0,1,0.0435,0.0,0.0435,0,0.6087,0.3913,0.913,14,21,23,0.3272,0.3272,1.0144,0.1304,0.3333,0.3333,0.3333,0.6667,0,0,0.5455,11,6,0.5526,0.1,0.0435,0.7826,0.0435,0.4783,0.0,0.0,0.5455,0.0,0.0,0.0,1.0986,0.0,inner_patrol,obstacle,0.98,9.264774
407,-10.0,-6.112,0,1.0,0.1667,17,8160,70,150.0,0.0,150.0,1.0,0.6863,0.0588,1,0,1,0.0588,0.0,0.0588,0,0.7647,0.2353,0.8824,13,15,17,0.0,0.0,0.0,0.1176,0.0,0.5,0.5,1.0,0,0,0.5,4,2,0.5284,0.1,0.1176,0.8235,0.0,0.2353,0.0,0.0,0.5,0.0,0.0,0.0,0.6931,0.0,enter_inner,obstacle,0.98,9.857839
408,-3.1121,-1.5181,0,3.0,0.5,29,13920,70,150.0,0.6478,150.6478,1.0,1.2069,0.1034,1,0,1,0.0345,0.0,0.0345,0,0.6897,0.3103,0.8621,20,25,29,0.2159,0.2159,1.0041,0.1379,0.25,0.5,0.25,0.75,0,0,0.6667,12,8,0.5746,0.1,0.1379,0.7241,0.0345,0.4138,0.0,0.0,0.6667,0.0,0.0,0.0,1.0397,0.0,return_outer,obstacle,0.98,10.418297
409,57.5919,28.0936,1,6.0,1.0,42,20160,42,138.0,2.5461,140.5461,0.6,1.6667,0.1429,0,0,0,0.0000,0.0,0.0000,0,0.7381,0.2619,0.8333,31,35,42,0.5092,0.5092,3.9464,0.1667,0.4286,0.1429,0.4286,0.5714,0,0,0.7778,9,7,0.5421,0.1,0.0952,0.8333,0.0238,0.2143,0.0,0.0,0.7778,0.0,0.0,0.0,1.0042,0.0,completed,,0.98,9.47866
410,10.5698,5.156,0,3.0,0.5,22,10560,70,150.0,0.0,150.0,1.0,1.5909,0.1364,1,0,1,0.0455,0.0,0.0455,0,0.8636,0.1364,0.8636,19,19,22,0.0,0.0,0.0,0.1364,0.0,0.3333,0.6667,1.0,0,0,0.5,4,2,0.5639,0.1,0.1364,0.7727,0.0455,0.1818,0.0,0.0,0.5,0.0,0.0,0.0,0.6365,0.0,return_outer,obstacle,0.98,10.975206
411,-10.0,-6.9,0,0.0,0.0,9,4320,70,150.0,0.0,150.0,1.0,0.0,0.0,1,0,1,0.1111,0.0,0.1111,0,0.8889,0.1111,1.0,8,9,9,0.0,0.0,0.0,0.0,0.0,0.0,0.0,0.0,0,0,0.0,0,0,0.4878,0.1,0.0,0.6667,0.0,0.0,0.0,0.0,0.0,0.0,0.0,0.0,0.0,0.0,outer_patrol_a,road_edge,0.98,9.565858
412,-10.0,-10.38,0,0.0,0.0,1,480,70,150.0,0.0,150.0,1.0,0.0,0.0,1,0,1,1.0000,0.0,1.0000,0,1.0,0.0,1.0,1,1,1,0.0,0.0,0.0,0.0,0.0,0.0,0.0,0.0,0,0,0.0,0,0,0.4967,0.1,0.0,0.0,0.0,0.0,0.0,0.0,0.0,0.0,0.0,0.0,0.0,0.0,outer_patrol_a,road_edge,0.98,9.565858
413,-10.0,-9.38,0,0.0,0.0,5,2400,70,150.0,0.0,150.0,1.0,0.0,0.0,1,0,1,0.2000,0.0,0.2000,0,0.8,0.2,1.0,4,5,5,0.0,0.0,0.0,0.0,0.0,0.0,0.0,0.0,0,0,0.0,0,0,0.4848,0.1,0.0,0.8,0.0,0.0,0.0,0.0,0.0,0.0,0.0,0.0,0.0,0.0,outer_patrol_a,road_edge,0.98,11.114014
414,-10.0,-7.915,0,1.0,0.1667,18,8640,70,150.0,0.6871,150.6871,1.0,0.6481,0.0556,1,0,1,0.0556,0.0,0.0556,0,0.7222,0.2778,0.8889,13,16,18,0.6871,0.6871,1.065,0.1111,0.5,0.0,0.5,0.5,0,0,0.7143,7,5,0.5518,0.1,0.0556,0.7222,0.0556,0.3889,0.0,0.0,0.7143,0.0,0.0,0.0,0.6931,0.0,enter_inner,obstacle,0.98,10.902436
415,49.8711,24.3274,1,6.0,1.0,46,22080,46,139.7143,3.9036,143.6179,0.6571,1.5217,0.1304,1,0,1,0.0217,0.0,0.0217,0,0.6957,0.3043,0.8043,32,37,46,0.7807,0.7807,6.0506,0.1957,0.5556,0.1111,0.3333,0.4444,0,0,0.8333,12,10,0.5742,0.1,0.1522,0.7826,0.0652,0.2609,0.0,0.0,0.8333,0.0,0.0,0.0,0.9369,0.0,completed,,0.98,12.915502
416,-2.542,-1.24,0,2.0,0.3333,17,8160,70,150.0,0.0,150.0,1.0,1.3725,0.1176,1,0,1,0.0588,0.0,0.0588,0,0.6471,0.3529,0.8824,11,15,17,0.0,0.0,0.0,0.1176,0.0,0.5,0.5,1.0,0,0,1.0,4,4,0.5104,0.1,0.0588,0.8235,0.0,0.2353,0.0,0.0,1.0,0.0,0.0,0.0,0.6931,0.0,inner_patrol,obstacle,0.98,11.867614
417,11.3526,5.5379,0,4.0,0.6667,40,19200,70,150.0,0.8724,150.8724,1.0,1.1667,0.1,1,0,1,0.0250,0.0,0.0250,0,0.725,0.275,0.9,29,36,40,0.2181,0.2181,1.3521,0.1,0.25,0.25,0.5,0.75,0,0,0.7,10,7,0.5366,0.1,0.05,0.85,0.025,0.25,0.0,0.0,0.7,0.0,0.0,0.0,1.0397,0.0,outer_patrol_b,road_edge,0.98,10.435125
418,58.9565,28.7593,1,6.0,1.0,43,20640,43,138.4286,2.1798,140.6084,0.6143,1.6279,0.1395,0,0,0,0.0000,0.0,0.0000,0,0.814,0.186,0.8372,35,36,43,0.436,0.436,3.3787,0.1628,0.4286,0.1429,0.4286,0.5714,0,0,0.7143,14,10,0.5538,0.1,0.1628,0.7674,0.0233,0.3256,0.0,0.0,0.7143,0.0,0.0,0.0,1.0042,0.0,completed,,0.98,9.576374
419,59.0594,28.8094,1,6.0,1.0,41,19680,41,137.5714,3.1629,140.7344,0.5857,1.7073,0.1463,1,0,1,0.0244,0.0,0.0244,0,0.7561,0.2439,0.7805,31,32,41,0.6326,0.6326,4.9026,0.2195,0.4444,0.2222,0.3333,0.5556,0,0,0.9231,13,12,0.5735,0.1,0.1707,0.8049,0.0732,0.3171,0.0,0.0,0.9231,0.0,0.0,0.0,1.0609,0.0,completed,,0.98,9.451207
420,49.1928,23.9965,1,6.0,1.0,48,23040,48,140.5714,1.9571,142.5285,0.6857,1.4583,0.125,1,0,1,0.0208,0.0,0.0208,0,0.7083,0.2917,0.875,34,42,48,0.3914,0.3914,3.0335,0.125,0.5,0.1667,0.3333,0.5,0,0,0.8182,11,9,0.5473,0.1,0.0833,0.7917,0.0,0.2292,0.0,0.0,0.8182,0.0,0.0,0.0,1.0114,0.0,completed,,0.98,9.687211
421,57.8803,28.2343,1,6.0,1.0,44,21120,44,138.8571,0.8475,139.7047,0.6286,1.5909,0.1364,1,0,1,0.0227,0.0,0.0227,0,0.7273,0.2727,0.8636,32,38,44,0.1695,0.1695,1.3137,0.1364,0.1667,0.3333,0.5,0.8333,0,0,0.7857,14,11,0.564,0.1,0.0909,0.8182,0.0455,0.3182,0.0,0.0,0.7857,0.0,0.0,0.0,1.0114,0.0,completed,,0.98,7.915522
422,-10.0,-8.148,0,1.0,0.1667,18,8640,70,150.0,0.889,150.889,1.0,0.6481,0.0556,1,0,1,0.0556,0.0,0.0556,0,0.7778,0.2222,0.8889,14,16,18,0.889,0.889,1.378,0.1111,0.5,0.0,0.5,0.5,0,0,0.8,5,4,0.5641,0.1,0.1111,0.7778,0.1111,0.2778,0.0,0.0,0.8,0.0,0.0,0.0,0.6931,0.0,enter_inner,obstacle,0.98,7.751786
423,59.7539,29.1482,1,6.0,1.0,41,19680,41,137.5714,2.6179,140.1893,0.5857,1.7073,0.1463,1,0,1,0.0244,0.0,0.0244,0,0.7805,0.2195,0.8293,32,34,41,0.5236,0.5236,4.0578,0.1707,0.4286,0.2857,0.2857,0.5714,0,0,1.0,7,7,0.553,0.1,0.0732,0.7317,0.0488,0.1707,0.0,0.0,1.0,0.0,0.0,0.0,1.079,0.0,completed,,0.98,8.354912
424,-1.3161,-0.642,0,2.0,0.3333,17,8160,70,150.0,0.0,150.0,1.0,1.3725,0.1176,1,0,1,0.0588,0.0,0.0588,0,0.7647,0.2353,0.8235,13,14,17,0.0,0.0,0.0,0.1765,0.0,0.6667,0.3333,1.0,0,0,0.5,6,3,0.5554,0.1,0.1176,0.8235,0.1176,0.3529,0.0,0.0,0.5,0.0,0.0,0.0,0.6365,0.0,inner_patrol,obstacle,0.98,8.283203
425,61.9786,30.2335,1,6.0,1.0,43,20640,43,138.4286,0.7036,139.1321,0.6143,1.6279,0.1395,1,0,1,0.0233,0.0,0.0233,0,0.7442,0.2558,0.8372,32,36,43,0.1407,0.1407,1.0905,0.1628,0.1429,0.1429,0.7143,0.8571,0,0,0.7692,13,10,0.5544,0.1,0.1163,0.7442,0.0233,0.3023,0.0,0.0,0.7692,0.0,0.0,0.0,0.7963,0.0,completed,,0.98,9.829856
426,70.0166,34.1545,1,6.0,1.0,38,18240,38,136.2857,0.6075,136.8932,0.5429,1.8421,0.1579,1,0,1,0.0263,0.0,0.0263,0,0.7895,0.2105,0.8421,30,32,38,0.1215,0.1215,0.9415,0.1579,0.1667,0.3333,0.5,0.8333,0,0,0.8333,12,10,0.5579,0.1,0.0789,0.7632,0.0526,0.3158,0.0,0.0,0.8333,0.0,0.0,0.0,1.0114,0.0,completed,,0.98,8.785234
427,56.5761,27.5981,1,6.0,1.0,44,21120,44,138.8571,2.1432,141.0003,0.6286,1.5909,0.1364,1,0,1,0.0227,0.0,0.0227,0,0.75,0.25,0.8182,33,36,44,0.4286,0.4286,3.3219,0.1818,0.375,0.25,0.375,0.625,0,0,0.8125,16,13,0.5737,0.1,0.1591,0.7727,0.0455,0.3636,0.0,0.0,0.8125,0.0,0.0,0.0,1.0822,0.0,completed,,0.98,9.949494
428,0.3045,0.1485,0,3.0,0.5,26,12480,70,150.0,1.3364,151.3364,1.0,1.3462,0.1154,0,0,0,0.0000,0.0,0.0000,0,0.7692,0.2308,0.8462,20,22,26,0.4455,0.4455,2.0715,0.1538,0.5,0.5,0.0,0.5,0,0,0.8182,11,9,0.5808,0.1,0.1538,0.9615,0.0769,0.4231,0.0,0.0,0.8182,0.0,0.0,0.0,0.6931,0.0,return_outer,obstacle,0.98,9.705689
429,-9.5033,-4.6358,0,2.0,0.3333,21,10080,70,150.0,0.6734,150.6734,1.0,1.1111,0.0952,1,0,1,0.0476,0.0,0.0476,0,0.619,0.381,0.8571,13,18,21,0.3367,0.3367,1.0438,0.1429,0.3333,0.3333,0.3333,0.6667,0,0,0.4,5,2,0.5514,0.1,0.1429,0.6667,0.0952,0.2381,0.0,0.0,0.4,0.0,0.0,0.0,1.0986,0.0,inner_patrol,obstacle,0.98,9.084636
430,-10.0,-9.14,0,0.0,0.0,3,1440,70,150.0,0.0,150.0,1.0,0.0,0.0,0,0,0,0.0000,0.0,0.0000,0,1.0,0.0,1.0,3,3,3,0.0,0.0,0.0,0.0,0.0,0.0,0.0,0.0,0,0,0.0,0,0,0.4881,0.1,0.0,0.6667,0.0,0.0,0.0,0.0,0.0,0.0,0.0,0.0,0.0,0.0,outer_patrol_a,road_edge,0.98,9.341214
431,-10.0,-5.6,0,1.0,0.1667,16,7680,70,150.0,0.0,150.0,1.0,0.7292,0.0625,0,0,0,0.0000,0.0,0.0000,0,0.8125,0.1875,0.9375,13,15,16,0.0,0.0,0.0,0.0625,0.0,1.0,0.0,1.0,0,0,0.0,2,0,0.5013,0.1,0.0625,0.75,0.0,0.125,0.0,0.0,0.0,0.0,0.0,0.0,-0.0,0.0,enter_inner,obstacle,0.98,8.558103
432,67.1336,32.7481,1,6.0,1.0,39,18720,39,136.7143,1.3586,138.0729,0.5571,1.7949,0.1538,1,0,1,0.0256,0.0,0.0256,0,0.7949,0.2051,0.8205,31,32,39,0.2717,0.2717,2.1059,0.1795,0.2857,0.2857,0.4286,0.7143,0,0,0.8182,11,9,0.5465,0.1,0.0769,0.8974,0.0256,0.2821,0.0,0.0,0.8182,0.0,0.0,0.0,1.079,0.0,completed,,0.98,8.644899
433,-7.954,-3.88,0,1.0,0.1667,14,6720,70,150.0,0.0,150.0,1.0,0.8333,0.0714,0,0,0,0.0000,0.0,0.0000,0,0.9286,0.0714,0.9286,13,13,14,0.0,0.0,0.0,0.0714,0.0,1.0,0.0,1.0,0,0,0.5,2,1,0.5205,0.1,0.0714,0.5714,0.0,0.1429,0.0,0.0,0.5,0.0,0.0,0.0,-0.0,0.0,enter_inner,obstacle,0.98,8.41224
434,4.0852,1.9928,0,4.0,0.6667,44,21120,70,150.0,1.9827,151.9827,1.0,1.0606,0.0909,1,0,1,0.0227,0.0,0.0227,0,0.7045,0.2955,0.8636,31,38,44,0.4957,0.4957,3.0732,0.1364,0.5,0.1667,0.3333,0.5,0,0,0.6667,15,10,0.5595,0.1,0.1364,0.7273,0.0227,0.3409,0.0,0.0,0.6667,0.0,0.0,0.0,1.0114,0.0,outer_patrol_b,road_edge,0.98,9.322525
435,-1.0904,-0.5319,0,4.0,0.6667,31,14880,70,150.0,3.2838,153.2838,1.0,1.5054,0.129,1,0,1,0.0323,0.0,0.0323,0,0.6452,0.3548,0.7742,20,24,31,0.821,0.821,5.0899,0.2258,0.5714,0.2857,0.1429,0.4286,0,0,0.6667,6,4,0.5688,0.1,0.1613,0.6774,0.0645,0.1935,0.0,0.0,0.6667,0.0,0.0,0.0,0.9557,0.0,outer_patrol_b,road_edge,0.98,10.096125
436,13.1656,6.4223,0,5.0,0.8333,43,20640,70,150.0,3.4682,153.4682,1.0,1.3566,0.1163,1,0,1,0.0233,0.0,0.0233,0,0.7442,0.2558,0.814,32,35,43,0.6936,0.6936,5.3757,0.186,0.5,0.375,0.125,0.5,0,0,0.8125,16,13,0.5647,0.1,0.093,0.7907,0.0,0.3721,0.0,0.0,0.8125,0.0,0.0,0.0,0.9743,0.0,final_park,wall,0.98,9.490859
437,59.5815,29.0641,1,6.0,1.0,43,20640,43,138.4286,1.5251,139.9536,0.6143,1.6279,0.1395,0,0,0,0.0000,0.0,0.0000,0,0.7674,0.2326,0.8605,33,37,43,0.305,0.305,2.3639,0.1395,0.3333,0.3333,0.3333,0.6667,0,0,0.8333,6,5,0.5517,0.1,0.093,0.6744,0.0,0.1395,0.0,0.0,0.8333,0.0,0.0,0.0,1.0986,0.0,completed,,0.98,9.131125
438,52.8756,25.793,1,6.0,1.0,45,21600,45,139.2857,2.9194,142.2051,0.6429,1.5556,0.1333,1,0,1,0.0222,0.0,0.0222,0,0.7333,0.2667,0.8222,33,37,45,0.5839,0.5839,4.525,0.1778,0.5,0.125,0.375,0.5,0,0,0.8462,13,11,0.5685,0.1,0.1556,0.8444,0.0222,0.2889,0.0,0.0,0.8462,0.0,0.0,0.0,0.9743,0.0,completed,,0.98,7.612097
439,-9.717,-4.74,0,1.0,0.1667,15,7200,70,150.0,0.0,150.0,1.0,0.7778,0.0667,0,0,0,0.0000,0.0,0.0000,0,0.8667,0.1333,0.9333,13,14,15,0.0,0.0,0.0,0.0667,0.0,1.0,0.0,1.0,0,0,0.6667,3,2,0.5357,0.1,0.0667,0.7333,0.0667,0.2,0.0,0.0,0.6667,0.0,0.0,0.0,-0.0,0.0,enter_inner,obstacle,0.98,7.743585
440,57.4691,28.0337,1,6.0,1.0,44,21120,44,138.8571,1.6415,140.4986,0.6286,1.5909,0.1364,1,0,1,0.0227,0.0,0.0227,0,0.75,0.25,0.8182,33,36,44,0.3283,0.3283,2.5443,0.1818,0.25,0.5,0.25,0.75,0,0,0.7143,14,10,0.5599,0.1,0.1364,0.75,0.0455,0.3182,0.0,0.0,0.7143,0.0,0.0,0.0,1.0397,0.0,completed,,0.98,8.625031
441,59.4664,29.008,1,6.0,1.0,44,21120,44,138.8571,0.0,138.8571,0.6286,1.5909,0.1364,1,0,1,0.0227,0.0,0.0227,0,0.75,0.25,0.8636,33,38,44,0.0,0.0,0.0,0.1364,0.0,0.6667,0.3333,1.0,0,0,0.75,16,12,0.5548,0.1,0.1136,0.8182,0.0227,0.3636,0.0,0.0,0.75,0.0,0.0,0.0,0.6365,0.0,completed,,0.98,8.193555
442,-6.551,-3.1956,0,2.0,0.3333,22,10560,70,150.0,0.7133,150.7133,1.0,1.0606,0.0909,0,0,0,0.0000,0.0,0.0000,0,0.6364,0.3636,0.9091,14,20,22,0.3566,0.3566,1.1056,0.0909,0.5,0.0,0.5,0.5,0,0,0.75,8,6,0.5311,0.1,0.0909,0.9091,0.0,0.3636,0.0,0.0,0.75,0.0,0.0,0.0,0.6931,0.0,inner_patrol,obstacle,0.98,7.972752
443,65.3499,31.878,1,6.0,1.0,41,19680,41,137.5714,0.0,137.5714,0.5857,1.7073,0.1463,1,0,1,0.0244,0.0,0.0244,0,0.7561,0.2439,0.8537,31,35,41,0.0,0.0,0.0,0.1463,0.0,0.5,0.5,1.0,0,0,0.75,8,6,0.5588,0.1,0.0976,0.8049,0.0488,0.1951,0.0,0.0,0.75,0.0,0.0,0.0,0.6931,0.0,completed,,0.98,9.082852
444,-6.232,-3.04,0,1.0,0.1667,13,6240,70,150.0,0.0,150.0,1.0,0.8974,0.0769,0,0,0,0.0000,0.0,0.0000,0,0.9231,0.0769,0.9231,12,12,13,0.0,0.0,0.0,0.0769,0.0,0.0,1.0,1.0,0,0,1.0,3,3,0.5211,0.1,0.0,0.6154,0.0,0.2308,0.0,0.0,1.0,0.0,0.0,0.0,-0.0,0.0,enter_inner,obstacle,0.98,9.498143
445,19.6846,9.6022,0,4.0,0.6667,34,16320,70,150.0,0.8179,150.8179,1.0,1.3725,0.1176,0,0,0,0.0000,0.0,0.0000,0,0.7941,0.2059,0.8529,27,29,34,0.2045,0.2045,1.2678,0.1471,0.2,0.6,0.2,0.8,0,0,0.5714,7,4,0.5479,0.1,0.0294,0.8235,0.0294,0.2059,0.0,0.0,0.5714,0.0,0.0,0.0,0.9503,0.0,outer_patrol_b,road_edge,0.98,8.727137
446,-1.941,-0.9468,0,3.0,0.5,28,13440,70,150.0,1.447,151.447,1.0,1.25,0.1071,1,0,1,0.0357,0.0,0.0357,0,0.7143,0.2857,0.8214,20,23,28,0.4823,0.4823,2.2428,0.1786,0.4,0.2,0.4,0.6,0,0,0.6667,12,8,0.6041,0.1,0.1786,0.7143,0.1071,0.4286,0.0,0.0,0.6667,0.0,0.0,0.0,1.0549,0.0,return_outer,obstacle,0.98,8.322242
447,-10.0,-4.9,0,1.0,0.1667,15,7200,70,150.0,0.0,150.0,1.0,0.7778,0.0667,0,0,0,0.0000,0.0,0.0000,0,0.7333,0.2667,0.9333,11,14,15,0.0,0.0,0.0,0.0667,0.0,1.0,0.0,1.0,0,0,0.6667,3,2,0.5115,0.1,0.0,0.6,0.0,0.2,0.0,0.0,0.6667,0.0,0.0,0.0,-0.0,0.0,enter_inner,obstacle,0.98,7.967752
448,-9.594,-4.68,0,1.0,0.1667,15,7200,70,150.0,0.0,150.0,1.0,0.7778,0.0667,1,0,1,0.0667,0.0,0.0667,0,0.8667,0.1333,0.9333,13,14,15,0.0,0.0,0.0,0.0667,0.0,0.0,1.0,1.0,0,0,0.6667,3,2,0.5214,0.1,0.0667,0.8,0.0667,0.2,0.0,0.0,0.6667,0.0,0.0,0.0,-0.0,0.0,enter_inner,obstacle,0.98,7.258048
449,-10.0,-5.58,0,0.0,0.0,11,5280,70,150.0,0.0,150.0,1.0,0.0,0.0,1,0,1,0.0909,0.0,0.0909,0,1.0,0.0,1.0,11,11,11,0.0,0.0,0.0,0.0,0.0,0.0,0.0,0.0,0,0,0.0,1,0,0.4775,0.1,0.0,0.6364,0.0,0.0909,0.0,0.0,0.0,0.0,0.0,0.0,0.0,0.0,outer_patrol_a,road_edge,0.98,7.647387
450,-7.995,-3.9,0,1.0,0.1667,14,6720,70,150.0,0.0,150.0,1.0,0.8333,0.0714,1,0,1,0.0714,0.0,0.0714,0,0.8571,0.1429,0.9286,12,13,14,0.0,0.0,0.0,0.0714,0.0,0.0,1.0,1.0,0,0,0.6667,3,2,0.5344,0.1,0.0714,0.7143,0.0714,0.2143,0.0,0.0,0.6667,0.0,0.0,0.0,-0.0,0.0,enter_inner,obstacle,0.98,9.699247
451,68.293,33.3136,1,6.0,1.0,39,18720,39,136.7143,0.7048,137.419,0.5571,1.7949,0.1538,1,0,1,0.0256,0.0,0.0256,0,0.7949,0.2051,0.8462,31,33,39,0.141,0.141,1.0924,0.1538,0.1667,0.0,0.8333,0.8333,0,0,0.9091,11,10,0.5527,0.1,0.1026,0.8462,0.0513,0.2821,0.0,0.0,0.9091,0.0,0.0,0.0,0.4506,0.0,completed,,0.98,9.798113
452,-10.0,-6.66,0,0.0,0.0,7,3360,70,150.0,0.0,150.0,1.0,0.0,0.0,0,0,0,0.0000,0.0,0.0000,0,1.0,0.0,1.0,7,7,7,0.0,0.0,0.0,0.0,0.0,0.0,0.0,0.0,0,0,0.0,0,0,0.4768,0.1,0.0,0.5714,0.0,0.0,0.0,0.0,0.0,0.0,0.0,0.0,0.0,0.0,outer_patrol_a,road_edge,0.98,10.198336
453,-10.0,-7.26,0,1.0,0.1667,18,8640,70,150.0,0.0,150.0,1.0,0.6481,0.0556,1,0,1,0.0556,0.0,0.0556,0,0.7222,0.2778,0.9444,13,17,18,0.0,0.0,0.0,0.0556,0.0,0.0,1.0,1.0,0,0,0.5,4,2,0.5291,0.1,0.0556,0.5,0.0556,0.2222,0.0,0.0,0.5,0.0,0.0,0.0,-0.0,0.0,enter_inner,obstacle,0.98,10.443104
454,71.6434,34.948,1,6.0,1.0,37,17760,37,135.8571,0.0,135.8571,0.5286,1.8919,0.1622,1,0,1,0.0270,0.0,0.0270,0,0.7838,0.2162,0.8378,29,31,37,0.0,0.0,0.0,0.1622,0.0,0.6667,0.3333,1.0,0,0,0.9231,13,12,0.553,0.1,0.1081,0.8108,0.027,0.3514,0.0,0.0,0.9231,0.0,0.0,0.0,0.6365,0.0,completed,,0.98,9.760294
455,-3.813,-1.86,0,2.0,0.3333,18,8640,70,150.0,0.0,150.0,1.0,1.2963,0.1111,1,0,1,0.0556,0.0,0.0556,0,0.7778,0.2222,0.8889,14,16,18,0.0,0.0,0.0,0.1111,0.0,0.5,0.5,1.0,0,0,0.6,5,3,0.5209,0.1,0.0556,0.6111,0.0,0.2778,0.0,0.0,0.6,0.0,0.0,0.0,0.6931,0.0,inner_patrol,obstacle,0.98,11.564873
456,-10.0,-9.3724,0,1.0,0.1667,20,9600,70,150.0,0.6209,150.6209,1.0,0.5833,0.05,1,0,1,0.0500,0.0,0.0500,0,0.75,0.25,0.9,15,18,20,0.6209,0.6209,0.9624,0.1,0.5,0.0,0.5,0.5,0,0,0.4286,7,3,0.5558,0.1,0.1,0.8,0.05,0.35,0.0,0.0,0.4286,0.0,0.0,0.0,0.6931,0.0,enter_inner,obstacle,0.98,11.044418
457,39.1208,19.0833,1,6.0,1.0,51,24480,51,141.8571,3.514,145.3711,0.7286,1.3725,0.1176,0,0,0,0.0000,0.0,0.0000,0,0.6275,0.3725,0.8431,32,43,51,0.7028,0.7028,5.4467,0.1569,0.625,0.25,0.125,0.375,0,0,1.0,8,8,0.5468,0.1,0.0784,0.8039,0.0392,0.1569,0.0,0.0,1.0,0.0,0.0,0.0,0.9003,0.0,completed,,0.98,9.625677
458,-10.0,-8.82,0,1.0,0.1667,20,9600,70,150.0,0.0,150.0,1.0,0.5833,0.05,1,0,1,0.0500,0.0,0.0500,0,0.75,0.25,0.95,15,19,20,0.0,0.0,0.0,0.05,0.0,0.0,1.0,1.0,0,0,0.2,5,1,0.5398,0.1,0.05,0.6,0.05,0.25,0.0,0.0,0.2,0.0,0.0,0.0,-0.0,0.0,enter_inner,obstacle,0.98,10.146212
459,17.475,8.5244,0,4.0,0.6667,33,15840,70,150.0,1.6088,151.6088,1.0,1.4141,0.1212,0,0,0,0.0000,0.0,0.0000,0,0.8485,0.1515,0.8788,28,29,33,0.4022,0.4022,2.4936,0.1212,0.5,0.25,0.25,0.5,0,0,0.8571,7,6,0.5409,0.1,0.0909,0.697,0.0,0.2121,0.0,0.0,0.8571,0.0,0.0,0.0,1.0397,0.0,outer_patrol_b,road_edge,0.98,9.985392
460,-7.0971,-3.462,0,1.0,0.1667,14,6720,70,150.0,0.0,150.0,1.0,0.8333,0.0714,1,0,1,0.0714,0.0,0.0714,0,0.8571,0.1429,0.8571,12,12,14,0.0,0.0,0.0,0.1429,0.0,0.5,0.5,1.0,0,0,0.75,4,3,0.5482,0.1,0.0714,0.7143,0.0714,0.2857,0.0,0.0,0.75,0.0,0.0,0.0,0.6931,0.0,enter_inner,obstacle,0.98,10.456982
461,-10.0,-8.3521,0,1.0,0.1667,17,8160,70,150.0,1.7497,151.7497,1.0,0.6863,0.0588,1,0,1,0.0588,0.0,0.0588,0,0.7647,0.2353,0.8235,13,14,17,1.7497,1.7497,2.7121,0.1176,1.0,0.0,0.0,0.0,0,0,0.8333,6,5,0.5866,0.1,0.1765,0.6471,0.1765,0.3529,0.0,0.0,0.8333,0.0,0.0,0.0,-0.0,0.0,enter_inner,red_light,0.98,10.154468
462,55.4903,27.0684,1,6.0,1.0,43,20640,43,138.4286,2.5559,140.9844,0.6143,1.6279,0.1395,0,0,0,0.0000,0.0,0.0000,0,0.7442,0.2558,0.8372,32,36,43,0.5112,0.5112,3.9616,0.1628,0.4286,0.1429,0.4286,0.5714,0,0,0.8,15,12,0.5542,0.1,0.0698,0.7907,0.0,0.3488,0.0,0.0,0.8,0.0,0.0,0.0,1.0042,0.0,completed,,0.98,9.732326
463,-10.0,-6.3466,0,2.0,0.3333,22,10560,70,150.0,1.3655,151.3655,1.0,1.0606,0.0909,1,0,1,0.0455,0.0,0.0455,0,0.6818,0.3182,0.8636,15,19,22,0.6828,0.6828,2.1166,0.1364,0.6667,0.0,0.3333,0.3333,0,0,0.5,8,4,0.5837,0.1,0.1818,0.6818,0.0909,0.3636,0.0,0.0,0.5,0.0,0.0,0.0,0.6365,0.0,inner_patrol,obstacle,0.98,10.473743
464,23.1442,11.2899,0,5.0,0.8333,39,18720,70,150.0,2.662,152.662,1.0,1.4957,0.1282,1,0,1,0.0256,0.0,0.0256,0,0.8205,0.1795,0.8205,32,32,39,0.5324,0.5324,4.1261,0.1795,0.5714,0.1429,0.2857,0.4286,0,0,0.75,4,3,0.5367,0.1,0.0769,0.6923,0.0256,0.1026,0.0,0.0,0.75,0.0,0.0,0.0,0.9557,0.0,final_park,wall,0.98,11.356588
465,-10.0,-7.06,0,0.0,0.0,11,5280,70,150.0,0.0,150.0,1.0,0.0,0.0,0,0,0,0.0000,0.0,0.0000,0,0.9091,0.0909,1.0,10,11,11,0.0,0.0,0.0,0.0,0.0,0.0,0.0,0.0,0,0,0.75,4,3,0.5125,0.1,0.0,0.8182,0.0,0.3636,0.0,0.0,0.75,0.0,0.0,0.0,0.0,0.0,outer_patrol_a,road_edge,0.98,10.508086
466,-7.9416,-3.874,0,2.0,0.3333,23,11040,70,150.0,2.1832,152.1832,1.0,1.0145,0.087,1,0,1,0.0435,0.0,0.0435,0,0.7391,0.2609,0.8261,17,19,23,1.0916,1.0916,3.384,0.1739,0.75,0.0,0.25,0.25,0,0,0.8571,7,6,0.5586,0.1,0.087,0.7826,0.0435,0.3043,0.0,0.0,0.8571,0.0,0.0,0.0,0.5623,0.0,inner_patrol,obstacle,0.98,10.59632
467,22.1106,10.7857,0,5.0,0.8333,40,19200,70,150.0,1.5447,151.5447,1.0,1.4583,0.125,1,0,1,0.0250,0.0,0.0250,0,0.775,0.225,0.825,31,33,40,0.3089,0.3089,2.3943,0.175,0.2857,0.1429,0.5714,0.7143,0,0,0.8,10,8,0.5514,0.1,0.1,0.825,0.0,0.25,0.0,0.0,0.8,0.0,0.0,0.0,0.9557,0.0,final_park,wall,0.98,11.068532
468,56.4547,27.5389,1,6.0,1.0,46,22080,46,139.7143,0.7711,140.4853,0.6571,1.5217,0.1304,1,0,1,0.0217,0.0,0.0217,0,0.6957,0.3043,0.8478,32,39,46,0.1542,0.1542,1.1951,0.1522,0.1429,0.2857,0.5714,0.8571,0,0,0.7273,11,8,0.5697,0.1,0.1304,0.8696,0.0652,0.2391,0.0,0.0,0.7273,0.0,0.0,0.0,0.9557,0.0,completed,,0.98,7.588425
469,69.823,34.06,1,6.0,1.0,38,18240,38,136.2857,0.0,136.2857,0.5429,1.8421,0.1579,0,0,0,0.0000,0.0,0.0000,0,0.8421,0.1579,0.8684,32,33,38,0.0,0.0,0.0,0.1316,0.0,0.8,0.2,1.0,0,0,0.8,10,8,0.5407,0.1,0.0526,0.8158,0.0,0.2632,0.0,0.0,0.8,0.0,0.0,0.0,0.5004,0.0,completed,,0.98,6.75685
470,-10.0,-5.5253,0,2.0,0.3333,25,12000,70,150.0,0.606,150.606,1.0,0.9333,0.08,1,0,1,0.0400,0.0,0.0400,0,0.68,0.32,0.84,17,21,25,0.303,0.303,0.9393,0.16,0.25,0.25,0.5,0.75,0,0,0.125,8,1,0.5919,0.1,0.28,0.72,0.12,0.32,0.0,0.0,0.125,0.0,0.0,0.0,1.0397,0.0,inner_patrol,obstacle,0.98,7.347396
471,-10.0,-5.3083,0,2.0,0.3333,20,9600,70,150.0,2.1925,152.1925,1.0,1.1667,0.1,0,0,0,0.0000,0.0,0.0000,0,0.8,0.2,0.8,16,16,20,1.0962,1.0962,3.3983,0.2,0.75,0.0,0.25,0.25,0,0,0.7,10,7,0.571,0.1,0.15,0.85,0.05,0.5,0.0,0.0,0.7,0.0,0.0,0.0,0.5623,0.0,inner_patrol,obstacle,0.98,8.384302
472,16.2729,7.938,0,4.0,0.6667,25,12000,70,150.0,0.0,150.0,1.0,1.8667,0.16,1,0,1,0.0400,0.0,0.0400,0,0.76,0.24,0.84,19,21,25,0.0,0.0,0.0,0.16,0.0,0.5,0.5,1.0,0,0,0.6667,6,4,0.5317,0.1,0.12,0.92,0.0,0.24,0.0,0.0,0.6667,0.0,0.0,0.0,0.6931,0.0,outer_patrol_b,road_edge,0.98,8.674679
473,66.1167,32.252,1,6.0,1.0,40,19200,40,137.1429,0.7664,137.9093,0.5714,1.75,0.15,1,0,1,0.0250,0.0,0.0250,0,0.8,0.2,0.85,32,34,40,0.1533,0.1533,1.188,0.15,0.1667,0.1667,0.6667,0.8333,0,0,0.8889,9,8,0.5523,0.1,0.075,0.675,0.025,0.225,0.0,0.0,0.8889,0.0,0.0,0.0,0.8676,0.0,completed,,0.98,7.636452
474,0.0369,0.018,0,2.0,0.3333,16,7680,70,150.0,0.0,150.0,1.0,1.4583,0.125,0,0,0,0.0000,0.0,0.0000,0,0.75,0.25,0.875,12,14,16,0.0,0.0,0.0,0.125,0.0,0.5,0.5,1.0,0,0,0.6,5,3,0.5181,0.1,0.125,0.75,0.0,0.3125,0.0,0.0,0.6,0.0,0.0,0.0,0.6931,0.0,inner_patrol,obstacle,0.98,8.154384
475,52.9341,25.8215,1,6.0,1.0,44,21120,44,138.8571,2.9539,141.811,0.6286,1.5909,0.1364,0,0,0,0.0000,0.0,0.0000,0,0.7273,0.2727,0.8409,32,37,44,0.5908,0.5908,4.5785,0.1591,0.5714,0.4286,0.0,0.4286,0,0,0.7778,9,7,0.5543,0.1,0.0909,0.8409,0.0227,0.2045,0.0,0.0,0.7778,0.0,0.0,0.0,0.6829,0.0,completed,,0.98,9.005176
476,-8.3841,-4.0898,0,2.0,0.3333,19,9120,70,150.0,1.4128,151.4128,1.0,1.2281,0.1053,0,0,0,0.0000,0.0,0.0000,0,0.6842,0.3158,0.8421,13,16,19,0.7064,0.7064,2.1898,0.1579,0.6667,0.0,0.3333,0.3333,0,0,1.0,5,5,0.5405,0.1,0.1579,0.6842,0.0526,0.2632,0.0,0.0,1.0,0.0,0.0,0.0,0.6365,0.0,inner_patrol,obstacle,0.98,10.559013
477,61.8714,30.1812,1,6.0,1.0,41,19680,41,137.5714,2.1438,139.7152,0.5857,1.7073,0.1463,1,0,1,0.0244,0.0,0.0244,0,0.7561,0.2439,0.8293,31,34,41,0.4288,0.4288,3.3228,0.1707,0.4286,0.1429,0.4286,0.5714,0,0,0.9167,12,11,0.5498,0.1,0.122,0.7317,0.0244,0.2927,0.0,0.0,0.9167,0.0,0.0,0.0,1.0042,0.0,completed,,0.98,10.609687
478,67.1662,32.764,1,6.0,1.0,41,19680,41,137.5714,0.0,137.5714,0.5857,1.7073,0.1463,1,0,1,0.0244,0.0,0.0244,0,0.7805,0.2195,0.878,32,36,41,0.0,0.0,0.0,0.122,0.0,0.2,0.8,1.0,0,0,0.7778,9,7,0.5403,0.1,0.0488,0.6585,0.0,0.2195,0.0,0.0,0.7778,0.0,0.0,0.0,0.5004,0.0,completed,,0.98,9.060792
479,-10.0,-6.7124,0,1.0,0.1667,17,8160,70,150.0,0.697,150.697,1.0,0.6863,0.0588,1,0,1,0.0588,0.0,0.0588,0,0.7059,0.2941,0.8235,12,14,17,0.697,0.697,1.0804,0.1176,0.5,0.0,0.5,0.5,0,0,0.3333,3,1,0.5781,0.1,0.1765,0.5882,0.1765,0.1765,0.0,0.0,0.3333,0.0,0.0,0.0,0.6931,0.0,enter_inner,red_light,0.98,8.462033
480,-0.0284,-0.0139,0,2.0,0.3333,21,10080,70,150.0,1.5057,151.5057,1.0,1.1111,0.0952,0,0,0,0.0000,0.0,0.0000,0,0.8571,0.1429,0.8571,18,18,21,0.7529,0.7529,2.3339,0.1429,0.6667,0.3333,0.0,0.3333,0,0,0.7778,9,7,0.5587,0.1,0.1429,0.9048,0.0476,0.4286,0.0,0.0,0.7778,0.0,0.0,0.0,0.6365,0.0,inner_patrol,obstacle,0.98,9.452905
481,-10.0,-7.1697,0,1.0,0.1667,17,8160,70,150.0,0.7611,150.7611,1.0,0.6863,0.0588,1,0,1,0.0588,0.0,0.0588,0,0.7647,0.2353,0.8824,13,15,17,0.7611,0.7611,1.1797,0.1176,0.5,0.0,0.5,0.5,0,0,0.6,5,3,0.5428,0.1,0.1176,0.6471,0.0588,0.2941,0.0,0.0,0.6,0.0,0.0,0.0,0.6931,0.0,enter_inner,obstacle,0.98,9.201539
482,2.8443,1.3875,0,3.0,0.5,25,12000,70,150.0,0.8274,150.8274,1.0,1.4,0.12,0,0,0,0.0000,0.0,0.0000,0,0.8,0.2,0.84,20,21,25,0.2758,0.2758,1.2825,0.16,0.25,0.75,0.0,0.75,0,0,0.75,8,6,0.5664,0.1,0.12,0.68,0.04,0.32,0.0,0.0,0.75,0.0,0.0,0.0,0.5623,0.0,return_outer,obstacle,0.98,10.920632
483,-10.0,-5.62,0,1.0,0.1667,16,7680,70,150.0,0.0,150.0,1.0,0.7292,0.0625,1,0,1,0.0625,0.0,0.0625,0,0.75,0.25,0.9375,12,15,16,0.0,0.0,0.0,0.0625,0.0,0.0,1.0,1.0,0,0,0.75,4,3,0.4977,0.1,0.0625,0.6875,0.0,0.25,0.0,0.0,0.75,0.0,0.0,0.0,-0.0,0.0,enter_inner,obstacle,0.98,10.296412
484,49.4213,24.1079,1,6.0,1.0,47,22560,47,140.1429,1.9755,142.1184,0.6714,1.4894,0.1277,1,0,1,0.0213,0.0,0.0213,0,0.6809,0.3191,0.8723,32,41,47,0.3951,0.3951,3.0621,0.1489,0.4286,0.5714,0.0,0.5714,0,0,0.7333,15,11,0.5616,0.1,0.1064,0.7872,0.0213,0.3191,0.0,0.0,0.7333,0.0,0.0,0.0,0.6829,0.0,completed,,0.98,10.440541
485,58.3647,28.4706,1,6.0,1.0,43,20640,43,138.4286,2.6564,141.085,0.6143,1.6279,0.1395,1,0,1,0.0233,0.0,0.0233,0,0.7674,0.2326,0.8372,33,36,43,0.5313,0.5313,4.1174,0.1628,0.5714,0.0,0.4286,0.4286,0,0,0.7857,14,11,0.5536,0.1,0.0698,0.7442,0.0233,0.3256,0.0,0.0,0.7857,0.0,0.0,0.0,0.6829,0.0,completed,,0.98,9.761976
486,57.6233,28.1089,1,6.0,1.0,42,20160,42,138.0,3.251,141.251,0.6,1.6667,0.1429,0,0,0,0.0000,0.0,0.0000,0,0.6905,0.3095,0.7619,29,32,42,0.6502,0.6502,5.0391,0.2381,0.4,0.2,0.4,0.6,0,0,0.875,16,14,0.579,0.1,0.1429,0.7619,0.0476,0.381,0.0,0.0,0.875,0.0,0.0,0.0,1.0549,0.0,completed,,0.98,8.931949
487,27.5909,13.459,0,5.0,0.8333,39,18720,70,150.0,0.651,150.651,1.0,1.4957,0.1282,1,0,1,0.0256,0.0,0.0256,0,0.8462,0.1538,0.8462,33,33,39,0.1302,0.1302,1.009,0.1538,0.1667,0.1667,0.6667,0.8333,0,0,0.75,8,6,0.5668,0.1,0.0769,0.7179,0.0769,0.2051,0.0,0.0,0.75,0.0,0.0,0.0,0.8676,0.0,final_park,wall,0.98,9.160586
488,7.4169,3.618,0,3.0,0.5,24,11520,70,150.0,0.0,150.0,1.0,1.4583,0.125,1,0,1,0.0417,0.0,0.0417,0,0.8333,0.1667,0.875,20,21,24,0.0,0.0,0.0,0.125,0.0,0.0,1.0,1.0,0,0,0.8,5,4,0.5415,0.1,0.0,0.75,0.0,0.2083,0.0,0.0,0.8,0.0,0.0,0.0,-0.0,0.0,return_outer,obstacle,0.98,7.940133
489,-1.4801,-0.722,0,2.0,0.3333,17,8160,70,150.0,0.0,150.0,1.0,1.3725,0.1176,1,0,1,0.0588,0.0,0.0588,0,0.7059,0.2941,0.8235,12,14,17,0.0,0.0,0.0,0.1765,0.0,0.6667,0.3333,1.0,0,0,0.6667,6,4,0.553,0.1,0.1176,0.7647,0.1176,0.3529,0.0,0.0,0.6667,0.0,0.0,0.0,0.6365,0.0,inner_patrol,obstacle,0.98,8.761372
490,-10.0,-8.6755,0,1.0,0.1667,18,8640,70,150.0,1.6164,151.6164,1.0,0.6481,0.0556,1,0,1,0.0556,0.0,0.0556,0,0.7778,0.2222,0.8333,14,15,18,1.6164,1.6164,2.5055,0.1111,1.0,0.0,0.0,0.0,0,0,0.5714,7,4,0.6,0.1,0.2778,0.6667,0.1667,0.3889,0.0,0.0,0.5714,0.0,0.0,0.0,-0.0,0.0,enter_inner,red_light,0.98,8.374189
491,72.1149,35.178,1,6.0,1.0,37,17760,37,135.8571,0.0,135.8571,0.5286,1.8919,0.1622,1,0,1,0.0270,0.0,0.0270,0,0.7838,0.2162,0.8649,29,32,37,0.0,0.0,0.0,0.1351,0.0,0.2,0.8,1.0,0,0,0.9167,12,11,0.5486,0.1,0.0541,0.8108,0.027,0.3243,0.0,0.0,0.9167,0.0,0.0,0.0,0.5004,0.0,completed,,0.98,9.609124
492,60.426,29.4761,1,6.0,1.0,43,20640,43,138.4286,0.7432,139.1717,0.6143,1.6279,0.1395,1,0,1,0.0233,0.0,0.0233,0,0.7209,0.2791,0.8605,31,37,43,0.1486,0.1486,1.1519,0.1395,0.1667,0.1667,0.6667,0.8333,0,0,0.8182,11,9,0.5567,0.1,0.1163,0.7442,0.0233,0.2558,0.0,0.0,0.8182,0.0,0.0,0.0,0.8676,0.0,completed,,0.98,9.998145
493,-1.927,-0.94,0,2.0,0.3333,24,11520,70,150.0,0.0,150.0,1.0,0.9722,0.0833,1,0,1,0.0417,0.0,0.0417,0,0.8333,0.1667,0.9167,20,22,24,0.0,0.0,0.0,0.0833,0.0,0.5,0.5,1.0,0,0,0.375,8,3,0.5402,0.1,0.0417,0.7917,0.0,0.3333,0.0,0.0,0.375,0.0,0.0,0.0,0.6931,0.0,inner_patrol,obstacle,0.98,8.369119
494,51.2992,25.024,1,6.0,1.0,47,22560,47,140.1429,1.8813,142.0241,0.6714,1.4894,0.1277,1,0,1,0.0213,0.0,0.0213,0,0.7447,0.2553,0.8511,35,40,47,0.3763,0.3763,2.916,0.1489,0.4286,0.0,0.5714,0.5714,0,0,0.7333,15,11,0.5526,0.1,0.0851,0.7234,0.0213,0.3191,0.0,0.0,0.7333,0.0,0.0,0.0,0.6829,0.0,completed,,0.98,7.4823
495,23.3229,11.377,0,4.0,0.6667,37,17760,70,150.0,0.8703,150.8703,1.0,1.2613,0.1081,1,0,1,0.0270,0.0,0.0270,0,0.7838,0.2162,0.8919,29,33,37,0.2176,0.2176,1.349,0.1081,0.25,0.5,0.25,0.75,0,0,0.6667,9,6,0.5455,0.1,0.0541,0.7027,0.0541,0.2432,0.0,0.0,0.6667,0.0,0.0,0.0,1.0397,0.0,outer_patrol_b,road_edge,0.98,8.01516
496,62.784,30.6263,1,6.0,1.0,40,19200,40,137.1429,1.6346,138.7775,0.5714,1.75,0.15,1,0,1,0.0250,0.0,0.0250,0,0.8,0.2,0.875,32,35,40,0.3269,0.3269,2.5337,0.15,0.3333,0.5,0.1667,0.6667,0,0,0.75,8,6,0.5581,0.1,0.1,0.875,0.025,0.2,0.0,0.0,0.75,0.0,0.0,0.0,1.0114,0.0,completed,,0.98,8.838937
497,14.9866,7.3105,0,5.0,0.8333,44,21120,70,150.0,2.2551,152.2551,1.0,1.3258,0.1136,1,0,1,0.0227,0.0,0.0227,0,0.7727,0.2273,0.8409,34,37,44,0.451,0.451,3.4955,0.1591,0.4286,0.1429,0.4286,0.5714,0,0,0.625,16,10,0.5743,0.1,0.1591,0.8409,0.0909,0.3636,0.0,0.0,0.625,0.0,0.0,0.0,1.0042,0.0,final_park,wall,0.98,8.577453
498,23.1035,11.27,0,5.0,0.8333,42,20160,70,150.0,0.0,150.0,1.0,1.3889,0.119,0,0,0,0.0000,0.0,0.0000,0,0.8333,0.1667,0.881,35,37,42,0.0,0.0,0.0,0.119,0.0,0.2,0.8,1.0,0,0,0.7647,17,13,0.5739,0.1,0.0952,0.8095,0.0238,0.4048,0.0,0.0,0.7647,0.0,0.0,0.0,0.5004,0.0,final_park,wall,0.98,9.706198
499,-7.954,-3.88,0,1.0,0.1667,14,6720,70,150.0,0.0,150.0,1.0,0.8333,0.0714,1,0,1,0.0714,0.0,0.0714,0,0.9286,0.0714,0.9286,13,13,14,0.0,0.0,0.0,0.0714,0.0,1.0,0.0,1.0,0,0,0.5,4,2,0.4987,0.1,0.0714,0.7857,0.0,0.2857,0.0,0.0,0.5,0.0,0.0,0.0,-0.0,0.0,enter_inner,obstacle,0.98,8.744031
500,59.6433,29.0943,1,6.0,1.0,43,20640,43,138.4286,1.4411,139.8697,0.6143,1.6279,0.1395,0,0,0,0.0000,0.0,0.0000,0,0.7674,0.2326,0.8605,33,37,43,0.2882,0.2882,2.2337,0.1395,0.3333,0.1667,0.5,0.6667,0,0,0.7143,14,10,0.5542,0.1,0.093,0.7674,0.0,0.3256,0.0,0.0,0.7143,0.0,0.0,0.0,1.0114,0.0,completed,,0.98,9.610937
501,-10.0,-6.1887,0,1.0,0.1667,16,7680,70,150.0,0.6314,150.6314,1.0,0.7292,0.0625,1,0,1,0.0625,0.0,0.0625,0,0.75,0.25,0.875,12,14,16,0.6314,0.6314,0.9787,0.125,0.5,0.0,0.5,0.5,0,0,0.8,5,4,0.5289,0.1,0.0625,0.75,0.0,0.3125,0.0,0.0,0.8,0.0,0.0,0.0,0.6931,0.0,enter_inner,obstacle,0.98,9.571842
502,15.4567,7.5398,0,5.0,0.8333,43,20640,70,150.0,2.3291,152.3291,1.0,1.3566,0.1163,1,0,1,0.0233,0.0,0.0233,0,0.7907,0.2093,0.8372,34,36,43,0.4658,0.4658,3.6102,0.1628,0.4286,0.4286,0.1429,0.5714,0,0,0.6667,12,8,0.5546,0.1,0.093,0.7209,0.0465,0.2791,0.0,0.0,0.6667,0.0,0.0,0.0,1.0042,0.0,final_park,wall,0.98,8.554468
503,-10.0,-5.42,0,0.0,0.0,9,4320,70,150.0,0.0,150.0,1.0,0.0,0.0,1,0,1,0.1111,0.0,0.1111,0,1.0,0.0,1.0,9,9,9,0.0,0.0,0.0,0.0,0.0,0.0,0.0,0.0,0,0,1.0,3,3,0.4988,0.1,0.0,0.5556,0.0,0.3333,0.0,0.0,1.0,0.0,0.0,0.0,0.0,0.0,outer_patrol_a,road_edge,0.98,8.489311
504,70.3113,34.2982,1,6.0,1.0,37,17760,37,135.8571,0.627,136.4841,0.5286,1.8919,0.1622,1,0,1,0.0270,0.0,0.0270,0,0.8378,0.1622,0.8378,31,31,37,0.1254,0.1254,0.9718,0.1622,0.1667,0.8333,0.0,0.8333,0,0,0.9167,12,11,0.5746,0.1,0.0811,0.7027,0.0811,0.3243,0.0,0.0,0.9167,0.0,0.0,0.0,0.4506,0.0,completed,,0.98,8.050019
505,-8.118,-3.96,0,1.0,0.1667,14,6720,70,150.0,0.0,150.0,1.0,0.8333,0.0714,1,0,1,0.0714,0.0,0.0714,0,0.8571,0.1429,0.9286,12,13,14,0.0,0.0,0.0,0.0714,0.0,1.0,0.0,1.0,0,0,0.0,1,0,0.4968,0.1,0.0714,0.6429,0.0,0.0714,0.0,0.0,0.0,0.0,0.0,0.0,-0.0,0.0,enter_inner,obstacle,0.98,7.500784
506,-10.0,-5.68,0,1.0,0.1667,16,7680,70,150.0,0.0,150.0,1.0,0.7292,0.0625,1,0,1,0.0625,0.0,0.0625,0,0.75,0.25,0.9375,12,15,16,0.0,0.0,0.0,0.0625,0.0,1.0,0.0,1.0,0,0,0.6,5,3,0.5188,0.1,0.0,0.75,0.0,0.3125,0.0,0.0,0.6,0.0,0.0,0.0,-0.0,0.0,enter_inner,obstacle,0.98,7.885472
507,-10.0,-5.4882,0,1.0,0.1667,15,7200,70,150.0,0.7343,150.7343,1.0,0.7778,0.0667,1,0,1,0.0667,0.0,0.0667,0,0.8,0.2,0.8667,12,13,15,0.7343,0.7343,1.1382,0.1333,0.5,0.0,0.5,0.5,0,0,1.0,1,1,0.5172,0.1,0.0667,0.8667,0.0667,0.0667,0.0,0.0,1.0,0.0,0.0,0.0,0.6931,0.0,enter_inner,obstacle,0.98,7.711317
508,62.8325,30.65,1,6.0,1.0,42,20160,42,138.0,0.0,138.0,0.6,1.6667,0.1429,0,0,0,0.0000,0.0,0.0000,0,0.7381,0.2619,0.881,31,37,42,0.0,0.0,0.0,0.119,0.0,0.4,0.6,1.0,0,0,0.75,4,3,0.5456,0.1,0.0714,0.7857,0.0476,0.0952,0.0,0.0,0.75,0.0,0.0,0.0,0.673,0.0,completed,,0.98,10.023029
509,-9.102,-4.44,0,2.0,0.3333,21,10080,70,150.0,0.0,150.0,1.0,1.1111,0.0952,1,0,1,0.0476,0.0,0.0476,0,0.6667,0.3333,0.9048,14,19,21,0.0,0.0,0.0,0.0952,0.0,0.5,0.5,1.0,0,0,0.6667,6,4,0.5218,0.1,0.0476,0.619,0.0,0.2857,0.0,0.0,0.6667,0.0,0.0,0.0,0.6931,0.0,inner_patrol,obstacle,0.98,10.94448
510,61.4865,29.9934,1,6.0,1.0,42,20160,42,138.0,1.2752,139.2752,0.6,1.6667,0.1429,1,0,1,0.0238,0.0,0.0238,0,0.7857,0.2143,0.8571,33,36,42,0.255,0.255,1.9766,0.1429,0.3333,0.3333,0.3333,0.6667,0,0,0.7273,11,8,0.554,0.1,0.119,0.7143,0.0238,0.2619,0.0,0.0,0.7273,0.0,0.0,0.0,1.0986,0.0,completed,,0.98,11.043167
511,2.788,1.36,0,2.0,0.3333,14,6720,70,150.0,0.0,150.0,1.0,1.6667,0.1429,1,0,1,0.0714,0.0,0.0714,0,0.8571,0.1429,0.8571,12,12,14,0.0,0.0,0.0,0.1429,0.0,1.0,0.0,1.0,0,0,0.75,4,3,0.5511,0.1,0.0714,0.7857,0.0714,0.2857,0.0,0.0,0.75,0.0,0.0,0.0,-0.0,0.0,inner_patrol,obstacle,0.98,10.258513
512,49.5132,24.1528,1,6.0,1.0,50,24000,50,141.4286,0.6743,142.1029,0.7143,1.4,0.12,0,0,0,0.0000,0.0,0.0000,0,0.72,0.28,0.86,36,43,50,0.1349,0.1349,1.0452,0.14,0.1429,0.5714,0.2857,0.8571,0,0,0.6154,13,8,0.5689,0.1,0.16,0.68,0.06,0.26,0.0,0.0,0.6154,0.0,0.0,0.0,0.9557,0.0,completed,,0.98,9.006905
513,4.387,2.14,0,3.0,0.5,25,12000,70,150.0,0.0,150.0,1.0,1.4,0.12,0,0,0,0.0000,0.0,0.0000,0,0.72,0.28,0.88,18,22,25,0.0,0.0,0.0,0.12,0.0,0.3333,0.6667,1.0,0,0,1.0,5,5,0.5359,0.1,0.04,0.88,0.0,0.2,0.0,0.0,1.0,0.0,0.0,0.0,0.6365,0.0,return_outer,obstacle,0.98,8.961154
514,57.0415,27.8251,1,6.0,1.0,43,20640,43,138.4286,2.8806,141.3091,0.6143,1.6279,0.1395,1,0,1,0.0233,0.0,0.0233,0,0.7674,0.2326,0.8372,33,36,43,0.5761,0.5761,4.4649,0.1628,0.5714,0.0,0.4286,0.4286,0,0,0.7222,18,13,0.5691,0.1,0.186,0.8372,0.0233,0.4186,0.0,0.0,0.7222,0.0,0.0,0.0,0.6829,0.0,completed,,0.98,9.93209
515,54.8235,26.7432,1,6.0,1.0,44,21120,44,138.8571,2.4302,141.2873,0.6286,1.5909,0.1364,0,0,0,0.0000,0.0,0.0000,0,0.7727,0.2273,0.8636,34,38,44,0.486,0.486,3.7668,0.1364,0.5,0.1667,0.3333,0.5,0,0,0.8462,13,11,0.544,0.1,0.0455,0.6818,0.0,0.2955,0.0,0.0,0.8462,0.0,0.0,0.0,1.0114,0.0,completed,,0.98,9.115362
516,-5.7231,-2.7917,0,3.0,0.5,27,12960,70,150.0,3.4011,153.4011,1.0,1.2963,0.1111,1,0,1,0.0370,0.0,0.0370,0,0.7778,0.2222,0.8148,21,22,27,1.1337,1.1337,5.2717,0.1852,0.8,0.0,0.2,0.2,0,0,0.75,4,3,0.5647,0.1,0.0741,0.7407,0.037,0.1481,0.0,0.0,0.75,0.0,0.0,0.0,0.5004,0.0,return_outer,obstacle,0.98,8.459386
517,61.4803,29.9904,1,6.0,1.0,42,20160,42,138.0,1.521,139.521,0.6,1.6667,0.1429,1,0,1,0.0238,0.0,0.0238,0,0.7857,0.2143,0.881,33,37,42,0.3042,0.3042,2.3576,0.119,0.4,0.0,0.6,0.6,0,0,0.8571,7,6,0.5479,0.1,0.0476,0.7619,0.0,0.1667,0.0,0.0,0.8571,0.0,0.0,0.0,0.673,0.0,completed,,0.98,8.254094
518,29.5133,14.3967,0,5.0,0.8333,37,17760,70,150.0,0.6408,150.6408,1.0,1.5766,0.1351,1,0,1,0.0270,0.0,0.0270,0,0.8378,0.1622,0.8378,31,31,37,0.1282,0.1282,0.9933,0.1622,0.1667,0.5,0.3333,0.8333,0,0,0.75,12,9,0.555,0.1,0.1081,0.7838,0.0,0.3243,0.0,0.0,0.75,0.0,0.0,0.0,1.0114,0.0,final_park,wall,0.98,7.61688
519,-10.0,-5.42,0,0.0,0.0,9,4320,70,150.0,0.0,150.0,1.0,0.0,0.0,1,0,1,0.1111,0.0,0.1111,0,1.0,0.0,1.0,9,9,9,0.0,0.0,0.0,0.0,0.0,0.0,0.0,0.0,0,0,1.0,1,1,0.4925,0.1,0.0,0.5556,0.0,0.1111,0.0,0.0,1.0,0.0,0.0,0.0,0.0,0.0,outer_patrol_a,road_edge,0.98,7.557518
520,-10.0,-15.6226,0,3.0,0.5,42,20160,70,150.0,5.0468,155.0468,1.0,0.8333,0.0714,1,0,1,0.0238,0.0,0.0238,0,0.7143,0.2857,0.8333,30,35,42,1.6823,1.6823,7.8226,0.1429,1.0,0.0,0.0,0.0,0,0,0.4583,24,11,0.649,0.1,0.3571,0.9286,0.1905,0.5714,0.0,0.0,0.4583,0.0,0.0,0.0,-0.0,0.0,return_outer,obstacle,0.98,6.270435
521,-2.6123,-1.2743,0,3.0,0.5,27,12960,70,150.0,1.5963,151.5963,1.0,1.2963,0.1111,0,0,0,0.0000,0.0,0.0000,0,0.6667,0.3333,0.8148,18,22,27,0.5321,0.5321,2.4743,0.1852,0.4,0.6,0.0,0.6,0,0,0.8182,11,9,0.5787,0.1,0.1111,0.9259,0.0741,0.4074,0.0,0.0,0.8182,0.0,0.0,0.0,0.673,0.0,return_outer,obstacle,0.98,7.921976
522,25.3734,12.3773,0,5.0,0.8333,40,19200,70,150.0,1.234,151.234,1.0,1.4583,0.125,1,0,1,0.0250,0.0,0.0250,0,0.825,0.175,0.825,33,33,40,0.2468,0.2468,1.9127,0.175,0.2857,0.1429,0.5714,0.7143,0,0,0.7273,11,8,0.5724,0.1,0.125,0.775,0.075,0.275,0.0,0.0,0.7273,0.0,0.0,0.0,0.9557,0.0,final_park,wall,0.98,9.708828
523,68.6667,33.496,1,6.0,1.0,39,18720,39,136.7143,0.7729,137.4872,0.5571,1.7949,0.1538,1,0,1,0.0256,0.0,0.0256,0,0.7692,0.2308,0.8205,30,32,39,0.1546,0.1546,1.198,0.1795,0.1429,0.4286,0.4286,0.8571,0,0,0.7778,9,7,0.5636,0.1,0.1538,0.7692,0.0513,0.2308,0.0,0.0,0.7778,0.0,0.0,0.0,1.0042,0.0,completed,,0.98,10.379577
524,-10.0,-7.0621,0,1.0,0.1667,17,8160,70,150.0,0.7046,150.7046,1.0,0.6863,0.0588,1,0,1,0.0588,0.0,0.0588,0,0.8235,0.1765,0.8824,14,15,17,0.7046,0.7046,1.0921,0.1176,0.5,0.5,0.0,0.5,0,0,0.6667,3,2,0.5538,0.1,0.1176,0.6471,0.0588,0.1765,0.0,0.0,0.6667,0.0,0.0,0.0,0.6931,0.0,enter_inner,obstacle,0.98,9.859255
525,65.6591,32.0288,1,6.0,1.0,38,18240,38,136.2857,2.1556,138.4413,0.5429,1.8421,0.1579,1,0,1,0.0263,0.0,0.0263,0,0.8158,0.1842,0.8421,31,32,38,0.4311,0.4311,3.3412,0.1579,0.5,0.3333,0.1667,0.5,0,0,1.0,11,11,0.5525,0.1,0.0789,0.8684,0.0,0.2895,0.0,0.0,1.0,0.0,0.0,0.0,1.0114,0.0,completed,,0.98,10.158576
526,-0.164,-0.08,0,2.0,0.3333,16,7680,70,150.0,0.0,150.0,1.0,1.4583,0.125,1,0,1,0.0625,0.0,0.0625,0,0.875,0.125,0.875,14,14,16,0.0,0.0,0.0,0.125,0.0,0.0,1.0,1.0,0,0,0.3333,3,1,0.5107,0.1,0.0625,0.8125,0.0,0.1875,0.0,0.0,0.3333,0.0,0.0,0.0,-0.0,0.0,inner_patrol,obstacle,0.98,10.283537
527,60.1196,29.3266,1,6.0,1.0,43,20640,43,138.4286,1.3183,139.7469,0.6143,1.6279,0.1395,0,0,0,0.0000,0.0,0.0000,0,0.6977,0.3023,0.8372,30,36,43,0.2637,0.2637,2.0434,0.1628,0.2857,0.2857,0.4286,0.7143,0,0,0.7273,11,8,0.5544,0.1,0.0698,0.7442,0.0233,0.2558,0.0,0.0,0.7273,0.0,0.0,0.0,1.079,0.0,completed,,0.98,9.805528
528,-1.7447,-0.8511,0,3.0,0.5,27,12960,70,150.0,1.5168,151.5168,1.0,1.2963,0.1111,0,0,0,0.0000,0.0,0.0000,0,0.7778,0.2222,0.8519,21,23,27,0.5056,0.5056,2.3511,0.1481,0.5,0.25,0.25,0.5,0,0,0.7273,11,8,0.575,0.1,0.1852,0.8519,0.037,0.4074,0.0,0.0,0.7273,0.0,0.0,0.0,1.0397,0.0,return_outer,obstacle,0.98,11.242337
529,0.1558,0.076,0,4.0,0.6667,34,16320,70,150.0,0.0,150.0,1.0,1.3725,0.1176,0,0,0,0.0000,0.0,0.0000,0,0.6471,0.3529,0.8824,22,30,34,0.0,0.0,0.0,0.1176,0.0,0.5,0.5,1.0,0,0,0.6,10,6,0.5717,0.1,0.1176,0.8529,0.0588,0.2941,0.0,0.0,0.6,0.0,0.0,0.0,0.6931,0.0,outer_patrol_b,road_edge,0.98,10.337443
530,4.469,2.18,0,2.0,0.3333,18,8640,70,150.0,0.0,150.0,1.0,1.2963,0.1111,1,0,1,0.0556,0.0,0.0556,0,0.7778,0.2222,0.8889,14,16,18,0.0,0.0,0.0,0.1111,0.0,0.5,0.5,1.0,0,0,0.75,4,3,0.5458,0.1,0.1111,0.8333,0.0556,0.2222,0.0,0.0,0.75,0.0,0.0,0.0,0.6931,0.0,inner_patrol,obstacle,0.98,10.513734
531,48.2042,23.5142,1,6.0,1.0,48,23040,48,140.5714,3.4386,144.01,0.6857,1.4583,0.125,1,0,1,0.0208,0.0,0.0208,0,0.7708,0.2292,0.8333,37,40,48,0.6877,0.6877,5.3298,0.1667,0.625,0.125,0.25,0.375,0,0,0.65,20,13,0.5666,0.1,0.1667,0.8542,0.0625,0.4167,0.0,0.0,0.65,0.0,0.0,0.0,0.9003,0.0,completed,,0.98,7.21152
532,9.9686,4.8627,0,4.0,0.6667,27,12960,70,150.0,0.8821,150.8821,1.0,1.7284,0.1481,0,0,0,0.0000,0.0,0.0000,0,0.7407,0.2593,0.8519,20,23,27,0.2205,0.2205,1.3673,0.1481,0.25,0.25,0.5,0.75,0,0,0.8889,9,8,0.563,0.1,0.0741,0.8889,0.037,0.3333,0.0,0.0,0.8889,0.0,0.0,0.0,1.0397,0.0,outer_patrol_b,road_edge,0.98,6.926331
533,-9.881,-4.82,0,1.0,0.1667,15,7200,70,150.0,0.0,150.0,1.0,0.7778,0.0667,1,0,1,0.0667,0.0,0.0667,0,0.8,0.2,0.9333,12,14,15,0.0,0.0,0.0,0.0667,0.0,1.0,0.0,1.0,0,0,1.0,4,4,0.5189,0.1,0.0,0.6667,0.0,0.2667,0.0,0.0,1.0,0.0,0.0,0.0,-0.0,0.0,enter_inner,obstacle,0.98,6.871962
534,-10.0,-9.5048,0,1.0,0.1667,19,9120,70,150.0,1.4353,151.4353,1.0,0.614,0.0526,0,0,0,0.0000,0.0,0.0000,0,0.6842,0.3158,0.8947,13,17,19,1.4353,1.4353,2.2248,0.1053,1.0,0.0,0.0,0.0,0,0,1.0,3,3,0.5147,0.1,0.0526,0.7368,0.0,0.1579,0.0,0.0,1.0,0.0,0.0,0.0,-0.0,0.0,enter_inner,obstacle,0.98,6.755927
535,50.861,24.8103,1,6.0,1.0,47,22560,47,140.1429,2.0953,142.2382,0.6714,1.4894,0.1277,1,0,1,0.0213,0.0,0.0213,0,0.7021,0.2979,0.8723,33,41,47,0.4191,0.4191,3.2477,0.1277,0.5,0.0,0.5,0.5,0,0,0.8462,13,11,0.5676,0.1,0.0851,0.8298,0.0426,0.2766,0.0,0.0,0.8462,0.0,0.0,0.0,0.6931,0.0,completed,,0.98,9.569488
536,-7.831,-3.82,0,1.0,0.1667,14,6720,70,150.0,0.0,150.0,1.0,0.8333,0.0714,1,0,1,0.0714,0.0,0.0714,0,0.9286,0.0714,0.9286,13,13,14,0.0,0.0,0.0,0.0714,0.0,0.0,1.0,1.0,0,0,0.6667,6,4,0.534,0.1,0.0714,0.7143,0.0,0.4286,0.0,0.0,0.6667,0.0,0.0,0.0,-0.0,0.0,enter_inner,obstacle,0.98,9.03921
537,24.9908,12.1906,0,4.0,0.6667,33,15840,70,150.0,0.7067,150.7067,1.0,1.4141,0.1212,1,0,1,0.0303,0.0,0.0303,0,0.8485,0.1515,0.8788,28,29,33,0.1767,0.1767,1.0954,0.1212,0.25,0.5,0.25,0.75,0,0,0.6667,6,4,0.5521,0.1,0.0606,0.697,0.0303,0.1818,0.0,0.0,0.6667,0.0,0.0,0.0,1.0397,0.0,outer_patrol_b,road_edge,0.98,9.770425
538,1.891,0.9224,0,3.0,0.5,26,12480,70,150.0,0.8165,150.8165,1.0,1.3462,0.1154,1,0,1,0.0385,0.0,0.0385,0,0.7692,0.2308,0.8846,20,23,26,0.2722,0.2722,1.2656,0.1538,0.25,0.5,0.25,0.75,0,0,0.7143,7,5,0.5751,0.1,0.1538,0.8462,0.0769,0.2692,0.0,0.0,0.7143,0.0,0.0,0.0,1.0397,0.0,return_outer,obstacle,0.98,9.624988
539,-10.0,-6.04,0,0.0,0.0,8,3840,70,150.0,0.0,150.0,1.0,0.0,0.0,1,0,1,0.1250,0.0,0.1250,0,1.0,0.0,1.0,8,8,8,0.0,0.0,0.0,0.0,0.0,0.0,0.0,0.0,0,0,0.0,0,0,0.4729,0.1,0.0,0.625,0.0,0.0,0.0,0.0,0.0,0.0,0.0,0.0,0.0,0.0,outer_patrol_a,road_edge,0.98,9.308767
540,-10.0,-7.94,0,1.0,0.1667,19,9120,70,150.0,0.0,150.0,1.0,0.614,0.0526,0,0,0,0.0000,0.0,0.0000,0,0.8421,0.1579,0.9474,16,18,19,0.0,0.0,0.0,0.0526,0.0,1.0,0.0,1.0,0,0,0.5,4,2,0.5336,0.1,0.0526,0.6842,0.0526,0.2105,0.0,0.0,0.5,0.0,0.0,0.0,-0.0,0.0,enter_inner,obstacle,0.98,8.863049
541,-3.977,-1.94,0,2.0,0.3333,18,8640,70,150.0,0.0,150.0,1.0,1.2963,0.1111,0,0,0,0.0000,0.0,0.0000,0,0.7222,0.2778,0.8889,13,16,18,0.0,0.0,0.0,0.1111,0.0,0.5,0.5,1.0,0,0,1.0,4,4,0.5355,0.1,0.0556,0.6111,0.0556,0.2222,0.0,0.0,1.0,0.0,0.0,0.0,0.6931,0.0,inner_patrol,obstacle,0.98,9.362482
542,-10.0,-7.28,0,0.0,0.0,6,2880,70,150.0,0.0,150.0,1.0,0.0,0.0,0,0,0,0.0000,0.0,0.0000,0,1.0,0.0,1.0,6,6,6,0.0,0.0,0.0,0.0,0.0,0.0,0.0,0.0,0,0,0.0,0,0,0.4856,0.1,0.0,0.6667,0.0,0.0,0.0,0.0,0.0,0.0,0.0,0.0,0.0,0.0,outer_patrol_a,road_edge,0.98,8.969901
543,2.666,1.3005,0,3.0,0.5,26,12480,70,150.0,0.6242,150.6242,1.0,1.3462,0.1154,0,0,0,0.0000,0.0,0.0000,0,0.7692,0.2308,0.8846,20,23,26,0.2081,0.2081,0.9675,0.1154,0.3333,0.3333,0.3333,0.6667,0,0,0.6667,6,4,0.5502,0.1,0.0769,0.9231,0.0385,0.2308,0.0,0.0,0.6667,0.0,0.0,0.0,1.0986,0.0,return_outer,obstacle,0.98,9.115789
544,-8.8432,-4.3138,0,2.0,0.3333,19,9120,70,150.0,1.6218,151.6218,1.0,1.2281,0.1053,0,0,0,0.0000,0.0,0.0000,0,0.7895,0.2105,0.8421,15,16,19,0.8109,0.8109,2.5138,0.1579,0.6667,0.3333,0.0,0.3333,0,0,0.75,4,3,0.5289,0.1,0.1053,0.9474,0.0,0.2105,0.0,0.0,0.75,0.0,0.0,0.0,0.6365,0.0,inner_patrol,obstacle,0.98,8.778582
545,-10.0,-6.28,0,0.0,0.0,10,4800,70,150.0,0.0,150.0,1.0,0.0,0.0,1,0,1,0.1000,0.0,0.1000,0,0.9,0.1,1.0,9,10,10,0.0,0.0,0.0,0.0,0.0,0.0,0.0,0.0,0,0,0.5,2,1,0.4832,0.1,0.0,0.8,0.0,0.2,0.0,0.0,0.5,0.0,0.0,0.0,0.0,0.0,outer_patrol_a,road_edge,0.98,8.793472
546,57.9977,28.2916,1,6.0,1.0,43,20640,43,138.4286,1.5796,140.0082,0.6143,1.6279,0.1395,1,0,1,0.0233,0.0,0.0233,0,0.7209,0.2791,0.8605,31,37,43,0.3159,0.3159,2.4484,0.1395,0.3333,0.1667,0.5,0.6667,0,0,0.6923,13,9,0.5585,0.1,0.0698,0.7907,0.0465,0.3023,0.0,0.0,0.6923,0.0,0.0,0.0,1.0114,0.0,completed,,0.98,8.378892
547,2.0904,1.0197,0,3.0,0.5,26,12480,70,150.0,0.8157,150.8157,1.0,1.3462,0.1154,1,0,1,0.0385,0.0,0.0385,0,0.7308,0.2692,0.8462,19,22,26,0.2719,0.2719,1.2643,0.1538,0.25,0.25,0.5,0.75,0,0,0.7143,7,5,0.5545,0.1,0.0769,0.8077,0.0,0.2692,0.0,0.0,0.7143,0.0,0.0,0.0,1.0397,0.0,return_outer,obstacle,0.98,8.122597
548,-7.5283,-3.6723,0,2.0,0.3333,20,9600,70,150.0,1.5022,151.5022,1.0,1.1667,0.1,1,0,1,0.0500,0.0,0.0500,0,0.55,0.45,0.8,11,16,20,0.7511,0.7511,2.3283,0.2,0.5,0.0,0.5,0.5,0,0,0.8,10,8,0.588,0.1,0.1,0.75,0.1,0.5,0.0,0.0,0.8,0.0,0.0,0.0,0.6931,0.0,inner_patrol,obstacle,0.98,8.425508
549,4.692,2.2888,0,4.0,0.6667,28,13440,70,150.0,2.5298,152.5298,1.0,1.6667,0.1429,1,0,1,0.0357,0.0,0.0357,0,0.7143,0.2857,0.7857,20,22,28,0.6325,0.6325,3.9212,0.2143,0.5,0.3333,0.1667,0.5,0,0,0.875,8,7,0.5992,0.1,0.1429,0.7857,0.1429,0.2857,0.0,0.0,0.875,0.0,0.0,0.0,1.0114,0.0,outer_patrol_b,road_edge,0.98,8.856065
550,-1.8575,-0.9061,0,3.0,0.5,27,12960,70,150.0,1.4465,151.4465,1.0,1.2963,0.1111,1,0,1,0.0370,0.0,0.0370,0,0.6296,0.3704,0.8148,17,22,27,0.4822,0.4822,2.2421,0.1852,0.4,0.0,0.6,0.6,0,0,0.75,12,9,0.5926,0.1,0.1481,0.8519,0.0741,0.4444,0.0,0.0,0.75,0.0,0.0,0.0,0.673,0.0,return_outer,obstacle,0.98,9.604916
551,7.6234,3.7187,0,4.0,0.6667,28,13440,70,150.0,1.5492,151.5492,1.0,1.6667,0.1429,1,0,1,0.0357,0.0,0.0357,0,0.7857,0.2143,0.8214,22,23,28,0.3873,0.3873,2.4013,0.1786,0.4,0.4,0.2,0.6,0,0,0.7143,7,5,0.5601,0.1,0.1786,0.75,0.0357,0.25,0.0,0.0,0.7143,0.0,0.0,0.0,1.0549,0.0,outer_patrol_b,road_edge,0.98,9.942134
552,48.8966,23.852,1,6.0,1.0,46,22080,46,139.7143,3.689,143.4033,0.6571,1.5217,0.1304,1,0,1,0.0217,0.0,0.0217,0,0.7609,0.2391,0.8478,35,39,46,0.7378,0.7378,5.718,0.1522,0.7143,0.2857,0.0,0.2857,0,0,0.8462,13,11,0.5428,0.1,0.0652,0.7826,0.0,0.2826,0.0,0.0,0.8462,0.0,0.0,0.0,0.5983,0.0,completed,,0.98,9.177897
553,-10.0,-7.84,0,0.0,0.0,12,5760,70,150.0,0.0,150.0,1.0,0.0,0.0,1,0,1,0.0833,0.0,0.0833,0,0.9167,0.0833,1.0,11,12,12,0.0,0.0,0.0,0.0,0.0,0.0,0.0,0.0,0,0,0.0,2,0,0.5044,0.1,0.0,0.6667,0.0,0.1667,0.0,0.0,0.0,0.0,0.0,0.0,0.0,0.0,outer_patrol_a,road_edge,0.98,8.47233
554,-10.0,-9.2511,0,1.0,0.1667,18,8640,70,150.0,1.7233,151.7233,1.0,0.6481,0.0556,0,0,0,0.0000,0.0,0.0000,0,0.6667,0.3333,0.8333,12,15,18,1.7233,1.7233,2.6711,0.1111,1.0,0.0,0.0,0.0,0,0,0.8333,6,5,0.5726,0.1,0.1667,0.7222,0.1111,0.3333,0.0,0.0,0.8333,0.0,0.0,0.0,-0.0,0.0,enter_inner,red_light,0.98,7.972892
555,69.29,33.8,1,6.0,1.0,38,18240,38,136.2857,0.0,136.2857,0.5429,1.8421,0.1579,1,0,1,0.0263,0.0,0.0263,0,0.7632,0.2368,0.8684,29,33,38,0.0,0.0,0.0,0.1316,0.0,0.6,0.4,1.0,0,0,0.9091,11,10,0.539,0.1,0.0526,0.7368,0.0,0.2895,0.0,0.0,0.9091,0.0,0.0,0.0,0.673,0.0,completed,,0.98,6.744089
556,17.2353,8.4075,0,4.0,0.6667,33,15840,70,150.0,1.6507,151.6507,1.0,1.4141,0.1212,0,0,0,0.0000,0.0,0.0000,0,0.7576,0.2424,0.8485,25,28,33,0.4127,0.4127,2.5585,0.1515,0.4,0.2,0.4,0.6,0,0,0.9091,11,10,0.5506,0.1,0.0606,0.7576,0.0303,0.3333,0.0,0.0,0.9091,0.0,0.0,0.0,1.0549,0.0,outer_patrol_b,road_edge,0.98,7.67193
557,30.3318,14.796,0,5.0,0.8333,37,17760,70,150.0,0.0,150.0,1.0,1.5766,0.1351,1,0,1,0.0270,0.0,0.0270,0,0.7568,0.2432,0.8649,28,32,37,0.0,0.0,0.0,0.1351,0.0,0.8,0.2,1.0,0,0,1.0,9,9,0.5425,0.1,0.027,0.7838,0.027,0.2432,0.0,0.0,1.0,0.0,0.0,0.0,0.5004,0.0,final_park,wall,0.98,8.53915
558,71.0418,34.6545,1,6.0,1.0,38,18240,38,136.2857,0.6719,136.9576,0.5429,1.8421,0.1579,1,0,1,0.0263,0.0,0.0263,0,0.7895,0.2105,0.8421,30,32,38,0.1344,0.1344,1.0415,0.1579,0.1667,0.0,0.8333,0.8333,0,0,0.625,8,5,0.5441,0.1,0.0526,0.7632,0.0,0.2105,0.0,0.0,0.625,0.0,0.0,0.0,0.4506,0.0,completed,,0.98,9.147561
559,52.8537,25.7823,1,6.0,1.0,45,21600,45,139.2857,2.5456,141.8313,0.6429,1.5556,0.1333,0,0,0,0.0000,0.0,0.0000,0,0.7111,0.2889,0.8222,32,37,45,0.5091,0.5091,3.9457,0.1778,0.375,0.375,0.25,0.625,0,0,0.7692,13,10,0.5546,0.1,0.0889,0.7333,0.0222,0.2889,0.0,0.0,0.7692,0.0,0.0,0.0,1.0822,0.0,completed,,0.98,8.801605
560,-8.159,-3.98,0,1.0,0.1667,14,6720,70,150.0,0.0,150.0,1.0,0.8333,0.0714,0,0,0,0.0000,0.0,0.0000,0,0.7857,0.2143,0.9286,11,13,14,0.0,0.0,0.0,0.0714,0.0,0.0,1.0,1.0,0,0,0.8,5,4,0.5321,0.1,0.0714,0.5,0.0714,0.3571,0.0,0.0,0.8,0.0,0.0,0.0,-0.0,0.0,enter_inner,obstacle,0.98,9.58337
561,63.6389,31.0434,1,6.0,1.0,41,19680,41,137.5714,1.4662,139.0376,0.5857,1.7073,0.1463,1,0,1,0.0244,0.0,0.0244,0,0.8293,0.1707,0.878,34,36,41,0.2932,0.2932,2.2726,0.122,0.4,0.2,0.4,0.6,0,0,0.8571,14,12,0.5492,0.1,0.0976,0.7805,0.0,0.3415,0.0,0.0,0.8571,0.0,0.0,0.0,1.0549,0.0,completed,,0.98,9.294253
562,0.2829,0.138,0,2.0,0.3333,16,7680,70,150.0,0.0,150.0,1.0,1.4583,0.125,0,0,0,0.0000,0.0,0.0000,0,0.75,0.25,0.8125,12,13,16,0.0,0.0,0.0,0.1875,0.0,0.6667,0.3333,1.0,0,0,0.8571,7,6,0.5557,0.1,0.125,0.875,0.0625,0.4375,0.0,0.0,0.8571,0.0,0.0,0.0,0.6365,0.0,inner_patrol,obstacle,0.98,8.550183
563,66.9854,32.6758,1,6.0,1.0,39,18720,39,136.7143,0.7821,137.4964,0.5571,1.7949,0.1538,1,0,1,0.0256,0.0,0.0256,0,0.7692,0.2308,0.8462,30,33,39,0.1564,0.1564,1.2122,0.1538,0.1667,0.3333,0.5,0.8333,0,0,0.8889,9,8,0.539,0.1,0.0769,0.7692,0.0,0.2308,0.0,0.0,0.8889,0.0,0.0,0.0,1.0114,0.0,completed,,0.98,8.804644
564,65.5236,31.9627,1,6.0,1.0,40,19200,40,137.1429,1.2951,138.4379,0.5714,1.75,0.15,0,0,0,0.0000,0.0,0.0000,0,0.8,0.2,0.85,32,34,40,0.259,0.259,2.0073,0.15,0.3333,0.3333,0.3333,0.6667,0,0,0.8571,14,12,0.5615,0.1,0.075,0.7,0.05,0.35,0.0,0.0,0.8571,0.0,0.0,0.0,1.0986,0.0,completed,,0.98,10.437635
565,51.2397,24.995,1,6.0,1.0,46,22080,46,139.7143,2.3505,142.0648,0.6571,1.5217,0.1304,0,0,0,0.0000,0.0,0.0000,0,0.6304,0.3696,0.8043,29,37,46,0.4701,0.4701,3.6433,0.1957,0.3333,0.3333,0.3333,0.6667,0,0,0.8824,17,15,0.5704,0.1,0.1522,0.8261,0.0652,0.3696,0.0,0.0,0.8824,0.0,0.0,0.0,1.0986,0.0,completed,,0.98,10.453472
566,68.1758,33.2565,1,6.0,1.0,40,19200,40,137.1429,0.0,137.1429,0.5714,1.75,0.15,0,0,0,0.0000,0.0,0.0000,0,0.775,0.225,0.85,31,34,40,0.0,0.0,0.0,0.15,0.0,0.5,0.5,1.0,0,0,0.6667,12,8,0.5509,0.1,0.05,0.8,0.025,0.3,0.0,0.0,0.6667,0.0,0.0,0.0,0.6931,0.0,completed,,0.98,9.463465
567,-0.2863,-0.1397,0,2.0,0.3333,16,7680,70,150.0,0.0,150.0,1.0,1.4583,0.125,0,0,0,0.0000,0.0,0.0000,0,0.875,0.125,0.875,14,14,16,0.0,0.0,0.0,0.125,0.0,0.5,0.5,1.0,0,0,0.5,4,2,0.5269,0.1,0.0625,0.9375,0.0625,0.25,0.0,0.0,0.5,0.0,0.0,0.0,0.6931,0.0,inner_patrol,obstacle,0.98,9.0093
568,22.7578,11.1014,0,5.0,0.8333,41,19680,70,150.0,0.0,150.0,1.0,1.4228,0.122,1,0,1,0.0244,0.0,0.0244,0,0.6829,0.3171,0.878,28,36,41,0.0,0.0,0.0,0.122,0.0,0.6,0.4,1.0,0,0,0.75,8,6,0.5461,0.1,0.0244,0.6341,0.0244,0.1951,0.0,0.0,0.75,0.0,0.0,0.0,0.673,0.0,final_park,wall,0.98,7.770039
569,59.7362,29.1396,1,6.0,1.0,43,20640,43,138.4286,0.768,139.1966,0.6143,1.6279,0.1395,0,0,0,0.0000,0.0,0.0000,0,0.7209,0.2791,0.8837,31,38,43,0.1536,0.1536,1.1905,0.1163,0.2,0.6,0.2,0.8,0,0,0.75,8,6,0.5342,0.1,0.0233,0.7442,0.0,0.186,0.0,0.0,0.75,0.0,0.0,0.0,0.9503,0.0,completed,,0.98,7.44992
570,-10.0,-9.1398,0,0.0,0.0,3,1440,70,150.0,0.0,150.0,1.0,0.0,0.0,1,0,1,0.3333,0.0,0.3333,0,1.0,0.0,1.0,3,3,3,0.0,0.0,0.0,0.0,0.0,0.0,0.0,0.0,0,0,0.0,0,0,0.461,0.1,0.0,0.3333,0.0,0.0,0.0,0.0,0.0,0.0,0.0,0.0,0.0,0.0,outer_patrol_a,road_edge,0.98,8.035407
571,52.8316,25.7715,1,6.0,1.0,46,22080,46,139.7143,1.3371,141.0513,0.6571,1.5217,0.1304,0,0,0,0.0000,0.0,0.0000,0,0.6957,0.3043,0.8696,32,40,46,0.2674,0.2674,2.0724,0.1304,0.3333,0.5,0.1667,0.6667,0,0,0.9,10,9,0.5553,0.1,0.1087,0.7174,0.0217,0.2174,0.0,0.0,0.9,0.0,0.0,0.0,1.0114,0.0,completed,,0.98,8.096542
572,0.6731,0.3283,0,2.0,0.3333,23,11040,70,150.0,2.2995,152.2995,1.0,1.0145,0.087,0,0,0,0.0000,0.0,0.0000,0,0.8261,0.1739,0.8261,19,19,23,1.1497,1.1497,3.5642,0.1739,0.75,0.25,0.0,0.25,0,0,1.0,6,6,0.5507,0.1,0.087,0.9565,0.0,0.2609,0.0,0.0,1.0,0.0,0.0,0.0,0.5623,0.0,inner_patrol,obstacle,0.98,8.068262
573,63.8001,31.122,1,6.0,1.0,41,19680,41,137.5714,0.8448,138.4163,0.5857,1.7073,0.1463,1,0,1,0.0244,0.0,0.0244,0,0.7805,0.2195,0.8537,32,35,41,0.169,0.169,1.3095,0.1463,0.1667,0.5,0.3333,0.8333,0,0,0.7273,11,8,0.5647,0.1,0.122,0.7561,0.0488,0.2683,0.0,0.0,0.7273,0.0,0.0,0.0,1.0114,0.0,completed,,0.98,9.115683
574,1.5454,0.7538,0,3.0,0.5,26,12480,70,150.0,0.8119,150.8119,1.0,1.3462,0.1154,0,0,0,0.0000,0.0,0.0000,0,0.7308,0.2692,0.8462,19,22,26,0.2706,0.2706,1.2584,0.1538,0.25,0.25,0.5,0.75,0,0,0.5,10,5,0.5535,0.1,0.1154,0.8462,0.0,0.3846,0.0,0.0,0.5,0.0,0.0,0.0,1.0397,0.0,return_outer,obstacle,0.98,9.877654
575,22.5662,11.0079,0,5.0,0.8333,41,19680,70,150.0,0.0,150.0,1.0,1.4228,0.122,0,0,0,0.0000,0.0,0.0000,0,0.7073,0.2927,0.878,29,36,41,0.0,0.0,0.0,0.122,0.0,0.8,0.2,1.0,0,0,0.7143,7,5,0.5374,0.1,0.0488,0.7073,0.0244,0.1707,0.0,0.0,0.7143,0.0,0.0,0.0,0.5004,0.0,final_park,wall,0.98,9.093339
576,-0.7783,-0.3797,0,2.0,0.3333,24,11520,70,150.0,0.6162,150.6162,1.0,0.9722,0.0833,0,0,0,0.0000,0.0,0.0000,0,0.7083,0.2917,0.9167,17,22,24,0.3081,0.3081,0.9551,0.0833,0.5,0.5,0.0,0.5,0,0,0.8889,9,8,0.5493,0.1,0.0417,0.9583,0.0,0.375,0.0,0.0,0.8889,0.0,0.0,0.0,0.6931,0.0,inner_patrol,obstacle,0.98,9.825172
577,47.3914,23.1177,1,6.0,1.0,49,23520,49,141.0,3.9762,144.9762,0.7,1.4286,0.1224,1,0,1,0.0204,0.0,0.0204,0,0.7755,0.2245,0.8367,38,41,49,0.7952,0.7952,6.1631,0.1837,0.6667,0.1111,0.2222,0.3333,0,0,0.65,20,13,0.589,0.1,0.1633,0.8367,0.102,0.4082,0.0,0.0,0.65,0.0,0.0,0.0,0.8487,0.0,completed,,0.98,9.626396
578,21.3903,10.4343,0,5.0,0.8333,40,19200,70,150.0,1.7147,151.7147,1.0,1.4583,0.125,1,0,1,0.0250,0.0,0.0250,0,0.775,0.225,0.85,31,34,40,0.3429,0.3429,2.6577,0.15,0.3333,0.5,0.1667,0.6667,0,0,1.0,9,9,0.5355,0.1,0.05,0.725,0.0,0.225,0.0,0.0,1.0,0.0,0.0,0.0,1.0114,0.0,final_park,wall,0.98,10.260001
579,65.275,31.8415,1,6.0,1.0,39,18720,39,136.7143,1.5173,138.2316,0.5571,1.7949,0.1538,1,0,1,0.0256,0.0,0.0256,0,0.8205,0.1795,0.8718,32,34,39,0.3035,0.3035,2.3519,0.1282,0.4,0.4,0.2,0.6,0,0,0.9333,15,14,0.5602,0.1,0.1026,0.8205,0.0513,0.3846,0.0,0.0,0.9333,0.0,0.0,0.0,1.0549,0.0,completed,,0.98,10.407314
580,69.2507,33.7808,1,6.0,1.0,38,18240,38,136.2857,0.6076,136.8933,0.5429,1.8421,0.1579,0,0,0,0.0000,0.0,0.0000,0,0.8158,0.1842,0.8684,31,33,38,0.1215,0.1215,0.9418,0.1316,0.2,0.6,0.2,0.8,0,0,0.8889,9,8,0.5419,0.1,0.0526,0.8947,0.0,0.2368,0.0,0.0,0.8889,0.0,0.0,0.0,0.9503,0.0,completed,,0.98,13.083288
581,-10.0,-5.6131,0,1.0,0.1667,16,7680,70,150.0,0.0,150.0,1.0,0.7292,0.0625,0,0,0,0.0000,0.0,0.0000,0,0.75,0.25,0.9375,12,15,16,0.0,0.0,0.0,0.0625,0.0,0.0,1.0,1.0,0,0,0.8,5,4,0.5082,0.1,0.0625,0.6875,0.0,0.3125,0.0,0.0,0.8,0.0,0.0,0.0,-0.0,0.0,enter_inner,obstacle,0.98,11.588994
582,6.4752,3.1586,0,5.0,0.8333,48,23040,70,150.0,3.1319,153.1319,1.0,1.2153,0.1042,1,0,1,0.0208,0.0,0.0208,0,0.7083,0.2917,0.8542,34,41,48,0.6264,0.6264,4.8544,0.1667,0.5,0.125,0.375,0.5,0,0,0.5,14,7,0.5587,0.1,0.1667,0.8125,0.0417,0.2917,0.0,0.0,0.5,0.0,0.0,0.0,0.9743,0.0,final_park,wall,0.98,10.375926
583,4.3837,2.1384,0,4.0,0.6667,30,14400,70,150.0,1.263,151.263,1.0,1.5556,0.1333,1,0,1,0.0333,0.0,0.0333,0,0.6667,0.3333,0.8333,20,25,30,0.3157,0.3157,1.9576,0.1667,0.4,0.4,0.2,0.6,0,0,0.875,8,7,0.5584,0.1,0.0333,0.6333,0.0,0.2667,0.0,0.0,0.875,0.0,0.0,0.0,1.0549,0.0,outer_patrol_b,road_edge,0.98,8.772612
584,-1.9517,-0.952,0,2.0,0.3333,16,7680,70,150.0,0.6525,150.6525,1.0,1.4583,0.125,1,0,1,0.0625,0.0,0.0625,0,0.75,0.25,0.8125,12,13,16,0.3263,0.3263,1.0114,0.1875,0.3333,0.6667,0.0,0.6667,0,0,0.9,10,9,0.5657,0.1,0.125,0.8125,0.0625,0.625,0.0,0.0,0.9,0.0,0.0,0.0,0.6365,0.0,inner_patrol,obstacle,0.98,9.455017
585,-10.0,-6.4937,0,1.0,0.1667,16,7680,70,150.0,0.7961,150.7961,1.0,0.7292,0.0625,1,0,1,0.0625,0.0,0.0625,0,0.75,0.25,0.875,12,14,16,0.7961,0.7961,1.234,0.125,0.5,0.5,0.0,0.5,0,0,0.75,4,3,0.5244,0.1,0.125,0.625,0.0,0.25,0.0,0.0,0.75,0.0,0.0,0.0,0.6931,0.0,enter_inner,obstacle,0.98,9.804501
586,53.9129,26.299,1,6.0,1.0,45,21600,45,139.2857,2.7875,142.0733,0.6429,1.5556,0.1333,1,0,1,0.0222,0.0,0.0222,0,0.7333,0.2667,0.8,33,36,45,0.5575,0.5575,4.3207,0.2,0.4444,0.3333,0.2222,0.5556,0,0,0.6667,12,8,0.5782,0.1,0.1778,0.8889,0.0667,0.2667,0.0,0.0,0.6667,0.0,0.0,0.0,1.0609,0.0,completed,,0.98,8.403175
587,-5.7065,-2.7837,0,3.0,0.5,28,13440,70,150.0,2.9452,152.9452,1.0,1.25,0.1071,0,0,0,0.0000,0.0,0.0000,0,0.7857,0.2143,0.7857,22,22,28,0.9817,0.9817,4.5651,0.2143,0.6667,0.3333,0.0,0.3333,0,0,0.75,12,9,0.6127,0.1,0.1786,0.8929,0.1429,0.4286,0.0,0.0,0.75,0.0,0.0,0.0,0.6365,0.0,return_outer,obstacle,0.98,7.730836
588,10.9453,5.3392,0,4.0,0.6667,27,12960,70,150.0,0.8718,150.8718,1.0,1.7284,0.1481,1,0,1,0.0370,0.0,0.0370,0,0.7037,0.2963,0.8148,19,22,27,0.2179,0.2179,1.3512,0.1852,0.2,0.4,0.4,0.8,0,0,0.7143,7,5,0.5556,0.1,0.1111,0.8148,0.037,0.2593,0.0,0.0,0.7143,0.0,0.0,0.0,1.0549,0.0,outer_patrol_b,road_edge,0.98,6.901654
589,54.183,26.4307,1,6.0,1.0,46,22080,46,139.7143,0.8971,140.6114,0.6571,1.5217,0.1304,0,0,0,0.0000,0.0,0.0000,0,0.7391,0.2609,0.8913,34,41,46,0.1794,0.1794,1.3905,0.1304,0.1667,0.3333,0.5,0.8333,0,0,0.7222,18,13,0.5665,0.1,0.1087,0.7826,0.0435,0.3913,0.0,0.0,0.7222,0.0,0.0,0.0,1.0114,0.0,completed,,0.98,7.593612
590,17.9563,8.7592,0,4.0,0.6667,24,11520,70,150.0,0.0,150.0,1.0,1.9444,0.1667,1,0,1,0.0417,0.0,0.0417,0,0.75,0.25,0.8333,18,20,24,0.0,0.0,0.0,0.1667,0.0,0.25,0.75,1.0,0,0,1.0,6,6,0.5454,0.1,0.0833,0.7083,0.0417,0.25,0.0,0.0,1.0,0.0,0.0,0.0,0.5623,0.0,outer_patrol_b,road_edge,0.98,8.060803
591,1.9958,0.9736,0,2.0,0.3333,15,7200,70,150.0,0.0,150.0,1.0,1.5556,0.1333,0,0,0,0.0000,0.0,0.0000,0,0.8667,0.1333,0.8667,13,13,15,0.0,0.0,0.0,0.1333,0.0,0.5,0.5,1.0,0,0,0.3333,3,1,0.5137,0.1,0.0,0.6667,0.0,0.2,0.0,0.0,0.3333,0.0,0.0,0.0,0.6931,0.0,inner_patrol,obstacle,0.98,9.377672
592,40.6659,19.837,1,6.0,1.0,49,23520,49,141.0,5.3404,146.3404,0.7,1.4286,0.1224,1,0,1,0.0204,0.0,0.0204,0,0.7347,0.2653,0.8163,36,40,49,1.0681,1.0681,8.2776,0.1837,0.7778,0.2222,0.0,0.2222,0,0,0.6667,12,8,0.5734,0.1,0.1633,0.7347,0.0612,0.2449,0.0,0.0,0.6667,0.0,0.0,0.0,0.5297,0.0,completed,,0.98,9.47263
593,63.8756,31.1588,1,6.0,1.0,41,19680,41,137.5714,0.6258,138.1972,0.5857,1.7073,0.1463,1,0,1,0.0244,0.0,0.0244,0,0.7317,0.2683,0.8537,30,35,41,0.1252,0.1252,0.97,0.1463,0.1667,0.3333,0.5,0.8333,0,0,0.7692,13,10,0.5394,0.1,0.0732,0.7805,0.0,0.3171,0.0,0.0,0.7692,0.0,0.0,0.0,1.0114,0.0,completed,,0.98,9.954425
594,-10.0,-9.7575,0,0.0,0.0,2,960,70,150.0,0.0,150.0,1.0,0.0,0.0,0,0,0,0.0000,0.0,0.0000,0,1.0,0.0,1.0,2,2,2,0.0,0.0,0.0,0.0,0.0,0.0,0.0,0.0,0,0,0.0,0,0,0.4774,0.1,0.0,1.0,0.0,0.0,0.0,0.0,0.0,0.0,0.0,0.0,0.0,0.0,outer_patrol_a,road_edge,0.98,9.954425
595,60.8227,29.6696,1,6.0,1.0,43,20640,43,138.4286,0.8287,139.2573,0.6143,1.6279,0.1395,1,0,1,0.0233,0.0,0.0233,0,0.7907,0.2093,0.8837,34,38,43,0.1657,0.1657,1.2846,0.1163,0.2,0.4,0.4,0.8,0,0,0.9167,12,11,0.5563,0.1,0.0233,0.7209,0.0,0.2791,0.0,0.0,0.9167,0.0,0.0,0.0,1.0549,0.0,completed,,0.98,10.582037
596,-10.0,-4.9427,0,0.0,0.0,12,5760,70,150.0,0.0,150.0,1.0,0.0,0.0,1,0,1,0.0833,0.0,0.0833,0,1.0,0.0,1.0,12,12,12,0.0,0.0,0.0,0.0,0.0,0.0,0.0,0.0,0,0,0.0,1,0,0.4976,0.1,0.0,0.75,0.0,0.0833,0.0,0.0,0.0,0.0,0.0,0.0,0.0,0.0,outer_patrol_a,road_edge,0.98,10.549651
597,57.1696,27.8876,1,6.0,1.0,43,20640,43,138.4286,2.5019,140.9305,0.6143,1.6279,0.1395,1,0,1,0.0233,0.0,0.0233,0,0.7442,0.2558,0.8605,32,37,43,0.5004,0.5004,3.878,0.1628,0.4286,0.1429,0.4286,0.5714,0,0,0.6667,9,6,0.5477,0.1,0.093,0.8372,0.0,0.2093,0.0,0.0,0.6667,0.0,0.0,0.0,1.0042,0.0,completed,,0.98,9.05308
598,14.0357,6.8467,0,4.0,0.6667,43,20640,70,150.0,1.4869,151.4869,1.0,1.0853,0.093,1,0,1,0.0233,0.0,0.0233,0,0.7442,0.2558,0.8605,32,37,43,0.3717,0.3717,2.3047,0.1395,0.3333,0.0,0.6667,0.6667,0,0,0.6842,19,13,0.5813,0.1,0.1395,0.7674,0.0698,0.4419,0.0,0.0,0.6842,0.0,0.0,0.0,0.6365,0.0,outer_patrol_b,road_edge,0.98,7.958922
599,-2.502,-1.2205,0,3.0,0.5,28,13440,70,150.0,0.7989,150.7989,1.0,1.25,0.1071,1,0,1,0.0357,0.0,0.0357,0,0.7143,0.2857,0.8571,20,24,28,0.2663,0.2663,1.2383,0.1429,0.25,0.25,0.5,0.75,0,0,0.6364,11,7,0.5786,0.1,0.1786,0.9643,0.0357,0.3929,0.0,0.0,0.6364,0.0,0.0,0.0,1.0397,0.0,return_outer,obstacle,0.98,8.699339
600,66.8769,32.6229,1,6.0,1.0,39,18720,39,136.7143,0.6177,137.332,0.5571,1.7949,0.1538,0,0,0,0.0000,0.0,0.0000,0,0.7949,0.2051,0.8462,31,33,39,0.1235,0.1235,0.9574,0.1538,0.1667,0.5,0.3333,0.8333,0,0,0.8333,12,10,0.5568,0.1,0.0513,0.7949,0.0256,0.3077,0.0,0.0,0.8333,0.0,0.0,0.0,1.0114,0.0,completed,,0.98,9.472176
601,1.3899,0.678,0,2.0,0.3333,20,9600,70,150.0,0.0,150.0,1.0,1.1667,0.1,1,0,1,0.0500,0.0,0.0500,0,0.75,0.25,0.9,15,18,20,0.0,0.0,0.0,0.1,0.0,1.0,0.0,1.0,0,0,0.75,4,3,0.5322,0.1,0.1,0.8,0.05,0.2,0.0,0.0,0.75,0.0,0.0,0.0,-0.0,0.0,inner_patrol,obstacle,0.98,9.64812
602,-1.9545,-0.9534,0,2.0,0.3333,16,7680,70,150.0,0.797,150.797,1.0,1.4583,0.125,0,0,0,0.0000,0.0,0.0000,0,0.8125,0.1875,0.8125,13,13,16,0.3985,0.3985,1.2354,0.1875,0.3333,0.0,0.6667,0.6667,0,0,0.6667,3,2,0.5469,0.1,0.125,0.625,0.0625,0.1875,0.0,0.0,0.6667,0.0,0.0,0.0,0.6365,0.0,inner_patrol,obstacle,0.98,10.222689
603,47.5088,23.175,1,6.0,1.0,46,22080,46,139.7143,4.3817,144.096,0.6571,1.5217,0.1304,1,0,1,0.0217,0.0,0.0217,0,0.7391,0.2609,0.8261,34,38,46,0.8763,0.8763,6.7917,0.1739,0.75,0.25,0.0,0.25,0,0,0.5833,12,7,0.5552,0.1,0.087,0.8913,0.0,0.2609,0.0,0.0,0.5833,0.0,0.0,0.0,0.5623,0.0,completed,,0.98,9.51101
604,-10.0,-6.0045,0,1.0,0.1667,17,8160,70,150.0,0.0,150.0,1.0,0.6863,0.0588,1,0,1,0.0588,0.0,0.0588,0,0.7059,0.2941,0.8824,12,15,17,0.0,0.0,0.0,0.1176,0.0,0.5,0.5,1.0,0,0,0.4,5,2,0.5465,0.1,0.1176,0.8235,0.1176,0.2941,0.0,0.0,0.4,0.0,0.0,0.0,0.6931,0.0,enter_inner,obstacle,0.98,8.592449
605,61.3728,29.9379,1,6.0,1.0,42,20160,42,138.0,1.6821,139.6821,0.6,1.6667,0.1429,1,0,1,0.0238,0.0,0.0238,0,0.7619,0.2381,0.8333,32,35,42,0.3364,0.3364,2.6073,0.1667,0.2857,0.1429,0.5714,0.7143,0,0,0.5714,7,4,0.5541,0.1,0.0714,0.8333,0.0476,0.1667,0.0,0.0,0.5714,0.0,0.0,0.0,0.9557,0.0,completed,,0.98,8.182339
606,55.3097,26.9804,1,6.0,1.0,43,20640,43,138.4286,3.4154,141.844,0.6143,1.6279,0.1395,1,0,1,0.0233,0.0,0.0233,0,0.814,0.186,0.8372,35,36,43,0.6831,0.6831,5.2939,0.1628,0.5714,0.1429,0.2857,0.4286,0,0,0.7778,9,7,0.5546,0.1,0.0465,0.6744,0.0233,0.2093,0.0,0.0,0.7778,0.0,0.0,0.0,0.9557,0.0,completed,,0.98,9.265889
607,-9.516,-4.6419,0,1.0,0.1667,15,7200,70,150.0,0.0,150.0,1.0,0.7778,0.0667,0,0,0,0.0000,0.0,0.0000,0,0.8667,0.1333,0.9333,13,14,15,0.0,0.0,0.0,0.0667,0.0,0.0,1.0,1.0,0,0,0.75,4,3,0.5082,0.1,0.0667,0.8667,0.0,0.2667,0.0,0.0,0.75,0.0,0.0,0.0,-0.0,0.0,enter_inner,obstacle,0.98,9.886618
608,60.6046,29.5632,1,6.0,1.0,45,21600,45,139.2857,0.671,139.9568,0.6429,1.5556,0.1333,0,0,0,0.0000,0.0,0.0000,0,0.7778,0.2222,0.8444,35,38,45,0.1342,0.1342,1.0401,0.1556,0.1429,0.1429,0.7143,0.8571,0,0,0.5789,19,11,0.5665,0.1,0.0889,0.7556,0.0444,0.4222,0.0,0.0,0.5789,0.0,0.0,0.0,0.7963,0.0,completed,,0.98,9.464231
609,16.1363,7.8713,0,4.0,0.6667,24,11520,70,150.0,0.8536,150.8536,1.0,1.9444,0.1667,0,0,0,0.0000,0.0,0.0000,0,0.75,0.25,0.7917,18,19,24,0.2134,0.2134,1.3231,0.2083,0.2,0.4,0.4,0.8,0,0,1.0,8,8,0.5546,0.1,0.0833,0.7917,0.0,0.3333,0.0,0.0,1.0,0.0,0.0,0.0,1.0549,0.0,outer_patrol_b,road_edge,0.98,7.504866
610,-10.0,-7.8856,0,0.0,0.0,5,2400,70,150.0,0.0,150.0,1.0,0.0,0.0,0,0,0,0.0000,0.0,0.0000,0,1.0,0.0,1.0,5,5,5,0.0,0.0,0.0,0.0,0.0,0.0,0.0,0.0,0,0,0.0,0,0,0.4802,0.1,0.0,0.6,0.0,0.0,0.0,0.0,0.0,0.0,0.0,0.0,0.0,0.0,outer_patrol_a,road_edge,0.98,8.428596
611,-8.0316,-3.9178,0,1.0,0.1667,14,6720,70,150.0,0.0,150.0,1.0,0.8333,0.0714,1,0,1,0.0714,0.0,0.0714,0,0.8571,0.1429,0.9286,12,13,14,0.0,0.0,0.0,0.0714,0.0,1.0,0.0,1.0,0,0,0.6667,3,2,0.5083,0.1,0.0714,0.7857,0.0,0.2143,0.0,0.0,0.6667,0.0,0.0,0.0,-0.0,0.0,enter_inner,obstacle,0.98,7.4578
612,0.3037,0.1482,0,2.0,0.3333,16,7680,70,150.0,0.0,150.0,1.0,1.4583,0.125,1,0,1,0.0625,0.0,0.0625,0,0.8125,0.1875,0.875,13,14,16,0.0,0.0,0.0,0.125,0.0,0.5,0.5,1.0,0,0,1.0,3,3,0.5164,0.1,0.0625,0.75,0.0,0.1875,0.0,0.0,1.0,0.0,0.0,0.0,0.6931,0.0,inner_patrol,obstacle,0.98,7.561566
613,65.0576,31.7354,1,6.0,1.0,40,19200,40,137.1429,0.8291,137.9719,0.5714,1.75,0.15,1,0,1,0.0250,0.0,0.0250,0,0.825,0.175,0.875,33,35,40,0.1658,0.1658,1.2851,0.125,0.2,0.4,0.4,0.8,0,0,0.7692,13,10,0.5578,0.1,0.075,0.85,0.025,0.325,0.0,0.0,0.7692,0.0,0.0,0.0,1.0549,0.0,completed,,0.98,7.047752
614,-10.0,-5.6125,0,2.0,0.3333,24,11520,70,150.0,0.6271,150.6271,1.0,0.9722,0.0833,1,0,1,0.0417,0.0,0.0417,0,0.75,0.25,0.875,18,21,24,0.3135,0.3135,0.972,0.125,0.3333,0.3333,0.3333,0.6667,0,0,0.3,10,3,0.6448,0.1,0.3333,0.7083,0.25,0.4167,0.0,0.0,0.3,0.0,0.0,0.0,1.0986,0.0,inner_patrol,obstacle,0.98,9.192105
615,-3.6504,-1.7807,0,3.0,0.5,28,13440,70,150.0,1.6383,151.6383,1.0,1.25,0.1071,1,0,1,0.0357,0.0,0.0357,0,0.7857,0.2143,0.8571,22,24,28,0.5461,0.5461,2.5394,0.1429,0.5,0.5,0.0,0.5,0,0,0.625,8,5,0.5726,0.1,0.1429,0.7143,0.0714,0.2857,0.0,0.0,0.625,0.0,0.0,0.0,0.6931,0.0,return_outer,obstacle,0.98,8.246317
616,5.7485,2.8041,0,2.0,0.3333,23,11040,70,150.0,0.0,150.0,1.0,1.0145,0.087,1,0,1,0.0435,0.0,0.0435,0,0.8696,0.1304,0.913,20,21,23,0.0,0.0,0.0,0.087,0.0,0.5,0.5,1.0,0,0,1.0,6,6,0.5414,0.1,0.0435,0.7391,0.0,0.2609,0.0,0.0,1.0,0.0,0.0,0.0,0.6931,0.0,inner_patrol,obstacle,0.98,8.987391
617,-7.7221,-3.7669,0,1.0,0.1667,14,6720,70,150.0,0.0,150.0,1.0,0.8333,0.0714,0,0,0,0.0000,0.0,0.0000,0,0.9286,0.0714,0.9286,13,13,14,0.0,0.0,0.0,0.0714,0.0,0.0,1.0,1.0,0,0,0.5,4,2,0.5322,0.1,0.0714,0.5714,0.0714,0.2857,0.0,0.0,0.5,0.0,0.0,0.0,-0.0,0.0,enter_inner,obstacle,0.98,9.679509
618,5.9336,2.8945,0,3.0,0.5,24,11520,70,150.0,0.7664,150.7664,1.0,1.4583,0.125,1,0,1,0.0417,0.0,0.0417,0,0.8333,0.1667,0.875,20,21,24,0.2555,0.2555,1.188,0.125,0.3333,0.3333,0.3333,0.6667,0,0,0.7143,7,5,0.5596,0.1,0.0833,0.7917,0.0417,0.2917,0.0,0.0,0.7143,0.0,0.0,0.0,1.0986,0.0,return_outer,obstacle,0.98,9.316136
619,21.126,10.3054,0,5.0,0.8333,42,20160,70,150.0,0.7431,150.7431,1.0,1.3889,0.119,0,0,0,0.0000,0.0,0.0000,0,0.7619,0.2381,0.881,32,37,42,0.1486,0.1486,1.1518,0.119,0.2,0.4,0.4,0.8,0,0,0.8667,15,13,0.5548,0.1,0.0952,0.7857,0.0476,0.3571,0.0,0.0,0.8667,0.0,0.0,0.0,1.0549,0.0,final_park,wall,0.98,9.037054
620,56.3125,27.4695,1,6.0,1.0,42,20160,42,138.0,3.0372,141.0372,0.6,1.6667,0.1429,1,0,1,0.0238,0.0,0.0238,0,0.7143,0.2857,0.8095,30,34,42,0.6074,0.6074,4.7077,0.1905,0.5,0.25,0.25,0.5,0,0,0.8571,14,12,0.562,0.1,0.1429,0.7143,0.0476,0.3333,0.0,0.0,0.8571,0.0,0.0,0.0,1.0397,0.0,completed,,0.98,9.702493
621,53.0599,25.8829,1,6.0,1.0,46,22080,46,139.7143,1.889,141.6033,0.6571,1.5217,0.1304,0,0,0,0.0000,0.0,0.0000,0,0.7391,0.2609,0.8261,34,38,46,0.3778,0.3778,2.928,0.1739,0.375,0.5,0.125,0.625,0,0,0.6875,16,11,0.5725,0.1,0.1087,0.8261,0.0217,0.3478,0.0,0.0,0.6875,0.0,0.0,0.0,0.9743,0.0,completed,,0.98,8.264052
622,-4.8988,-2.3897,0,3.0,0.5,27,12960,70,150.0,3.1945,153.1945,1.0,1.2963,0.1111,0,0,0,0.0000,0.0,0.0000,0,0.7407,0.2593,0.7778,20,21,27,1.0648,1.0648,4.9515,0.2222,0.6667,0.1667,0.1667,0.3333,0,0,0.6667,9,6,0.5864,0.1,0.2222,0.7778,0.0741,0.3333,0.0,0.0,0.6667,0.0,0.0,0.0,0.8676,0.0,return_outer,obstacle,0.98,8.502264
623,56.6559,27.637,1,6.0,1.0,43,20640,43,138.4286,2.9042,141.3328,0.6143,1.6279,0.1395,0,0,0,0.0000,0.0,0.0000,0,0.7674,0.2326,0.8605,33,37,43,0.5808,0.5808,4.5016,0.1628,0.5714,0.1429,0.2857,0.4286,0,0,0.75,12,9,0.5426,0.1,0.1163,0.7674,0.0,0.2791,0.0,0.0,0.75,0.0,0.0,0.0,0.9557,0.0,completed,,0.98,8.831835
624,22.3598,10.9072,0,4.0,0.6667,34,16320,70,150.0,0.7914,150.7914,1.0,1.3725,0.1176,1,0,1,0.0294,0.0,0.0294,0,0.7647,0.2353,0.8529,26,29,34,0.1978,0.1978,1.2267,0.1471,0.2,0.4,0.4,0.8,0,0,1.0,4,4,0.5385,0.1,0.0588,0.6765,0.0294,0.1176,0.0,0.0,1.0,0.0,0.0,0.0,1.0549,0.0,outer_patrol_b,road_edge,0.98,9.061207
625,23.0121,11.2254,0,4.0,0.6667,29,13920,70,150.0,0.6225,150.6225,1.0,1.6092,0.1379,1,0,1,0.0345,0.0,0.0345,0,0.7931,0.2069,0.8276,23,24,29,0.1556,0.1556,0.9649,0.1724,0.2,0.6,0.2,0.8,0,0,0.8889,9,8,0.5717,0.1,0.1034,0.7241,0.069,0.3103,0.0,0.0,0.8889,0.0,0.0,0.0,0.9503,0.0,outer_patrol_b,road_edge,0.98,9.423384
626,16.7464,8.169,0,5.0,0.8333,45,21600,70,150.0,0.0,150.0,1.0,1.2963,0.1111,1,0,1,0.0222,0.0,0.0222,0,0.7111,0.2889,0.8889,32,40,45,0.0,0.0,0.0,0.1111,0.0,0.6,0.4,1.0,0,0,0.5556,9,5,0.5398,0.1,0.0222,0.7333,0.0,0.2,0.0,0.0,0.5556,0.0,0.0,0.0,0.673,0.0,final_park,wall,0.98,9.421124
627,2.7199,1.3268,0,3.0,0.5,25,12000,70,150.0,1.2939,151.2939,1.0,1.4,0.12,1,0,1,0.0400,0.0,0.0400,0,0.8,0.2,0.8,20,20,25,0.4313,0.4313,2.0056,0.2,0.4,0.2,0.4,0.6,0,0,0.7273,11,8,0.5784,0.1,0.16,0.92,0.04,0.44,0.0,0.0,0.7273,0.0,0.0,0.0,1.0549,0.0,return_outer,obstacle,0.98,9.753843
628,7.8063,3.808,0,4.0,0.6667,30,14400,70,150.0,0.6721,150.6721,1.0,1.5556,0.1333,0,0,0,0.0000,0.0,0.0000,0,0.6667,0.3333,0.8,20,24,30,0.168,0.168,1.0417,0.2,0.1667,0.5,0.3333,0.8333,0,0,0.6,10,6,0.5836,0.1,0.1333,0.7333,0.0667,0.3333,0.0,0.0,0.6,0.0,0.0,0.0,1.0114,0.0,outer_patrol_b,road_edge,0.98,9.566233
629,7.3977,3.6087,0,4.0,0.6667,30,14400,70,150.0,0.0,150.0,1.0,1.5556,0.1333,1,0,1,0.0333,0.0,0.0333,0,0.7667,0.2333,0.8667,23,26,30,0.0,0.0,0.0,0.1333,0.0,1.0,0.0,1.0,0,0,0.5,10,5,0.5653,0.1,0.2,0.7,0.0333,0.3333,0.0,0.0,0.5,0.0,0.0,0.0,-0.0,0.0,outer_patrol_b,road_edge,0.98,9.581506
630,-10.0,-9.3067,0,1.0,0.1667,20,9600,70,150.0,0.6145,150.6145,1.0,0.5833,0.05,1,0,1,0.0500,0.0,0.0500,0,0.75,0.25,0.9,15,18,20,0.6145,0.6145,0.9524,0.1,0.5,0.5,0.0,0.5,0,0,0.6,5,3,0.5498,0.1,0.1,0.4,0.05,0.25,0.0,0.0,0.6,0.0,0.0,0.0,0.6931,0.0,enter_inner,obstacle,0.98,8.613307
631,1.3723,0.6694,0,2.0,0.3333,15,7200,70,150.0,0.0,150.0,1.0,1.5556,0.1333,0,0,0,0.0000,0.0,0.0000,0,0.8667,0.1333,0.8667,13,13,15,0.0,0.0,0.0,0.1333,0.0,1.0,0.0,1.0,0,0,0.75,4,3,0.546,0.1,0.0667,0.6667,0.0667,0.2667,0.0,0.0,0.75,0.0,0.0,0.0,-0.0,0.0,inner_patrol,obstacle,0.98,9.18309
632,-5.2962,-2.5835,0,2.0,0.3333,19,9120,70,150.0,0.0,150.0,1.0,1.2281,0.1053,1,0,1,0.0526,0.0,0.0526,0,0.7895,0.2105,0.8947,15,17,19,0.0,0.0,0.0,0.1053,0.0,1.0,0.0,1.0,0,0,0.6,5,3,0.5332,0.1,0.0526,0.6842,0.0526,0.2632,0.0,0.0,0.6,0.0,0.0,0.0,-0.0,0.0,inner_patrol,obstacle,0.98,8.816933
633,-6.9161,-3.3737,0,1.0,0.1667,14,6720,70,150.0,0.0,150.0,1.0,0.8333,0.0714,1,0,1,0.0714,0.0,0.0714,0,0.8571,0.1429,0.8571,12,12,14,0.0,0.0,0.0,0.1429,0.0,0.5,0.5,1.0,0,0,0.5,4,2,0.5562,0.1,0.1429,0.5,0.1429,0.2857,0.0,0.0,0.5,0.0,0.0,0.0,0.6931,0.0,enter_inner,obstacle,0.98,7.818671
634,5.3957,2.6321,0,3.0,0.5,24,11520,70,150.0,0.77,150.77,1.0,1.4583,0.125,0,0,0,0.0000,0.0,0.0000,0,0.8333,0.1667,0.875,20,21,24,0.2567,0.2567,1.1935,0.125,0.3333,0.3333,0.3333,0.6667,0,0,0.7143,7,5,0.5692,0.1,0.125,0.8333,0.0417,0.2917,0.0,0.0,0.7143,0.0,0.0,0.0,1.0986,0.0,return_outer,obstacle,0.98,7.174083
635,5.2574,2.5646,0,3.0,0.5,25,12000,70,150.0,0.0,150.0,1.0,1.4,0.12,1,0,1,0.0400,0.0,0.0400,0,0.72,0.28,0.88,18,22,25,0.0,0.0,0.0,0.12,0.0,0.6667,0.3333,1.0,0,0,0.75,4,3,0.5318,0.1,0.04,0.8,0.0,0.16,0.0,0.0,0.75,0.0,0.0,0.0,0.6365,0.0,return_outer,obstacle,0.98,8.849039
636,67.9232,33.1333,1,6.0,1.0,39,18720,39,136.7143,0.6733,137.3876,0.5571,1.7949,0.1538,1,0,1,0.0256,0.0,0.0256,0,0.7692,0.2308,0.8462,30,33,39,0.1347,0.1347,1.0436,0.1538,0.1667,0.1667,0.6667,0.8333,0,0,0.8,10,8,0.545,0.1,0.0769,0.8205,0.0256,0.2564,0.0,0.0,0.8,0.0,0.0,0.0,0.8676,0.0,completed,,0.98,10.735088
637,-6.519,-3.18,0,3.0,0.5,31,14880,70,150.0,1.6851,151.6851,1.0,1.129,0.0968,1,0,1,0.0323,0.0,0.0323,0,0.7097,0.2903,0.8387,22,26,31,0.5617,0.5617,2.6119,0.1613,0.4,0.2,0.4,0.6,0,0,0.4545,11,5,0.5934,0.1,0.1613,0.871,0.0968,0.3548,0.0,0.0,0.4545,0.0,0.0,0.0,1.0549,0.0,return_outer,obstacle,0.98,12.51196
638,-10.0,-6.7246,0,0.0,0.0,16,7680,70,150.0,0.0,150.0,1.0,0.0,0.0,1,0,1,0.0625,0.0,0.0625,0,0.875,0.125,1.0,14,16,16,0.0,0.0,0.0,0.0,0.0,0.0,0.0,0.0,0,0,0.5,4,2,0.5091,0.1,0.0,0.5625,0.0,0.25,0.0,0.0,0.5,0.0,0.0,0.0,0.0,0.0,outer_patrol_a,road_edge,0.98,12.754488
639,-8.666,-4.2273,0,4.0,0.6667,38,18240,70,150.0,3.5462,153.5462,1.0,1.2281,0.1053,1,0,1,0.0263,0.0,0.0263,0,0.7632,0.2368,0.8158,29,31,38,0.8865,0.8865,5.4966,0.1842,0.7143,0.0,0.2857,0.2857,0,0,0.4375,16,7,0.6362,0.1,0.3158,0.8947,0.1842,0.4211,0.0,0.0,0.4375,0.0,0.0,0.0,0.5983,0.0,outer_patrol_b,road_edge,0.98,12.696488
640,72.4817,35.357,1,6.0,1.0,37,17760,37,135.8571,0.0,135.8571,0.5286,1.8919,0.1622,0,0,0,0.0000,0.0,0.0000,0,0.7838,0.2162,0.8649,29,32,37,0.0,0.0,0.0,0.1351,0.0,0.4,0.6,1.0,0,0,0.9231,13,12,0.5532,0.1,0.0541,0.8919,0.027,0.3514,0.0,0.0,0.9231,0.0,0.0,0.0,0.673,0.0,completed,,0.98,9.901827
641,52.4098,25.5657,1,6.0,1.0,48,23040,48,140.5714,2.0994,142.6708,0.6857,1.4583,0.125,1,0,1,0.0208,0.0,0.0208,0,0.7917,0.2083,0.8542,38,41,48,0.4199,0.4199,3.254,0.1458,0.4286,0.1429,0.4286,0.5714,0,0,0.4,15,6,0.5815,0.1,0.2083,0.7708,0.1042,0.3125,0.0,0.0,0.4,0.0,0.0,0.0,1.0042,0.0,completed,,0.98,8.654775
642,62.3657,30.4223,1,6.0,1.0,40,19200,40,137.1429,2.3271,139.4699,0.5714,1.75,0.15,1,0,1,0.0250,0.0,0.0250,0,0.775,0.225,0.825,31,33,40,0.4654,0.4654,3.607,0.175,0.4286,0.2857,0.2857,0.5714,0,0,0.9,10,9,0.5513,0.1,0.125,0.7,0.025,0.25,0.0,0.0,0.9,0.0,0.0,0.0,1.079,0.0,completed,,0.98,8.827517
643,70.7677,34.5208,1,6.0,1.0,38,18240,38,136.2857,0.0,136.2857,0.5429,1.8421,0.1579,1,0,1,0.0263,0.0,0.0263,0,0.8158,0.1842,0.8684,31,33,38,0.0,0.0,0.0,0.1316,0.0,0.8,0.2,1.0,0,0,0.8,10,8,0.5339,0.1,0.0789,0.7105,0.0,0.2632,0.0,0.0,0.8,0.0,0.0,0.0,0.5004,0.0,completed,,0.98,8.48874
644,10.936,5.3346,0,4.0,0.6667,28,13440,70,150.0,0.0,150.0,1.0,1.6667,0.1429,1,0,1,0.0357,0.0,0.0357,0,0.7143,0.2857,0.8571,20,24,28,0.0,0.0,0.0,0.1429,0.0,0.25,0.75,1.0,0,0,0.8,5,4,0.5476,0.1,0.0714,0.5714,0.0357,0.1786,0.0,0.0,0.8,0.0,0.0,0.0,0.5623,0.0,outer_patrol_b,road_edge,0.98,9.587346
645,-10.0,-5.3097,0,1.0,0.1667,15,7200,70,150.0,0.6506,150.6506,1.0,0.7778,0.0667,0,0,0,0.0000,0.0,0.0000,0,0.7333,0.2667,0.8667,11,13,15,0.6506,0.6506,1.0084,0.1333,0.5,0.0,0.5,0.5,0,0,0.6,5,3,0.5642,0.1,0.1333,0.7333,0.1333,0.3333,0.0,0.0,0.6,0.0,0.0,0.0,0.6931,0.0,enter_inner,obstacle,0.98,9.287266
646,-7.8659,-3.837,0,1.0,0.1667,14,6720,70,150.0,0.0,150.0,1.0,0.8333,0.0714,1,0,1,0.0714,0.0,0.0714,0,0.8571,0.1429,0.9286,12,13,14,0.0,0.0,0.0,0.0714,0.0,1.0,0.0,1.0,0,0,0.5,2,1,0.5137,0.1,0.0714,0.5714,0.0,0.1429,0.0,0.0,0.5,0.0,0.0,0.0,-0.0,0.0,enter_inner,obstacle,0.98,8.821084
647,16.3452,7.9733,0,5.0,0.8333,45,21600,70,150.0,0.6525,150.6525,1.0,1.2963,0.1111,1,0,1,0.0222,0.0,0.0222,0,0.6889,0.3111,0.8889,31,40,45,0.1305,0.1305,1.0114,0.1111,0.2,0.4,0.4,0.8,0,0,0.75,8,6,0.5392,0.1,0.0222,0.6889,0.0,0.1778,0.0,0.0,0.75,0.0,0.0,0.0,1.0549,0.0,final_park,wall,0.98,7.397533
648,64.7093,31.5655,1,6.0,1.0,39,18720,39,136.7143,2.1544,138.8687,0.5571,1.7949,0.1538,1,0,1,0.0256,0.0,0.0256,0,0.7692,0.2308,0.8205,30,32,39,0.4309,0.4309,3.3393,0.1795,0.4286,0.4286,0.1429,0.5714,0,0,0.9091,11,10,0.5525,0.1,0.0769,0.7692,0.0513,0.2821,0.0,0.0,0.9091,0.0,0.0,0.0,1.0042,0.0,completed,,0.98,9.491521
649,-10.0,-5.4494,0,1.0,0.1667,16,7680,70,150.0,0.0,150.0,1.0,0.7292,0.0625,0,0,0,0.0000,0.0,0.0000,0,0.8125,0.1875,0.9375,13,15,16,0.0,0.0,0.0,0.0625,0.0,1.0,0.0,1.0,0,0,0.6667,6,4,0.5208,0.1,0.0625,0.625,0.0,0.375,0.0,0.0,0.6667,0.0,0.0,0.0,-0.0,0.0,enter_inner,obstacle,0.98,9.622086
650,52.5391,25.6288,1,6.0,1.0,45,21600,45,139.2857,2.3834,141.6691,0.6429,1.5556,0.1333,1,0,1,0.0222,0.0,0.0222,0,0.6889,0.3111,0.8444,31,38,45,0.4767,0.4767,3.6943,0.1556,0.4286,0.5714,0.0,0.5714,0,0,0.9167,12,11,0.5512,0.1,0.1333,0.7778,0.0,0.2667,0.0,0.0,0.9167,0.0,0.0,0.0,0.6829,0.0,completed,,0.98,10.885815
651,9.2514,4.5129,0,4.0,0.6667,28,13440,70,150.0,2.1759,152.1759,1.0,1.6667,0.1429,0,0,0,0.0000,0.0,0.0000,0,0.7143,0.2857,0.7857,20,22,28,0.544,0.544,3.3727,0.2143,0.5,0.3333,0.1667,0.5,0,0,1.0,8,8,0.5609,0.1,0.1786,0.8929,0.0,0.2857,0.0,0.0,1.0,0.0,0.0,0.0,1.0114,0.0,outer_patrol_b,road_edge,0.98,11.270156
652,-10.0,-6.9189,0,1.0,0.1667,18,8640,70,150.0,0.0,150.0,1.0,0.6481,0.0556,0,0,0,0.0000,0.0,0.0000,0,0.8333,0.1667,0.9444,15,17,18,0.0,0.0,0.0,0.0556,0.0,0.0,1.0,1.0,0,0,0.4,5,2,0.5196,0.1,0.0556,0.7222,0.0,0.2778,0.0,0.0,0.4,0.0,0.0,0.0,-0.0,0.0,enter_inner,obstacle,0.98,10.709182
653,-1.5608,-0.7614,0,3.0,0.5,29,13920,70,150.0,0.6113,150.6113,1.0,1.2069,0.1034,1,0,1,0.0345,0.0,0.0345,0,0.7241,0.2759,0.8621,21,25,29,0.2038,0.2038,0.9475,0.1379,0.25,0.5,0.25,0.75,0,0,0.625,8,5,0.5691,0.1,0.1034,0.7241,0.069,0.2759,0.0,0.0,0.625,0.0,0.0,0.0,1.0397,0.0,return_outer,obstacle,0.98,12.707704
654,6.1353,2.9928,0,4.0,0.6667,43,20640,70,150.0,2.6831,152.6831,1.0,1.0853,0.093,1,0,1,0.0233,0.0,0.0233,0,0.7442,0.2558,0.8605,32,37,43,0.6708,0.6708,4.1587,0.1628,0.4286,0.1429,0.4286,0.5714,0,0,0.6667,15,10,0.576,0.1,0.1628,0.7907,0.0698,0.3488,0.0,0.0,0.6667,0.0,0.0,0.0,1.0042,0.0,outer_patrol_b,road_edge,0.98,12.751079
655,-9.4304,-4.6002,0,1.0,0.1667,14,6720,70,150.0,0.8131,150.8131,1.0,0.8333,0.0714,1,0,1,0.0714,0.0,0.0714,0,0.8571,0.1429,0.8571,12,12,14,0.8131,0.8131,1.2604,0.1429,0.5,0.0,0.5,0.5,0,0,0.5,2,1,0.53,0.1,0.1429,0.6429,0.0714,0.1429,0.0,0.0,0.5,0.0,0.0,0.0,0.6931,0.0,enter_inner,obstacle,0.98,12.388308
656,-7.1926,-3.5086,0,0.0,0.0,12,5760,70,150.0,0.0,150.0,1.0,0.0,0.0,1,0,1,0.0833,0.0,0.0833,0,0.9167,0.0833,1.0,11,12,12,0.0,0.0,0.0,0.0,0.0,0.0,0.0,0.0,0,0,1.0,2,2,0.5033,0.1,0.0,0.75,0.0,0.1667,0.0,0.0,1.0,0.0,0.0,0.0,0.0,0.0,outer_patrol_a,road_edge,0.98,12.185628
657,31.4801,15.3562,0,4.0,0.6667,34,16320,70,150.0,0.0,150.0,1.0,1.3725,0.1176,1,0,1,0.0294,0.0,0.0294,0,0.8824,0.1176,0.8824,30,30,34,0.0,0.0,0.0,0.1176,0.0,0.75,0.25,1.0,0,0,0.8,10,8,0.5451,0.1,0.0588,0.8529,0.0588,0.2941,0.0,0.0,0.8,0.0,0.0,0.0,0.5623,0.0,outer_patrol_b,road_edge,0.98,9.711414
658,54.7894,26.7265,1,6.0,1.0,45,21600,45,139.2857,2.4226,141.7083,0.6429,1.5556,0.1333,1,0,1,0.0222,0.0,0.0222,0,0.7778,0.2222,0.8667,35,39,45,0.4845,0.4845,3.755,0.1333,0.5,0.1667,0.3333,0.5,0,0,0.8,10,8,0.5459,0.1,0.0667,0.6889,0.0,0.2222,0.0,0.0,0.8,0.0,0.0,0.0,1.0114,0.0,completed,,0.98,6.8271
659,9.9312,4.8445,0,4.0,0.6667,28,13440,70,150.0,0.6268,150.6268,1.0,1.6667,0.1429,0,0,0,0.0000,0.0,0.0000,0,0.75,0.25,0.8571,21,24,28,0.1567,0.1567,0.9716,0.1429,0.25,0.75,0.0,0.75,0,0,0.8,5,4,0.542,0.1,0.0357,0.7143,0.0,0.1786,0.0,0.0,0.8,0.0,0.0,0.0,0.5623,0.0,outer_patrol_b,road_edge,0.98,6.283241
660,-9.5157,-4.6418,0,1.0,0.1667,15,7200,70,150.0,0.0,150.0,1.0,0.7778,0.0667,1,0,1,0.0667,0.0,0.0667,0,0.8,0.2,0.9333,12,14,15,0.0,0.0,0.0,0.0667,0.0,1.0,0.0,1.0,0,0,1.0,1,1,0.5001,0.1,0.0,0.6667,0.0,0.0667,0.0,0.0,1.0,0.0,0.0,0.0,-0.0,0.0,enter_inner,obstacle,0.98,6.944953
661,-5.909,-2.8825,0,1.0,0.1667,13,6240,70,150.0,0.0,150.0,1.0,0.8974,0.0769,0,0,0,0.0000,0.0,0.0000,0,0.9231,0.0769,0.9231,12,12,13,0.0,0.0,0.0,0.0769,0.0,0.0,1.0,1.0,0,0,1.0,2,2,0.5119,0.1,0.0,0.6923,0.0,0.1538,0.0,0.0,1.0,0.0,0.0,0.0,-0.0,0.0,enter_inner,obstacle,0.98,7.062504
662,-4.9506,-2.4149,0,2.0,0.3333,18,8640,70,150.0,0.7144,150.7144,1.0,1.2963,0.1111,1,0,1,0.0556,0.0,0.0556,0,0.7222,0.2778,0.8333,13,15,18,0.3572,0.3572,1.1074,0.1667,0.3333,0.3333,0.3333,0.6667,0,0,0.6667,6,4,0.5439,0.1,0.1111,0.6667,0.0556,0.3333,0.0,0.0,0.6667,0.0,0.0,0.0,1.0986,0.0,inner_patrol,obstacle,0.98,7.515627
663,-10.0,-7.7206,0,1.0,0.1667,19,9120,70,150.0,0.0,150.0,1.0,0.614,0.0526,0,0,0,0.0000,0.0,0.0000,0,0.7895,0.2105,0.9474,15,18,19,0.0,0.0,0.0,0.0526,0.0,0.0,1.0,1.0,0,0,0.3333,6,2,0.5304,0.1,0.0526,0.4737,0.0526,0.3158,0.0,0.0,0.3333,0.0,0.0,0.0,-0.0,0.0,enter_inner,obstacle,0.98,7.05272
664,-10.0,-6.2859,0,0.0,0.0,12,5760,70,150.0,0.0,150.0,1.0,0.0,0.0,0,0,0,0.0000,0.0,0.0000,0,0.9167,0.0833,1.0,11,12,12,0.0,0.0,0.0,0.0,0.0,0.0,0.0,0.0,0,0,0.5,2,1,0.5091,0.1,0.0,0.5,0.0,0.1667,0.0,0.0,0.5,0.0,0.0,0.0,0.0,0.0,outer_patrol_a,road_edge,0.98,6.667166
665,-9.3145,-4.5436,0,1.0,0.1667,15,7200,70,150.0,0.0,150.0,1.0,0.7778,0.0667,1,0,1,0.0667,0.0,0.0667,0,0.8667,0.1333,0.9333,13,14,15,0.0,0.0,0.0,0.0667,0.0,1.0,0.0,1.0,0,0,0.25,4,1,0.5044,0.1,0.0667,0.8,0.0,0.2667,0.0,0.0,0.25,0.0,0.0,0.0,-0.0,0.0,enter_inner,obstacle,0.98,6.354626
666,-10.0,-8.4666,0,0.0,0.0,4,1920,70,150.0,0.0,150.0,1.0,0.0,0.0,1,0,1,0.2500,0.0,0.2500,0,1.0,0.0,1.0,4,4,4,0.0,0.0,0.0,0.0,0.0,0.0,0.0,0.0,0,0,1.0,1,1,0.4747,0.1,0.0,0.75,0.0,0.25,0.0,0.0,1.0,0.0,0.0,0.0,0.0,0.0,outer_patrol_a,road_edge,0.98,6.515637
667,-10.0,-8.8913,0,0.0,0.0,8,3840,70,150.0,0.0,150.0,1.0,0.0,0.0,1,0,1,0.1250,0.0,0.1250,0,0.75,0.25,1.0,6,8,8,0.0,0.0,0.0,0.0,0.0,0.0,0.0,0.0,0,0,0.0,0,0,0.4908,0.1,0.0,0.625,0.0,0.0,0.0,0.0,0.0,0.0,0.0,0.0,0.0,0.0,outer_patrol_a,road_edge,0.98,7.429553
668,-10.0,-6.3047,0,1.0,0.1667,17,8160,70,150.0,0.0,150.0,1.0,0.6863,0.0588,1,0,1,0.0588,0.0,0.0588,0,0.7059,0.2941,0.9412,12,16,17,0.0,0.0,0.0,0.0588,0.0,1.0,0.0,1.0,0,0,0.25,4,1,0.5388,0.1,0.0588,0.6471,0.0588,0.2353,0.0,0.0,0.25,0.0,0.0,0.0,-0.0,0.0,enter_inner,obstacle,0.98,7.88797
669,-7.7544,-3.7826,0,1.0,0.1667,14,6720,70,150.0,0.0,150.0,1.0,0.8333,0.0714,1,0,1,0.0714,0.0,0.0714,0,0.7857,0.2143,0.9286,11,13,14,0.0,0.0,0.0,0.0714,0.0,0.0,1.0,1.0,0,0,0.8,5,4,0.5269,0.1,0.0714,0.7143,0.0,0.3571,0.0,0.0,0.8,0.0,0.0,0.0,-0.0,0.0,enter_inner,obstacle,0.98,7.91435
670,50.3551,24.5634,1,6.0,1.0,47,22560,47,140.1429,3.122,143.2649,0.6714,1.4894,0.1277,1,0,1,0.0213,0.0,0.0213,0,0.7234,0.2766,0.8298,34,39,47,0.6244,0.6244,4.8392,0.1702,0.5,0.125,0.375,0.5,0,0,0.6154,13,8,0.5617,0.1,0.0851,0.8511,0.0426,0.2766,0.0,0.0,0.6154,0.0,0.0,0.0,0.9743,0.0,completed,,0.98,8.201747
671,-10.0,-7.11,0,0.0,0.0,13,6240,70,150.0,0.0,150.0,1.0,0.0,0.0,0,0,0,0.0000,0.0,0.0000,0,0.8462,0.1538,1.0,11,13,13,0.0,0.0,0.0,0.0,0.0,0.0,0.0,0.0,0,0,0.4,5,2,0.5175,0.1,0.0,0.6154,0.0,0.3846,0.0,0.0,0.4,0.0,0.0,0.0,0.0,0.0,outer_patrol_a,road_edge,0.98,9.206711
672,-4.1742,-2.0362,0,2.0,0.3333,27,12960,70,150.0,0.7818,150.7818,1.0,0.8642,0.0741,1,0,1,0.0370,0.0,0.0370,0,0.6667,0.3333,0.8519,18,23,27,0.3909,0.3909,1.2118,0.1481,0.25,0.0,0.75,0.75,0,0,0.3333,6,2,0.5812,0.1,0.1481,0.7407,0.0741,0.2222,0.0,0.0,0.3333,0.0,0.0,0.0,0.5623,0.0,inner_patrol,obstacle,0.98,8.805163
673,-7.2061,-3.5152,0,2.0,0.3333,18,8640,70,150.0,2.0888,152.0888,1.0,1.2963,0.1111,0,0,0,0.0000,0.0,0.0000,0,0.7778,0.2222,0.7778,14,14,18,1.0444,1.0444,3.2376,0.2222,0.75,0.0,0.25,0.25,0,0,0.8571,7,6,0.5774,0.1,0.1111,0.8889,0.1111,0.3889,0.0,0.0,0.8571,0.0,0.0,0.0,0.5623,0.0,inner_patrol,obstacle,0.98,9.00638
674,74.96,36.5658,1,6.0,1.0,35,16800,35,135.0,0.7569,135.7569,0.5,2.0,0.1714,1,0,1,0.0286,0.0,0.0286,0,0.8286,0.1714,0.8286,29,29,35,0.1514,0.1514,1.1732,0.1714,0.1667,0.6667,0.1667,0.8333,0,0,1.0,9,9,0.5537,0.1,0.0857,0.7143,0.0571,0.2571,0.0,0.0,1.0,0.0,0.0,0.0,0.8676,0.0,completed,,0.98,9.30664
675,63.6044,31.0265,1,6.0,1.0,42,20160,42,138.0,1.3417,139.3417,0.6,1.6667,0.1429,1,0,1,0.0238,0.0,0.0238,0,0.8095,0.1905,0.881,34,37,42,0.2683,0.2683,2.0796,0.119,0.4,0.2,0.4,0.6,0,0,0.8182,11,9,0.5381,0.1,0.0714,0.8095,0.0,0.2619,0.0,0.0,0.8182,0.0,0.0,0.0,1.0549,0.0,completed,,0.98,9.878147
676,68.2573,33.2963,1,6.0,1.0,39,18720,39,136.7143,1.2409,137.9552,0.5571,1.7949,0.1538,0,0,0,0.0000,0.0,0.0000,0,0.7436,0.2564,0.7949,29,31,39,0.2482,0.2482,1.9234,0.2051,0.25,0.25,0.5,0.75,0,0,0.9,10,9,0.5666,0.1,0.1282,0.8462,0.0769,0.2564,0.0,0.0,0.9,0.0,0.0,0.0,1.0397,0.0,completed,,0.98,10.291468
677,2.2784,1.1114,0,3.0,0.5,26,12480,70,150.0,0.7742,150.7742,1.0,1.3462,0.1154,1,0,1,0.0385,0.0,0.0385,0,0.8077,0.1923,0.8846,21,23,26,0.2581,0.2581,1.2001,0.1154,0.3333,0.6667,0.0,0.6667,0,0,0.6667,6,4,0.5652,0.1,0.0769,0.8077,0.0769,0.2308,0.0,0.0,0.6667,0.0,0.0,0.0,0.6365,0.0,return_outer,obstacle,0.98,10.316263
678,54.7585,26.7115,1,6.0,1.0,45,21600,45,139.2857,3.1254,142.4111,0.6429,1.5556,0.1333,0,0,0,0.0000,0.0,0.0000,0,0.7556,0.2444,0.8222,34,37,45,0.6251,0.6251,4.8443,0.1778,0.5,0.25,0.25,0.5,0,0,0.5714,14,8,0.5722,0.1,0.1556,0.8667,0.0667,0.3111,0.0,0.0,0.5714,0.0,0.0,0.0,1.0397,0.0,completed,,0.98,9.507877
679,0.4053,0.1977,0,2.0,0.3333,18,8640,70,150.0,0.0,150.0,1.0,1.2963,0.1111,1,0,1,0.0556,0.0,0.0556,0,0.8333,0.1667,0.8889,15,16,18,0.0,0.0,0.0,0.1111,0.0,0.5,0.5,1.0,0,0,0.6667,6,4,0.5531,0.1,0.1667,0.6111,0.0,0.3333,0.0,0.0,0.6667,0.0,0.0,0.0,0.6931,0.0,inner_patrol,obstacle,0.98,9.582153
680,65.8415,32.1178,1,6.0,1.0,39,18720,39,136.7143,2.0172,138.7315,0.5571,1.7949,0.1538,1,0,1,0.0256,0.0,0.0256,0,0.7436,0.2564,0.7949,29,31,39,0.4034,0.4034,3.1267,0.2051,0.375,0.5,0.125,0.625,0,0,1.0,8,8,0.5515,0.1,0.1538,0.7179,0.0256,0.2051,0.0,0.0,1.0,0.0,0.0,0.0,0.9743,0.0,completed,,0.98,9.072071
681,19.5604,9.5416,0,4.0,0.6667,24,11520,70,150.0,0.0,150.0,1.0,1.9444,0.1667,1,0,1,0.0417,0.0,0.0417,0,0.75,0.25,0.7917,18,19,24,0.0,0.0,0.0,0.2083,0.0,0.2,0.8,1.0,0,0,0.8333,6,5,0.5535,0.1,0.125,0.9167,0.0417,0.25,0.0,0.0,0.8333,0.0,0.0,0.0,0.5004,0.0,outer_patrol_b,road_edge,0.98,8.269948
682,12.8734,6.2797,0,4.0,0.6667,40,19200,70,150.0,2.8415,152.8415,1.0,1.1667,0.1,1,0,1,0.0250,0.0,0.0250,0,0.8,0.2,0.85,32,34,40,0.7104,0.7104,4.4043,0.15,0.6667,0.3333,0.0,0.3333,0,0,0.6364,11,7,0.5533,0.1,0.15,0.625,0.025,0.275,0.0,0.0,0.6364,0.0,0.0,0.0,0.6365,0.0,outer_patrol_b,road_edge,0.98,7.787137
683,6.8524,3.3426,0,5.0,0.8333,47,22560,70,150.0,4.0374,154.0374,1.0,1.2411,0.1064,1,0,1,0.0213,0.0,0.0213,0,0.7234,0.2766,0.8511,34,40,47,0.8075,0.8075,6.258,0.1489,0.7143,0.1429,0.1429,0.2857,0,0,0.7,10,7,0.5511,0.1,0.0638,0.6809,0.0426,0.2128,0.0,0.0,0.7,0.0,0.0,0.0,0.7963,0.0,final_park,wall,0.98,7.444733
684,5.3661,2.6176,0,4.0,0.6667,30,14400,70,150.0,1.4758,151.4758,1.0,1.5556,0.1333,1,0,1,0.0333,0.0,0.0333,0,0.7,0.3,0.8,21,24,30,0.369,0.369,2.2875,0.2,0.3333,0.1667,0.5,0.6667,0,0,0.5556,9,5,0.5603,0.1,0.1333,0.8,0.0333,0.3,0.0,0.0,0.5556,0.0,0.0,0.0,1.0114,0.0,outer_patrol_b,road_edge,0.98,8.513313
685,-10.0,-7.0677,0,1.0,0.1667,18,8640,70,150.0,0.0,150.0,1.0,0.6481,0.0556,0,0,0,0.0000,0.0,0.0000,0,0.6667,0.3333,0.9444,12,17,18,0.0,0.0,0.0,0.0556,0.0,1.0,0.0,1.0,0,0,0.5,4,2,0.5502,0.1,0.0556,0.6111,0.0556,0.2222,0.0,0.0,0.5,0.0,0.0,0.0,-0.0,0.0,enter_inner,obstacle,0.98,8.420358
686,60.386,29.4566,1,6.0,1.0,42,20160,42,138.0,2.2173,140.2173,0.6,1.6667,0.1429,1,0,1,0.0238,0.0,0.0238,0,0.7619,0.2381,0.8095,32,34,42,0.4435,0.4435,3.4369,0.1905,0.375,0.375,0.25,0.625,0,0,0.8182,11,9,0.5537,0.1,0.119,0.7857,0.0,0.2619,0.0,0.0,0.8182,0.0,0.0,0.0,1.0822,0.0,completed,,0.98,7.563106
687,11.4306,5.5759,0,4.0,0.6667,25,12000,70,150.0,2.3936,152.3936,1.0,1.8667,0.16,1,0,1,0.0400,0.0,0.0400,0,0.76,0.24,0.76,19,19,25,0.5984,0.5984,3.7101,0.24,0.5,0.5,0.0,0.5,0,0,1.0,9,9,0.5877,0.1,0.16,0.8,0.08,0.36,0.0,0.0,1.0,0.0,0.0,0.0,0.6931,0.0,outer_patrol_b,road_edge,0.98,8.036035
688,63.524,30.9873,1,6.0,1.0,42,20160,42,138.0,0.816,138.816,0.6,1.6667,0.1429,1,0,1,0.0238,0.0,0.0238,0,0.7381,0.2619,0.881,31,37,42,0.1632,0.1632,1.2648,0.119,0.2,0.4,0.4,0.8,0,0,0.7333,15,11,0.5599,0.1,0.119,0.8333,0.0476,0.3571,0.0,0.0,0.7333,0.0,0.0,0.0,1.0549,0.0,completed,,0.98,10.282463
689,2.2798,1.1121,0,3.0,0.5,26,12480,70,150.0,0.715,150.715,1.0,1.3462,0.1154,0,0,0,0.0000,0.0,0.0000,0,0.6923,0.3077,0.8462,18,22,26,0.2383,0.2383,1.1083,0.1538,0.25,0.5,0.25,0.75,0,0,0.5714,7,4,0.57,0.1,0.1154,0.8462,0.0769,0.2692,0.0,0.0,0.5714,0.0,0.0,0.0,1.0397,0.0,return_outer,obstacle,0.98,11.210922
690,29.0594,14.1753,0,5.0,0.8333,39,18720,70,150.0,0.0,150.0,1.0,1.4957,0.1282,1,0,1,0.0256,0.0,0.0256,0,0.7692,0.2308,0.8718,30,34,39,0.0,0.0,0.0,0.1282,0.0,0.4,0.6,1.0,0,0,0.6667,9,6,0.5431,0.1,0.0513,0.7179,0.0,0.2308,0.0,0.0,0.6667,0.0,0.0,0.0,0.673,0.0,final_park,wall,0.98,10.31096
691,51.0203,24.888,1,6.0,1.0,45,21600,45,139.2857,4.3306,143.6163,0.6429,1.5556,0.1333,0,0,0,0.0000,0.0,0.0000,0,0.7333,0.2667,0.8222,33,37,45,0.8661,0.8661,6.7124,0.1778,0.75,0.0,0.25,0.25,0,0,0.8667,15,13,0.5618,0.1,0.1111,0.8667,0.0222,0.3333,0.0,0.0,0.8667,0.0,0.0,0.0,0.5623,0.0,completed,,0.98,9.262908
692,60.3151,29.422,1,6.0,1.0,43,20640,43,138.4286,1.6135,140.0421,0.6143,1.6279,0.1395,1,0,1,0.0233,0.0,0.0233,0,0.7674,0.2326,0.8605,33,37,43,0.3227,0.3227,2.5009,0.1395,0.3333,0.0,0.6667,0.6667,0,0,0.8333,12,10,0.5509,0.1,0.0698,0.8372,0.0233,0.2791,0.0,0.0,0.8333,0.0,0.0,0.0,0.6365,0.0,completed,,0.98,9.987272
693,27.3114,13.3226,0,5.0,0.8333,40,19200,70,150.0,0.847,150.847,1.0,1.4583,0.125,0,0,0,0.0000,0.0,0.0000,0,0.75,0.25,0.85,30,34,40,0.1694,0.1694,1.3129,0.15,0.1667,0.1667,0.6667,0.8333,0,0,0.8,10,8,0.5437,0.1,0.05,0.8,0.025,0.25,0.0,0.0,0.8,0.0,0.0,0.0,0.8676,0.0,final_park,wall,0.98,8.802709
694,65.7661,32.081,1,6.0,1.0,41,19680,41,137.5714,0.7264,138.2978,0.5857,1.7073,0.1463,1,0,1,0.0244,0.0,0.0244,0,0.8049,0.1951,0.878,33,36,41,0.1453,0.1453,1.1259,0.1463,0.1667,0.5,0.3333,0.8333,0,0,0.8824,17,15,0.5592,0.1,0.0976,0.7561,0.0,0.4146,0.0,0.0,0.8824,0.0,0.0,0.0,1.0114,0.0,completed,,0.98,8.757423
695,-10.0,-6.8008,0,1.0,0.1667,17,8160,70,150.0,0.668,150.668,1.0,0.6863,0.0588,1,0,1,0.0588,0.0,0.0588,0,0.7059,0.2941,0.8824,12,15,17,0.668,0.668,1.0355,0.1176,0.5,0.5,0.0,0.5,0,0,0.6667,3,2,0.5125,0.1,0.0588,0.8235,0.0,0.1765,0.0,0.0,0.6667,0.0,0.0,0.0,0.6931,0.0,enter_inner,obstacle,0.98,9.066938
696,-10.0,-5.3318,0,1.0,0.1667,16,7680,70,150.0,0.0,150.0,1.0,0.7292,0.0625,1,0,1,0.0625,0.0,0.0625,0,0.75,0.25,0.9375,12,15,16,0.0,0.0,0.0,0.0625,0.0,1.0,0.0,1.0,0,0,0.5,4,2,0.5307,0.1,0.0625,0.625,0.0625,0.25,0.0,0.0,0.5,0.0,0.0,0.0,-0.0,0.0,enter_inner,obstacle,0.98,10.211692
697,20.3543,9.9289,0,4.0,0.6667,26,12480,70,150.0,0.7697,150.7697,1.0,1.7949,0.1538,1,0,1,0.0385,0.0,0.0385,0,0.8462,0.1538,0.8462,22,22,26,0.1924,0.1924,1.193,0.1538,0.25,0.5,0.25,0.75,0,0,0.75,4,3,0.5515,0.1,0.0385,0.7308,0.0,0.1538,0.0,0.0,0.75,0.0,0.0,0.0,1.0397,0.0,outer_patrol_b,road_edge,0.98,8.977977
698,-5.6353,-2.7489,0,1.0,0.1667,13,6240,70,150.0,0.0,150.0,1.0,0.8974,0.0769,1,0,1,0.0769,0.0,0.0769,0,0.9231,0.0769,0.9231,12,12,13,0.0,0.0,0.0,0.0769,0.0,0.0,1.0,1.0,0,0,0.5,2,1,0.5425,0.1,0.0769,0.7692,0.0769,0.1538,0.0,0.0,0.5,0.0,0.0,0.0,-0.0,0.0,enter_inner,obstacle,0.98,8.806339
699,58.3571,28.4669,1,6.0,1.0,42,20160,42,138.0,3.6095,141.6095,0.6,1.6667,0.1429,1,0,1,0.0238,0.0,0.0238,0,0.7381,0.2619,0.7857,31,33,42,0.7219,0.7219,5.5947,0.2143,0.5556,0.3333,0.1111,0.4444,0,0,0.9,10,9,0.5644,0.1,0.119,0.7381,0.0476,0.2381,0.0,0.0,0.9,0.0,0.0,0.0,0.9369,0.0,completed,,0.98,9.344571
700,61.5245,30.0119,1,6.0,1.0,42,20160,42,138.0,1.8807,139.8807,0.6,1.6667,0.1429,1,0,1,0.0238,0.0,0.0238,0,0.7381,0.2619,0.8333,31,35,42,0.3761,0.3761,2.9151,0.1667,0.4286,0.5714,0.0,0.5714,0,0,0.75,12,9,0.5685,0.1,0.119,0.619,0.0476,0.2857,0.0,0.0,0.75,0.0,0.0,0.0,0.6829,0.0,completed,,0.98,9.746289
701,60.1758,29.354,1,6.0,1.0,41,19680,41,137.5714,3.0988,140.6702,0.5857,1.7073,0.1463,0,0,0,0.0000,0.0,0.0000,0,0.7561,0.2439,0.8293,31,34,41,0.6198,0.6198,4.8031,0.1707,0.5714,0.2857,0.1429,0.4286,0,0,0.9,10,9,0.5494,0.1,0.0976,0.8049,0.0,0.2439,0.0,0.0,0.9,0.0,0.0,0.0,0.9557,0.0,completed,,0.98,10.999187
702,-2.8907,-1.4101,0,2.0,0.3333,19,9120,70,150.0,0.8824,150.8824,1.0,1.2281,0.1053,1,0,1,0.0526,0.0,0.0526,0,0.7368,0.2632,0.7895,14,15,19,0.4412,0.4412,1.3678,0.2105,0.25,0.25,0.5,0.75,0,0,0.7143,7,5,0.5891,0.1,0.2105,0.7895,0.1579,0.3684,0.0,0.0,0.7143,0.0,0.0,0.0,1.0397,0.0,inner_patrol,obstacle,0.98,10.693215
703,10.963,5.3478,0,3.0,0.5,22,10560,70,150.0,0.0,150.0,1.0,1.5909,0.1364,1,0,1,0.0455,0.0,0.0455,0,0.8636,0.1364,0.8636,19,19,22,0.0,0.0,0.0,0.1364,0.0,0.6667,0.3333,1.0,0,0,0.6,5,3,0.5462,0.1,0.0909,0.7727,0.0,0.2273,0.0,0.0,0.6,0.0,0.0,0.0,0.6365,0.0,return_outer,obstacle,0.98,10.856778
704,0.8129,0.3965,0,3.0,0.5,28,13440,70,150.0,0.7409,150.7409,1.0,1.25,0.1071,1,0,1,0.0357,0.0,0.0357,0,0.7143,0.2857,0.8571,20,24,28,0.247,0.247,1.1483,0.1429,0.25,0.0,0.75,0.75,0,0,0.7143,7,5,0.5416,0.1,0.0714,0.8571,0.0,0.25,0.0,0.0,0.7143,0.0,0.0,0.0,0.5623,0.0,return_outer,obstacle,0.98,10.874165
705,61.6121,30.0547,1,6.0,1.0,43,20640,43,138.4286,1.3645,139.7931,0.6143,1.6279,0.1395,0,0,0,0.0000,0.0,0.0000,0,0.7907,0.2093,0.8605,34,37,43,0.2729,0.2729,2.115,0.1395,0.3333,0.3333,0.3333,0.6667,0,0,1.0,7,7,0.5456,0.1,0.093,0.6977,0.0233,0.1628,0.0,0.0,1.0,0.0,0.0,0.0,1.0986,0.0,completed,,0.98,9.571599
706,-10.0,-5.7418,0,1.0,0.1667,16,7680,70,150.0,0.6525,150.6525,1.0,0.7292,0.0625,1,0,1,0.0625,0.0,0.0625,0,0.8125,0.1875,0.875,13,14,16,0.6525,0.6525,1.0113,0.125,0.5,0.0,0.5,0.5,0,0,0.5714,7,4,0.5522,0.1,0.125,0.6875,0.0625,0.4375,0.0,0.0,0.5714,0.0,0.0,0.0,0.6931,0.0,enter_inner,obstacle,0.98,10.902398
707,69.1902,33.7513,1,6.0,1.0,38,18240,38,136.2857,0.8647,137.1504,0.5429,1.8421,0.1579,0,0,0,0.0000,0.0,0.0000,0,0.7368,0.2632,0.8421,28,32,38,0.1729,0.1729,1.3403,0.1579,0.1667,0.5,0.3333,0.8333,0,0,1.0,8,8,0.5568,0.1,0.1053,0.8421,0.0526,0.2105,0.0,0.0,1.0,0.0,0.0,0.0,1.0114,0.0,completed,,0.98,10.202501
708,9.7287,4.7457,0,3.0,0.5,23,11040,70,150.0,0.0,150.0,1.0,1.5217,0.1304,0,0,0,0.0000,0.0,0.0000,0,0.8261,0.1739,0.8696,19,20,23,0.0,0.0,0.0,0.1304,0.0,0.6667,0.3333,1.0,0,0,0.5714,7,4,0.5719,0.1,0.0435,0.6957,0.0435,0.3043,0.0,0.0,0.5714,0.0,0.0,0.0,0.6365,0.0,return_outer,obstacle,0.98,10.284713
709,18.1661,8.8615,0,4.0,0.6667,41,19680,70,150.0,2.2797,152.2797,1.0,1.1382,0.0976,1,0,1,0.0244,0.0,0.0244,0,0.7561,0.2439,0.878,31,36,41,0.5699,0.5699,3.5335,0.122,0.6,0.4,0.0,0.4,0,0,1.0,10,10,0.5512,0.1,0.0732,0.8049,0.0244,0.2439,0.0,0.0,1.0,0.0,0.0,0.0,0.673,0.0,outer_patrol_b,road_edge,0.98,9.541549
710,-7.2398,-3.5316,0,1.0,0.1667,14,6720,70,150.0,0.0,150.0,1.0,0.8333,0.0714,0,0,0,0.0000,0.0,0.0000,0,0.8571,0.1429,0.9286,12,13,14,0.0,0.0,0.0,0.0714,0.0,0.0,1.0,1.0,0,0,0.6667,6,4,0.5404,0.1,0.0714,0.6429,0.0,0.4286,0.0,0.0,0.6667,0.0,0.0,0.0,-0.0,0.0,enter_inner,obstacle,0.98,8.880618
711,71.138,34.7015,1,6.0,1.0,37,17760,37,135.8571,1.6469,137.504,0.5286,1.8919,0.1622,1,0,1,0.0270,0.0,0.0270,0,0.7838,0.2162,0.8378,29,31,37,0.3294,0.3294,2.5527,0.1622,0.3333,0.3333,0.3333,0.6667,0,0,0.9167,12,11,0.5445,0.1,0.0811,0.9189,0.0,0.3243,0.0,0.0,0.9167,0.0,0.0,0.0,1.0986,0.0,completed,,0.98,9.782262
712,9.9444,4.8509,0,4.0,0.6667,30,14400,70,150.0,1.3141,151.3141,1.0,1.5556,0.1333,1,0,1,0.0333,0.0,0.0333,0,0.6667,0.3333,0.8,20,24,30,0.3285,0.3285,2.0369,0.2,0.3333,0.5,0.1667,0.6667,0,0,0.7778,9,7,0.5742,0.1,0.1,0.7333,0.0667,0.3,0.0,0.0,0.7778,0.0,0.0,0.0,1.0114,0.0,outer_patrol_b,road_edge,0.98,8.427123
713,12.5001,6.0976,0,4.0,0.6667,26,12480,70,150.0,1.3891,151.3891,1.0,1.7949,0.1538,1,0,1,0.0385,0.0,0.0385,0,0.7692,0.2308,0.8077,20,21,26,0.3473,0.3473,2.1531,0.1923,0.4,0.6,0.0,0.6,0,0,0.8,5,4,0.5582,0.1,0.1538,0.7692,0.0385,0.1923,0.0,0.0,0.8,0.0,0.0,0.0,0.673,0.0,outer_patrol_b,road_edge,0.98,9.168899
714,62.4836,30.4798,1,6.0,1.0,43,20640,43,138.4286,0.6507,139.0792,0.6143,1.6279,0.1395,1,0,1,0.0233,0.0,0.0233,0,0.6744,0.3256,0.8837,29,38,43,0.1301,0.1301,1.0085,0.1163,0.2,0.4,0.4,0.8,0,0,0.7,10,7,0.5404,0.1,0.0465,0.907,0.0233,0.2326,0.0,0.0,0.7,0.0,0.0,0.0,1.0549,0.0,completed,,0.98,8.144876
715,7.4056,3.6125,0,3.0,0.5,24,11520,70,150.0,0.7924,150.7924,1.0,1.4583,0.125,0,0,0,0.0000,0.0,0.0000,0,0.8333,0.1667,0.8333,20,20,24,0.2641,0.2641,1.2282,0.1667,0.25,0.25,0.5,0.75,0,0,0.75,8,6,0.5788,0.1,0.1667,0.8333,0.0833,0.3333,0.0,0.0,0.75,0.0,0.0,0.0,1.0397,0.0,return_outer,obstacle,0.98,9.240422
716,-10.0,-5.9776,0,1.0,0.1667,17,8160,70,150.0,0.0,150.0,1.0,0.6863,0.0588,1,0,1,0.0588,0.0,0.0588,0,0.7647,0.2353,0.9412,13,16,17,0.0,0.0,0.0,0.0588,0.0,1.0,0.0,1.0,0,0,0.6667,3,2,0.5102,0.1,0.0,0.5882,0.0,0.1765,0.0,0.0,0.6667,0.0,0.0,0.0,-0.0,0.0,enter_inner,obstacle,0.98,8.479874
717,-10.0,-5.8116,0,1.0,0.1667,17,8160,70,150.0,0.0,150.0,1.0,0.6863,0.0588,1,0,1,0.0588,0.0,0.0588,0,0.8824,0.1176,0.9412,15,16,17,0.0,0.0,0.0,0.0588,0.0,1.0,0.0,1.0,0,0,0.5714,7,4,0.5262,0.1,0.0588,0.7647,0.0,0.4118,0.0,0.0,0.5714,0.0,0.0,0.0,-0.0,0.0,enter_inner,obstacle,0.98,8.692005
718,68.43,33.3805,1,6.0,1.0,40,19200,40,137.1429,0.6908,137.8337,0.5714,1.75,0.15,1,0,1,0.0250,0.0,0.0250,0,0.825,0.175,0.875,33,35,40,0.1382,0.1382,1.0708,0.125,0.2,0.4,0.4,0.8,0,0,0.8182,11,9,0.5426,0.1,0.1,0.775,0.0,0.275,0.0,0.0,0.8182,0.0,0.0,0.0,1.0549,0.0,completed,,0.98,10.655102
719,-10.0,-5.129,0,1.0,0.1667,16,7680,70,150.0,0.0,150.0,1.0,0.7292,0.0625,1,0,1,0.0625,0.0,0.0625,0,0.8125,0.1875,0.9375,13,15,16,0.0,0.0,0.0,0.0625,0.0,1.0,0.0,1.0,0,0,1.0,2,2,0.5044,0.1,0.0,0.75,0.0,0.125,0.0,0.0,1.0,0.0,0.0,0.0,-0.0,0.0,enter_inner,obstacle,0.98,10.252843
720,3.7661,1.8371,0,2.0,0.3333,14,6720,70,150.0,0.0,150.0,1.0,1.6667,0.1429,1,0,1,0.0714,0.0,0.0714,0,0.8571,0.1429,0.8571,12,12,14,0.0,0.0,0.0,0.1429,0.0,0.5,0.5,1.0,0,0,0.5,2,1,0.5243,0.1,0.0714,0.7143,0.0714,0.1429,0.0,0.0,0.5,0.0,0.0,0.0,0.6931,0.0,inner_patrol,obstacle,0.98,9.440059
721,71.799,35.0239,1,6.0,1.0,39,18720,39,136.7143,0.0,136.7143,0.5571,1.7949,0.1538,0,0,0,0.0000,0.0,0.0000,0,0.7949,0.2051,0.8718,31,34,39,0.0,0.0,0.0,0.1282,0.0,0.2,0.8,1.0,0,0,0.7778,9,7,0.5415,0.1,0.0769,0.7436,0.0256,0.2308,0.0,0.0,0.7778,0.0,0.0,0.0,0.5004,0.0,completed,,0.98,7.473974
722,69.4389,33.8726,1,6.0,1.0,38,18240,38,136.2857,1.3915,137.6772,0.5429,1.8421,0.1579,0,0,0,0.0000,0.0,0.0000,0,0.7105,0.2895,0.8158,27,31,38,0.2783,0.2783,2.1568,0.1842,0.2857,0.5714,0.1429,0.7143,0,0,1.0,13,13,0.5609,0.1,0.0789,0.8684,0.0263,0.3421,0.0,0.0,1.0,0.0,0.0,0.0,0.9557,0.0,completed,,0.98,6.865231
723,34.6375,16.8963,0,5.0,0.8333,37,17760,70,150.0,0.0,150.0,1.0,1.5766,0.1351,1,0,1,0.0270,0.0,0.0270,0,0.8108,0.1892,0.8649,30,32,37,0.0,0.0,0.0,0.1351,0.0,0.4,0.6,1.0,0,0,0.9,10,9,0.5329,0.1,0.027,0.7297,0.0,0.2703,0.0,0.0,0.9,0.0,0.0,0.0,0.673,0.0,final_park,wall,0.98,9.172143
724,12.1284,5.9163,0,4.0,0.6667,27,12960,70,150.0,0.7594,150.7594,1.0,1.7284,0.1481,1,0,1,0.0370,0.0,0.0370,0,0.7037,0.2963,0.8148,19,22,27,0.1899,0.1899,1.1771,0.1852,0.2,0.6,0.2,0.8,0,0,0.8333,6,5,0.5444,0.1,0.1111,0.8519,0.0,0.2222,0.0,0.0,0.8333,0.0,0.0,0.0,0.9503,0.0,outer_patrol_b,road_edge,0.98,9.193356
725,31.5683,15.3992,0,5.0,0.8333,37,17760,70,150.0,0.6066,150.6066,1.0,1.5766,0.1351,1,0,1,0.0270,0.0,0.0270,0,0.8108,0.1892,0.8649,30,32,37,0.1213,0.1213,0.9402,0.1622,0.1667,0.6667,0.1667,0.8333,0,0,0.9091,11,10,0.5558,0.1,0.1081,0.7568,0.0541,0.2973,0.0,0.0,0.9091,0.0,0.0,0.0,0.8676,0.0,final_park,wall,0.98,7.698299
726,-10.0,-8.9511,0,1.0,0.1667,21,10080,70,150.0,0.7939,150.7939,1.0,0.5556,0.0476,0,0,0,0.0000,0.0,0.0000,0,0.6667,0.3333,0.8571,14,18,21,0.7939,0.7939,1.2305,0.0952,0.5,0.0,0.5,0.5,0,0,0.3333,9,3,0.6459,0.1,0.2857,0.7143,0.2857,0.4286,0.0,0.0,0.3333,0.0,0.0,0.0,0.6931,0.0,enter_inner,red_light,0.98,6.598042
727,60.68,29.6,1,6.0,1.0,44,21120,44,138.8571,2.2458,141.1029,0.6286,1.5909,0.1364,1,0,1,0.0227,0.0,0.0227,0,0.7955,0.2045,0.8182,35,36,44,0.4492,0.4492,3.4809,0.1818,0.375,0.375,0.25,0.625,0,0,0.6875,16,11,0.5887,0.1,0.1818,0.7955,0.0909,0.3636,0.0,0.0,0.6875,0.0,0.0,0.0,1.0822,0.0,completed,,0.98,8.252714
728,-1.5397,-0.7511,0,2.0,0.3333,21,10080,70,150.0,0.0,150.0,1.0,1.1111,0.0952,0,0,0,0.0000,0.0,0.0000,0,0.7619,0.2381,0.8095,16,17,21,0.0,0.0,0.0,0.1905,0.0,0.25,0.75,1.0,0,0,0.4286,7,3,0.5945,0.1,0.1429,0.619,0.1429,0.3333,0.0,0.0,0.4286,0.0,0.0,0.0,0.5623,0.0,inner_patrol,obstacle,0.98,8.343496
729,-10.0,-10.3469,0,0.0,0.0,1,480,70,150.0,0.0,150.0,1.0,0.0,0.0,1,0,1,1.0000,0.0,1.0000,0,1.0,0.0,1.0,1,1,1,0.0,0.0,0.0,0.0,0.0,0.0,0.0,0.0,0,0,0.0,0,0,0.5041,0.1,0.0,0.0,0.0,0.0,0.0,0.0,0.0,0.0,0.0,0.0,0.0,0.0,outer_patrol_a,road_edge,0.98,8.343496
730,65.3747,31.8901,1,6.0,1.0,41,19680,41,137.5714,1.2979,138.8693,0.5857,1.7073,0.1463,0,0,0,0.0000,0.0,0.0000,0,0.7561,0.2439,0.8293,31,34,41,0.2596,0.2596,2.0117,0.1707,0.2857,0.4286,0.2857,0.7143,0,0,0.7857,14,11,0.5556,0.1,0.0976,0.8293,0.0244,0.3415,0.0,0.0,0.7857,0.0,0.0,0.0,1.079,0.0,completed,,0.98,9.529719
731,71.765,35.0073,1,6.0,1.0,38,18240,38,136.2857,0.7087,136.9944,0.5429,1.8421,0.1579,1,0,1,0.0263,0.0,0.0263,0,0.8158,0.1842,0.8421,31,32,38,0.1417,0.1417,1.0984,0.1579,0.1667,0.3333,0.5,0.8333,0,0,0.8182,11,9,0.5598,0.1,0.1316,0.7632,0.0526,0.2895,0.0,0.0,0.8182,0.0,0.0,0.0,1.0114,0.0,completed,,0.98,7.577581
732,61.3535,29.9285,1,6.0,1.0,43,20640,43,138.4286,2.2327,140.6612,0.6143,1.6279,0.1395,1,0,1,0.0233,0.0,0.0233,0,0.7674,0.2326,0.8605,33,37,43,0.4465,0.4465,3.4606,0.1395,0.5,0.1667,0.3333,0.5,0,0,0.8182,11,9,0.5414,0.1,0.0698,0.7907,0.0,0.2558,0.0,0.0,0.8182,0.0,0.0,0.0,1.0114,0.0,completed,,0.98,6.959287
733,-2.8467,-1.3886,0,2.0,0.3333,19,9120,70,150.0,1.2141,151.2141,1.0,1.2281,0.1053,0,0,0,0.0000,0.0,0.0000,0,0.7368,0.2632,0.7895,14,15,19,0.6071,0.6071,1.8819,0.2105,0.5,0.0,0.5,0.5,0,0,0.8333,6,5,0.5348,0.1,0.1053,0.8947,0.0,0.3158,0.0,0.0,0.8333,0.0,0.0,0.0,0.6931,0.0,inner_patrol,obstacle,0.98,7.631796
734,-10.0,-6.4152,0,0.0,0.0,7,3360,70,150.0,0.0,150.0,1.0,0.0,0.0,1,0,1,0.1429,0.0,0.1429,0,1.0,0.0,1.0,7,7,7,0.0,0.0,0.0,0.0,0.0,0.0,0.0,0.0,0,0,1.0,2,2,0.4978,0.1,0.0,0.4286,0.0,0.2857,0.0,0.0,1.0,0.0,0.0,0.0,0.0,0.0,outer_patrol_a,road_edge,0.98,8.371449
735,35.1007,17.1223,0,5.0,0.8333,37,17760,70,150.0,0.0,150.0,1.0,1.5766,0.1351,1,0,1,0.0270,0.0,0.0270,0,0.8108,0.1892,0.8649,30,32,37,0.0,0.0,0.0,0.1351,0.0,0.2,0.8,1.0,0,0,0.8182,11,9,0.5415,0.1,0.0541,0.7297,0.0,0.2973,0.0,0.0,0.8182,0.0,0.0,0.0,0.5004,0.0,final_park,wall,0.98,9.078825
736,56.2111,27.4201,1,6.0,1.0,46,22080,46,139.7143,2.0788,141.7931,0.6571,1.5217,0.1304,0,0,0,0.0000,0.0,0.0000,0,0.7174,0.2826,0.8261,33,38,46,0.4158,0.4158,3.2222,0.1739,0.375,0.375,0.25,0.625,0,0,0.625,16,10,0.5506,0.1,0.087,0.8478,0.0217,0.3478,0.0,0.0,0.625,0.0,0.0,0.0,1.0822,0.0,completed,,0.98,9.774724
737,8.2167,4.0082,0,3.0,0.5,24,11520,70,150.0,0.6471,150.6471,1.0,1.4583,0.125,1,0,1,0.0417,0.0,0.0417,0,0.75,0.25,0.8333,18,20,24,0.2157,0.2157,1.003,0.1667,0.25,0.0,0.75,0.75,0,0,0.7143,7,5,0.542,0.1,0.125,0.9167,0.0,0.2917,0.0,0.0,0.7143,0.0,0.0,0.0,0.5623,0.0,return_outer,obstacle,0.98,9.030184
738,-10.0,-7.2278,0,0.0,0.0,8,3840,70,150.0,0.0,150.0,1.0,0.0,0.0,1,0,1,0.1250,0.0,0.1250,0,0.875,0.125,1.0,7,8,8,0.0,0.0,0.0,0.0,0.0,0.0,0.0,0.0,0,0,0.0,0,0,0.4796,0.1,0.0,0.75,0.0,0.0,0.0,0.0,0.0,0.0,0.0,0.0,0.0,0.0,outer_patrol_a,road_edge,0.98,8.569899
739,10.0868,4.9204,0,4.0,0.6667,30,14400,70,150.0,0.7567,150.7567,1.0,1.5556,0.1333,1,0,1,0.0333,0.0,0.0333,0,0.7,0.3,0.8,21,24,30,0.1892,0.1892,1.1729,0.2,0.1667,0.1667,0.6667,0.8333,0,0,0.6667,12,8,0.5851,0.1,0.2,0.8667,0.0667,0.4,0.0,0.0,0.6667,0.0,0.0,0.0,0.8676,0.0,outer_patrol_b,road_edge,0.98,8.312042
740,60.753,29.6356,1,6.0,1.0,44,21120,44,138.8571,2.5482,141.4054,0.6286,1.5909,0.1364,1,0,1,0.0227,0.0,0.0227,0,0.7727,0.2273,0.7955,34,35,44,0.5096,0.5096,3.9498,0.2045,0.3333,0.2222,0.4444,0.6667,0,0,0.6,15,9,0.59,0.1,0.1364,0.7727,0.0909,0.3409,0.0,0.0,0.6,0.0,0.0,0.0,1.0609,0.0,completed,,0.98,7.177509
741,-10.0,-8.0453,0,0.0,0.0,11,5280,70,150.0,0.0,150.0,1.0,0.0,0.0,0,0,0,0.0000,0.0,0.0000,0,0.9091,0.0909,1.0,10,11,11,0.0,0.0,0.0,0.0,0.0,0.0,0.0,0.0,0,0,0.0,2,0,0.5038,0.1,0.0,0.8182,0.0,0.1818,0.0,0.0,0.0,0.0,0.0,0.0,0.0,0.0,outer_patrol_a,road_edge,0.98,7.565983
742,70.9573,34.6133,1,6.0,1.0,39,18720,39,136.7143,0.6815,137.3958,0.5571,1.7949,0.1538,1,0,1,0.0256,0.0,0.0256,0,0.7949,0.2051,0.8718,31,34,39,0.1363,0.1363,1.0563,0.1282,0.2,0.4,0.4,0.8,0,0,0.7778,9,7,0.5368,0.1,0.0513,0.7949,0.0256,0.2308,0.0,0.0,0.7778,0.0,0.0,0.0,1.0549,0.0,completed,,0.98,9.229051
743,22.2491,10.8532,0,4.0,0.6667,31,14880,70,150.0,0.0,150.0,1.0,1.5054,0.129,1,0,1,0.0323,0.0,0.0323,0,0.8065,0.1935,0.871,25,27,31,0.0,0.0,0.0,0.129,0.0,1.0,0.0,1.0,0,0,0.625,8,5,0.5396,0.1,0.0645,0.7097,0.0,0.2581,0.0,0.0,0.625,0.0,0.0,0.0,-0.0,0.0,outer_patrol_b,road_edge,0.98,10.080764
744,13.9291,6.7947,0,3.0,0.5,21,10080,70,150.0,0.0,150.0,1.0,1.6667,0.1429,1,0,1,0.0476,0.0,0.0476,0,0.8571,0.1429,0.8571,18,18,21,0.0,0.0,0.0,0.1429,0.0,0.3333,0.6667,1.0,0,0,0.8,5,4,0.5561,0.1,0.0952,0.7619,0.0476,0.2381,0.0,0.0,0.8,0.0,0.0,0.0,0.6365,0.0,return_outer,obstacle,0.98,10.512736
745,66.0382,32.2138,1,6.0,1.0,41,19680,41,137.5714,1.3376,138.909,0.5857,1.7073,0.1463,1,0,1,0.0244,0.0,0.0244,0,0.7561,0.2439,0.8537,31,35,41,0.2675,0.2675,2.0732,0.1463,0.3333,0.0,0.6667,0.6667,0,0,0.7857,14,11,0.557,0.1,0.122,0.8537,0.0,0.3415,0.0,0.0,0.7857,0.0,0.0,0.0,0.6365,0.0,completed,,0.98,9.587278
746,-8.4964,-4.1446,0,1.0,0.1667,15,7200,70,150.0,0.0,150.0,1.0,0.7778,0.0667,1,0,1,0.0667,0.0,0.0667,0,0.8667,0.1333,0.9333,13,14,15,0.0,0.0,0.0,0.0667,0.0,1.0,0.0,1.0,0,0,0.5,4,2,0.5186,0.1,0.0667,0.8667,0.0,0.2667,0.0,0.0,0.5,0.0,0.0,0.0,-0.0,0.0,enter_inner,obstacle,0.98,9.661793
747,2.7376,1.3354,0,4.0,0.6667,37,17760,70,150.0,1.5731,151.5731,1.0,1.2613,0.1081,1,0,1,0.0270,0.0,0.0270,0,0.6757,0.3243,0.7838,25,29,37,0.3933,0.3933,2.4383,0.2162,0.25,0.125,0.625,0.75,0,0,0.3077,13,4,0.6205,0.1,0.2162,0.7297,0.1351,0.3514,0.0,0.0,0.3077,0.0,0.0,0.0,0.9003,0.0,outer_patrol_b,road_edge,0.98,7.885712
748,59.1899,28.8731,1,6.0,1.0,45,21600,45,139.2857,1.3133,140.599,0.6429,1.5556,0.1333,0,0,0,0.0000,0.0,0.0000,0,0.7111,0.2889,0.8222,32,37,45,0.2627,0.2627,2.0356,0.1556,0.2857,0.4286,0.2857,0.7143,0,0,0.8125,16,13,0.5711,0.1,0.1556,0.7778,0.0444,0.3556,0.0,0.0,0.8125,0.0,0.0,0.0,1.079,0.0,completed,,0.98,7.296087
749,-10.0,-5.3681,0,0.0,0.0,13,6240,70,150.0,0.0,150.0,1.0,0.0,0.0,0,0,0,0.0000,0.0,0.0000,0,0.8462,0.1538,1.0,11,13,13,0.0,0.0,0.0,0.0,0.0,0.0,0.0,0.0,0,0,1.0,1,1,0.4885,0.1,0.0,0.6923,0.0,0.0769,0.0,0.0,1.0,0.0,0.0,0.0,0.0,0.0,outer_patrol_a,road_edge,0.98,7.037354
750,-10.0,-5.7325,0,1.0,0.1667,17,8160,70,150.0,0.6729,150.6729,1.0,0.6863,0.0588,1,0,1,0.0588,0.0,0.0588,0,0.8235,0.1765,0.8824,14,15,17,0.6729,0.6729,1.043,0.1176,0.5,0.0,0.5,0.5,0,0,0.6,5,3,0.5328,0.1,0.1765,0.6471,0.0588,0.2941,0.0,0.0,0.6,0.0,0.0,0.0,0.6931,0.0,enter_inner,obstacle,0.98,7.093921
751,11.9347,5.8218,0,4.0,0.6667,28,13440,70,150.0,0.6947,150.6947,1.0,1.6667,0.1429,1,0,1,0.0357,0.0,0.0357,0,0.8214,0.1786,0.8571,23,24,28,0.1737,0.1737,1.0768,0.1429,0.25,0.75,0.0,0.75,0,0,0.5,6,3,0.5316,0.1,0.0357,0.8929,0.0,0.2143,0.0,0.0,0.5,0.0,0.0,0.0,0.5623,0.0,outer_patrol_b,road_edge,0.98,9.212369
752,28.7452,14.022,0,5.0,0.8333,41,19680,70,150.0,0.0,150.0,1.0,1.4228,0.122,1,0,1,0.0244,0.0,0.0244,0,0.7561,0.2439,0.878,31,36,41,0.0,0.0,0.0,0.122,0.0,0.2,0.8,1.0,0,0,0.8,10,8,0.5424,0.1,0.0488,0.7561,0.0244,0.2439,0.0,0.0,0.8,0.0,0.0,0.0,0.5004,0.0,final_park,wall,0.98,8.005079
753,63.658,31.0527,1,6.0,1.0,43,20640,43,138.4286,0.6048,139.0334,0.6143,1.6279,0.1395,0,0,0,0.0000,0.0,0.0000,0,0.7442,0.2558,0.8837,32,38,43,0.121,0.121,0.9375,0.1163,0.2,0.6,0.2,0.8,0,0,0.75,16,12,0.5555,0.1,0.0465,0.814,0.0233,0.3721,0.0,0.0,0.75,0.0,0.0,0.0,0.9503,0.0,completed,,0.98,8.096455
754,-1.4357,-0.7003,0,2.0,0.3333,17,8160,70,150.0,0.8638,150.8638,1.0,1.3725,0.1176,0,0,0,0.0000,0.0,0.0000,0,0.7647,0.2353,0.8235,13,14,17,0.4319,0.4319,1.339,0.1765,0.3333,0.0,0.6667,0.6667,0,0,0.8,5,4,0.5555,0.1,0.1765,0.8235,0.0588,0.2941,0.0,0.0,0.8,0.0,0.0,0.0,0.6365,0.0,inner_patrol,obstacle,0.98,7.299072
755,-1.5986,-0.7798,0,2.0,0.3333,19,9120,70,150.0,0.7305,150.7305,1.0,1.2281,0.1053,0,0,0,0.0000,0.0,0.0000,0,0.7368,0.2632,0.7895,14,15,19,0.3653,0.3653,1.1323,0.2105,0.25,0.5,0.25,0.75,0,0,0.25,4,1,0.5593,0.1,0.0526,0.6842,0.0526,0.2105,0.0,0.0,0.25,0.0,0.0,0.0,1.0397,0.0,inner_patrol,obstacle,0.98,7.555567
756,-9.4934,-4.6309,0,1.0,0.1667,16,7680,70,150.0,0.0,150.0,1.0,0.7292,0.0625,0,0,0,0.0000,0.0,0.0000,0,0.75,0.25,0.875,12,14,16,0.0,0.0,0.0,0.125,0.0,0.5,0.5,1.0,0,0,0.25,4,1,0.5249,0.1,0.0625,0.75,0.0,0.25,0.0,0.0,0.25,0.0,0.0,0.0,0.6931,0.0,enter_inner,obstacle,0.98,7.757205
757,8.3675,4.0817,0,3.0,0.5,24,11520,70,150.0,0.0,150.0,1.0,1.4583,0.125,1,0,1,0.0417,0.0,0.0417,0,0.75,0.25,0.875,18,21,24,0.0,0.0,0.0,0.125,0.0,0.6667,0.3333,1.0,0,0,0.8571,7,6,0.5588,0.1,0.125,0.875,0.0417,0.2917,0.0,0.0,0.8571,0.0,0.0,0.0,0.6365,0.0,return_outer,obstacle,0.98,8.529434
758,17.4588,8.5165,0,4.0,0.6667,25,12000,70,150.0,0.0,150.0,1.0,1.8667,0.16,1,0,1,0.0400,0.0,0.0400,0,0.72,0.28,0.84,18,21,25,0.0,0.0,0.0,0.16,0.0,0.75,0.25,1.0,0,0,0.8571,7,6,0.5507,0.1,0.08,0.88,0.04,0.28,0.0,0.0,0.8571,0.0,0.0,0.0,0.5623,0.0,outer_patrol_b,road_edge,0.98,8.091368
759,-10.0,-9.4443,0,1.0,0.1667,21,10080,70,150.0,0.8768,150.8768,1.0,0.5556,0.0476,1,0,1,0.0476,0.0,0.0476,0,0.6667,0.3333,0.9048,14,19,21,0.8768,0.8768,1.359,0.0952,0.5,0.0,0.5,0.5,0,0,0.5556,9,5,0.5357,0.1,0.0476,0.8571,0.0476,0.4286,0.0,0.0,0.5556,0.0,0.0,0.0,0.6931,0.0,enter_inner,obstacle,0.98,8.276318
760,61.9911,30.2396,1,6.0,1.0,44,21120,44,138.8571,1.5038,140.361,0.6286,1.5909,0.1364,1,0,1,0.0227,0.0,0.0227,0,0.7727,0.2273,0.8864,34,39,44,0.3008,0.3008,2.3309,0.1136,0.4,0.2,0.4,0.6,0,0,0.7,10,7,0.5438,0.1,0.0909,0.7273,0.0227,0.2273,0.0,0.0,0.7,0.0,0.0,0.0,1.0549,0.0,completed,,0.98,7.953594
761,-2.9932,-1.4601,0,3.0,0.5,30,14400,70,150.0,1.5589,151.5589,1.0,1.1667,0.1,0,0,0,0.0000,0.0,0.0000,0,0.7333,0.2667,0.8,22,24,30,0.5196,0.5196,2.4163,0.2,0.3333,0.1667,0.5,0.6667,0,0,0.5385,13,7,0.5944,0.1,0.2667,0.8667,0.0667,0.4333,0.0,0.0,0.5385,0.0,0.0,0.0,1.0114,0.0,return_outer,obstacle,0.98,7.069444
762,68.7529,33.538,1,6.0,1.0,40,19200,40,137.1429,1.2353,138.3782,0.5714,1.75,0.15,1,0,1,0.0250,0.0,0.0250,0,0.775,0.225,0.8,31,32,40,0.2471,0.2471,1.9148,0.2,0.25,0.625,0.125,0.75,0,0,0.5714,7,4,0.5476,0.1,0.125,0.675,0.025,0.175,0.0,0.0,0.5714,0.0,0.0,0.0,0.9003,0.0,completed,,0.98,6.911178
763,8.8216,4.3032,0,3.0,0.5,24,11520,70,150.0,0.0,150.0,1.0,1.4583,0.125,1,0,1,0.0417,0.0,0.0417,0,0.8333,0.1667,0.875,20,21,24,0.0,0.0,0.0,0.125,0.0,0.6667,0.3333,1.0,0,0,0.7143,7,5,0.5386,0.1,0.0417,0.9167,0.0,0.2917,0.0,0.0,0.7143,0.0,0.0,0.0,0.6365,0.0,return_outer,obstacle,0.98,6.832628
764,-9.6438,-4.7043,0,1.0,0.1667,16,7680,70,150.0,0.0,150.0,1.0,0.7292,0.0625,0,0,0,0.0000,0.0,0.0000,0,0.875,0.125,0.9375,14,15,16,0.0,0.0,0.0,0.0625,0.0,0.0,1.0,1.0,0,0,0.6667,3,2,0.5185,0.1,0.0,0.9375,0.0,0.1875,0.0,0.0,0.6667,0.0,0.0,0.0,-0.0,0.0,enter_inner,obstacle,0.98,6.821382
765,-10.0,-7.2187,0,0.0,0.0,8,3840,70,150.0,0.0,150.0,1.0,0.0,0.0,0,0,0,0.0000,0.0,0.0000,0,0.75,0.25,1.0,6,8,8,0.0,0.0,0.0,0.0,0.0,0.0,0.0,0.0,0,0,1.0,1,1,0.4748,0.1,0.0,0.625,0.0,0.125,0.0,0.0,1.0,0.0,0.0,0.0,0.0,0.0,outer_patrol_a,road_edge,0.98,6.487533
766,63.4031,30.9283,1,6.0,1.0,42,20160,42,138.0,2.6903,140.6903,0.6,1.6667,0.1429,1,0,1,0.0238,0.0,0.0238,0,0.7857,0.2143,0.8095,33,34,42,0.5381,0.5381,4.17,0.1905,0.5,0.25,0.25,0.5,0,0,0.875,16,14,0.5781,0.1,0.119,0.8571,0.0714,0.381,0.0,0.0,0.875,0.0,0.0,0.0,1.0397,0.0,completed,,0.98,7.013633
767,61.7708,30.1321,1,6.0,1.0,45,21600,45,139.2857,1.4995,140.7852,0.6429,1.5556,0.1333,1,0,1,0.0222,0.0,0.0222,0,0.6667,0.3333,0.8222,30,37,45,0.2999,0.2999,2.3242,0.1778,0.25,0.25,0.5,0.75,0,0,0.7059,17,12,0.5942,0.1,0.1778,0.7778,0.0889,0.3778,0.0,0.0,0.7059,0.0,0.0,0.0,1.0397,0.0,completed,,0.98,7.930751
768,66.6136,32.4944,1,6.0,1.0,40,19200,40,137.1429,2.2147,139.3576,0.5714,1.75,0.15,1,0,1,0.0250,0.0,0.0250,0,0.8,0.2,0.85,32,34,40,0.4429,0.4429,3.4328,0.15,0.5,0.3333,0.1667,0.5,0,0,0.8889,9,8,0.5465,0.1,0.1,0.775,0.0,0.225,0.0,0.0,0.8889,0.0,0.0,0.0,1.0114,0.0,completed,,0.98,9.646247
769,-10.0,-6.3364,0,1.0,0.1667,18,8640,70,150.0,0.7897,150.7897,1.0,0.6481,0.0556,1,0,1,0.0556,0.0,0.0556,0,0.8333,0.1667,0.8333,15,15,18,0.7897,0.7897,1.224,0.1111,0.5,0.0,0.5,0.5,0,0,0.4286,7,3,0.6194,0.1,0.2778,0.7222,0.2222,0.3889,0.0,0.0,0.4286,0.0,0.0,0.0,0.6931,0.0,enter_inner,red_light,0.98,10.797039
770,8.7904,4.288,0,4.0,0.6667,29,13920,70,150.0,1.3536,151.3536,1.0,1.6092,0.1379,1,0,1,0.0345,0.0,0.0345,0,0.6552,0.3448,0.8276,19,24,29,0.3384,0.3384,2.0981,0.2069,0.3333,0.5,0.1667,0.6667,0,0,0.75,8,6,0.5619,0.1,0.069,0.8621,0.0345,0.2759,0.0,0.0,0.75,0.0,0.0,0.0,1.0114,0.0,outer_patrol_b,road_edge,0.98,10.781845
771,11.5019,5.6107,0,4.0,0.6667,30,14400,70,150.0,1.43,151.43,1.0,1.5556,0.1333,1,0,1,0.0333,0.0,0.0333,0,0.7667,0.2333,0.8,23,24,30,0.3575,0.3575,2.2165,0.2,0.3333,0.5,0.1667,0.6667,0,0,0.5,6,3,0.5661,0.1,0.1333,0.8,0.0667,0.2,0.0,0.0,0.5,0.0,0.0,0.0,1.0114,0.0,outer_patrol_b,road_edge,0.98,9.167106
772,70.2014,34.2446,1,6.0,1.0,39,18720,39,136.7143,0.7386,137.4529,0.5571,1.7949,0.1538,1,0,1,0.0256,0.0,0.0256,0,0.7436,0.2564,0.8462,29,33,39,0.1477,0.1477,1.1448,0.1538,0.1667,0.6667,0.1667,0.8333,0,0,0.9231,13,12,0.5427,0.1,0.1026,0.7179,0.0,0.3333,0.0,0.0,0.9231,0.0,0.0,0.0,0.8676,0.0,completed,,0.98,6.580352
773,-3.7868,-1.8472,0,2.0,0.3333,19,9120,70,150.0,0.0,150.0,1.0,1.2281,0.1053,1,0,1,0.0526,0.0,0.0526,0,0.6316,0.3684,0.8947,12,17,19,0.0,0.0,0.0,0.1053,0.0,0.0,1.0,1.0,0,0,0.75,4,3,0.5146,0.1,0.0526,0.7368,0.0,0.2105,0.0,0.0,0.75,0.0,0.0,0.0,-0.0,0.0,inner_patrol,obstacle,0.98,5.571587
774,-10.0,-6.2331,0,1.0,0.1667,17,8160,70,150.0,0.7362,150.7362,1.0,0.6863,0.0588,0,0,0,0.0000,0.0,0.0000,0,0.8235,0.1765,0.8824,14,15,17,0.7362,0.7362,1.1411,0.1176,0.5,0.5,0.0,0.5,0,0,0.4,5,2,0.5453,0.1,0.1176,0.6471,0.1176,0.2941,0.0,0.0,0.4,0.0,0.0,0.0,0.6931,0.0,enter_inner,obstacle,0.98,6.204714
775,36.651,17.8785,0,5.0,0.8333,36,17280,70,150.0,0.6794,150.6794,1.0,1.6204,0.1389,1,0,1,0.0278,0.0,0.0278,0,0.8056,0.1944,0.8333,29,30,36,0.1359,0.1359,1.053,0.1667,0.1667,0.0,0.8333,0.8333,0,0,0.875,8,7,0.5512,0.1,0.1111,0.7222,0.0556,0.2222,0.0,0.0,0.875,0.0,0.0,0.0,0.4506,0.0,final_park,wall,0.98,7.616712
776,48.4534,23.6358,1,6.0,1.0,51,24480,51,141.8571,3.5718,145.4289,0.7286,1.3725,0.1176,0,0,0,0.0000,0.0,0.0000,0,0.7059,0.2941,0.8235,36,42,51,0.7144,0.7144,5.5363,0.1765,0.5556,0.1111,0.3333,0.4444,0,0,0.4737,19,9,0.5824,0.1,0.1569,0.8235,0.0392,0.3725,0.0,0.0,0.4737,0.0,0.0,0.0,0.9369,0.0,completed,,0.98,9.037675
777,-2.8497,-1.3901,0,2.0,0.3333,17,8160,70,150.0,1.3233,151.3233,1.0,1.3725,0.1176,0,0,0,0.0000,0.0,0.0000,0,0.7647,0.2353,0.8235,13,14,17,0.6617,0.6617,2.0512,0.1765,0.6667,0.3333,0.0,0.3333,0,0,1.0,5,5,0.5414,0.1,0.1765,0.7059,0.0588,0.2941,0.0,0.0,1.0,0.0,0.0,0.0,0.6365,0.0,inner_patrol,obstacle,0.98,9.477204
778,71.3406,34.8003,1,6.0,1.0,40,19200,40,137.1429,1.5226,138.6655,0.5714,1.75,0.15,1,0,1,0.0250,0.0,0.0250,0,0.775,0.225,0.825,31,33,40,0.3045,0.3045,2.3601,0.175,0.2857,0.0,0.7143,0.7143,0,0,0.8571,14,12,0.5703,0.1,0.125,0.775,0.075,0.35,0.0,0.0,0.8571,0.0,0.0,0.0,0.5983,0.0,completed,,0.98,9.750132
779,-10.0,-7.8948,0,0.0,0.0,9,4320,70,150.0,0.0,150.0,1.0,0.0,0.0,0,0,0,0.0000,0.0,0.0000,0,0.7778,0.2222,1.0,7,9,9,0.0,0.0,0.0,0.0,0.0,0.0,0.0,0.0,0,0,0.0,2,0,0.526,0.1,0.0,0.4444,0.0,0.2222,0.0,0.0,0.0,0.0,0.0,0.0,0.0,0.0,outer_patrol_a,road_edge,0.98,9.76968
780,73.7709,35.9858,1,6.0,1.0,38,18240,38,136.2857,0.7228,137.0086,0.5429,1.8421,0.1579,0,0,0,0.0000,0.0,0.0000,0,0.8421,0.1579,0.8684,32,33,38,0.1446,0.1446,1.1204,0.1316,0.2,0.0,0.8,0.8,0,0,0.8889,9,8,0.5467,0.1,0.1053,0.7895,0.0263,0.2368,0.0,0.0,0.8889,0.0,0.0,0.0,0.5004,0.0,completed,,0.98,10.481491
781,72.2365,35.2373,1,6.0,1.0,40,19200,40,137.1429,0.0,137.1429,0.5714,1.75,0.15,1,0,1,0.0250,0.0,0.0250,0,0.775,0.225,0.875,31,35,40,0.0,0.0,0.0,0.125,0.0,0.4,0.6,1.0,0,0,0.7778,9,7,0.5382,0.1,0.075,0.725,0.0,0.225,0.0,0.0,0.7778,0.0,0.0,0.0,0.673,0.0,completed,,0.98,10.191727
782,-10.0,-7.0302,0,1.0,0.1667,18,8640,70,150.0,0.7068,150.7068,1.0,0.6481,0.0556,1,0,1,0.0556,0.0,0.0556,0,0.6667,0.3333,0.8889,12,16,18,0.7068,0.7068,1.0955,0.1111,0.5,0.0,0.5,0.5,0,0,0.3333,3,1,0.5346,0.1,0.1111,0.5,0.0556,0.1667,0.0,0.0,0.3333,0.0,0.0,0.0,0.6931,0.0,enter_inner,obstacle,0.98,9.784863
783,-10.0,-8.4255,0,0.0,0.0,6,2880,70,150.0,0.0,150.0,1.0,0.0,0.0,1,0,1,0.1667,0.0,0.1667,0,0.8333,0.1667,1.0,5,6,6,0.0,0.0,0.0,0.0,0.0,0.0,0.0,0.0,0,0,0.0,1,0,0.4852,0.1,0.0,0.6667,0.0,0.1667,0.0,0.0,0.0,0.0,0.0,0.0,0.0,0.0,outer_patrol_a,road_edge,0.98,9.864238
784,5.7999,2.8292,0,5.0,0.8333,50,24000,70,150.0,4.3625,154.3625,1.0,1.1667,0.1,1,0,1,0.0200,0.0,0.0200,0,0.72,0.28,0.84,36,42,50,0.8725,0.8725,6.7618,0.16,0.75,0.25,0.0,0.25,0,0,0.5625,16,9,0.582,0.1,0.18,0.74,0.06,0.32,0.0,0.0,0.5625,0.0,0.0,0.0,0.5623,0.0,final_park,wall,0.98,7.519224
785,-2.9385,-1.4334,0,3.0,0.5,27,12960,70,150.0,3.7767,153.7767,1.0,1.2963,0.1111,1,0,1,0.0370,0.0,0.0370,0,0.7778,0.2222,0.7778,21,21,27,1.2589,1.2589,5.8539,0.2222,0.8333,0.0,0.1667,0.1667,0,0,0.75,8,6,0.5716,0.1,0.1852,0.8889,0.037,0.2963,0.0,0.0,0.75,0.0,0.0,0.0,0.4506,0.0,return_outer,obstacle,0.98,6.738057
786,34.6979,16.9258,0,5.0,0.8333,36,17280,70,150.0,1.3172,151.3172,1.0,1.6204,0.1389,1,0,1,0.0278,0.0,0.0278,0,0.8333,0.1667,0.8333,30,30,36,0.2634,0.2634,2.0417,0.1667,0.3333,0.5,0.1667,0.6667,0,0,1.0,5,5,0.5533,0.1,0.0556,0.7222,0.0278,0.1389,0.0,0.0,1.0,0.0,0.0,0.0,1.0114,0.0,final_park,wall,0.98,8.050468
787,-9.918,-4.838,0,1.0,0.1667,16,7680,70,150.0,0.0,150.0,1.0,0.7292,0.0625,0,0,0,0.0000,0.0,0.0000,0,0.6875,0.3125,0.9375,11,15,16,0.0,0.0,0.0,0.0625,0.0,1.0,0.0,1.0,0,0,0.8,5,4,0.5086,0.1,0.0625,0.8125,0.0,0.3125,0.0,0.0,0.8,0.0,0.0,0.0,-0.0,0.0,enter_inner,obstacle,0.98,8.466986
788,75.9802,37.0635,1,6.0,1.0,38,18240,38,136.2857,0.0,136.2857,0.5429,1.8421,0.1579,0,0,0,0.0000,0.0,0.0000,0,0.8158,0.1842,0.8421,31,32,38,0.0,0.0,0.0,0.1579,0.0,0.5,0.5,1.0,0,0,0.6667,6,4,0.551,0.1,0.0789,0.6842,0.0526,0.1579,0.0,0.0,0.6667,0.0,0.0,0.0,0.6931,0.0,completed,,0.98,9.967244
789,17.5919,8.5814,0,4.0,0.6667,32,15360,70,150.0,0.8662,150.8662,1.0,1.4583,0.125,0,0,0,0.0000,0.0,0.0000,0,0.7812,0.2188,0.875,25,28,32,0.2166,0.2166,1.3426,0.125,0.25,0.75,0.0,0.75,0,0,1.0,6,6,0.5472,0.1,0.0625,0.8438,0.0312,0.1875,0.0,0.0,1.0,0.0,0.0,0.0,0.5623,0.0,outer_patrol_b,road_edge,0.98,10.750445
790,-3.4747,-1.695,0,3.0,0.5,29,13920,70,150.0,2.4291,152.4291,1.0,1.2069,0.1034,1,0,1,0.0345,0.0,0.0345,0,0.6552,0.3448,0.7586,19,22,29,0.8097,0.8097,3.7651,0.2069,0.5,0.3333,0.1667,0.5,0,0,0.6154,13,8,0.6105,0.1,0.2759,0.931,0.1379,0.4483,0.0,0.0,0.6154,0.0,0.0,0.0,1.0114,0.0,return_outer,red_light,0.98,10.649159
791,-10.0,-6.4854,0,0.0,0.0,11,5280,70,150.0,0.0,150.0,1.0,0.0,0.0,0,0,0,0.0000,0.0,0.0000,0,0.8182,0.1818,1.0,9,11,11,0.0,0.0,0.0,0.0,0.0,0.0,0.0,0.0,0,0,1.0,1,1,0.4795,0.1,0.0,0.7273,0.0,0.0909,0.0,0.0,1.0,0.0,0.0,0.0,0.0,0.0,outer_patrol_a,road_edge,0.98,10.769037
792,69.2649,33.7877,1,6.0,1.0,40,19200,40,137.1429,1.574,138.7169,0.5714,1.75,0.15,1,0,1,0.0250,0.0,0.0250,0,0.775,0.225,0.875,31,35,40,0.3148,0.3148,2.4398,0.15,0.3333,0.1667,0.5,0.6667,0,0,0.8571,7,6,0.5417,0.1,0.025,0.75,0.025,0.175,0.0,0.0,0.8571,0.0,0.0,0.0,1.0114,0.0,completed,,0.98,9.08178
793,2.8843,1.407,0,2.0,0.3333,15,7200,70,150.0,0.0,150.0,1.0,1.5556,0.1333,0,0,0,0.0000,0.0,0.0000,0,0.8,0.2,0.8667,12,13,15,0.0,0.0,0.0,0.1333,0.0,1.0,0.0,1.0,0,0,0.6667,6,4,0.5215,0.1,0.0667,0.7333,0.0,0.4,0.0,0.0,0.6667,0.0,0.0,0.0,-0.0,0.0,inner_patrol,obstacle,0.98,9.649431
794,-6.2049,-3.0268,0,1.0,0.1667,14,6720,70,150.0,0.0,150.0,1.0,0.8333,0.0714,0,0,0,0.0000,0.0,0.0000,0,0.9286,0.0714,0.9286,13,13,14,0.0,0.0,0.0,0.0714,0.0,1.0,0.0,1.0,0,0,0.6667,6,4,0.5328,0.1,0.0714,0.7857,0.0,0.4286,0.0,0.0,0.6667,0.0,0.0,0.0,-0.0,0.0,enter_inner,obstacle,0.98,10.122968
795,55.966,27.3005,1,6.0,1.0,46,22080,46,139.7143,3.7374,143.4517,0.6571,1.5217,0.1304,0,0,0,0.0000,0.0,0.0000,0,0.7174,0.2826,0.7826,33,36,46,0.7475,0.7475,5.793,0.2174,0.5,0.3,0.2,0.5,0,0,0.8261,23,19,0.5899,0.1,0.1957,0.8478,0.0652,0.5,0.0,0.0,0.8261,0.0,0.0,0.0,1.0297,0.0,completed,,0.98,10.618511
796,-4.7052,-2.2952,0,1.0,0.1667,13,6240,70,150.0,0.0,150.0,1.0,0.8974,0.0769,0,0,0,0.0000,0.0,0.0000,0,0.9231,0.0769,0.9231,12,12,13,0.0,0.0,0.0,0.0769,0.0,1.0,0.0,1.0,0,0,0.6667,3,2,0.5199,0.1,0.0769,0.5385,0.0,0.2308,0.0,0.0,0.6667,0.0,0.0,0.0,-0.0,0.0,enter_inner,obstacle,0.98,10.890204
797,-1.022,-0.4986,0,2.0,0.3333,17,8160,70,150.0,0.8175,150.8175,1.0,1.3725,0.1176,1,0,1,0.0588,0.0,0.0588,0,0.7647,0.2353,0.8235,13,14,17,0.4088,0.4088,1.2672,0.1765,0.3333,0.0,0.6667,0.6667,0,0,1.0,2,2,0.5232,0.1,0.1176,0.8235,0.0588,0.1176,0.0,0.0,1.0,0.0,0.0,0.0,0.6365,0.0,inner_patrol,obstacle,0.98,10.579232
798,23.5136,11.4701,0,5.0,0.8333,43,20640,70,150.0,0.6861,150.6861,1.0,1.3566,0.1163,0,0,0,0.0000,0.0,0.0000,0,0.7209,0.2791,0.8837,31,38,43,0.1372,0.1372,1.0635,0.1163,0.2,0.4,0.4,0.8,0,0,0.9091,11,10,0.5539,0.1,0.0698,0.7442,0.0465,0.2558,0.0,0.0,0.9091,0.0,0.0,0.0,1.0549,0.0,final_park,wall,0.98,9.197722
799,12.1081,5.9064,0,4.0,0.6667,27,12960,70,150.0,2.1383,152.1383,1.0,1.7284,0.1481,1,0,1,0.0370,0.0,0.0370,0,0.7407,0.2593,0.8148,20,22,27,0.5346,0.5346,3.3143,0.1852,0.6,0.2,0.2,0.4,0,0,0.8333,6,5,0.5544,0.1,0.037,0.7407,0.0,0.2222,0.0,0.0,0.8333,0.0,0.0,0.0,0.9503,0.0,outer_patrol_b,road_edge,0.98,8.229806
800,35.2215,17.1812,0,5.0,0.8333,37,17760,70,150.0,0.7091,150.7091,1.0,1.5766,0.1351,1,0,1,0.0270,0.0,0.0270,0,0.7838,0.2162,0.8378,29,31,37,0.1418,0.1418,1.0991,0.1622,0.1667,0.3333,0.5,0.8333,0,0,1.0,6,6,0.54,0.1,0.027,0.5946,0.0,0.1622,0.0,0.0,1.0,0.0,0.0,0.0,1.0114,0.0,final_park,wall,0.98,7.458367
801,62.485,30.4805,1,6.0,1.0,43,20640,43,138.4286,2.6232,141.0518,0.6143,1.6279,0.1395,1,0,1,0.0233,0.0,0.0233,0,0.7907,0.2093,0.8372,34,36,43,0.5246,0.5246,4.066,0.1628,0.5714,0.1429,0.2857,0.4286,0,0,0.7333,15,11,0.5672,0.1,0.093,0.7907,0.0698,0.3488,0.0,0.0,0.7333,0.0,0.0,0.0,0.9557,0.0,completed,,0.98,8.629477
802,-8.2142,-4.0069,0,2.0,0.3333,23,11040,70,150.0,1.4761,151.4761,1.0,1.0145,0.087,1,0,1,0.0435,0.0,0.0435,0,0.6957,0.3043,0.8261,16,19,23,0.7381,0.7381,2.288,0.1739,0.5,0.25,0.25,0.5,0,0,0.5,10,5,0.609,0.1,0.3478,0.6957,0.1739,0.4348,0.0,0.0,0.5,0.0,0.0,0.0,1.0397,0.0,inner_patrol,obstacle,0.98,8.99555
803,-10.0,-7.0268,0,0.0,0.0,10,4800,70,150.0,0.0,150.0,1.0,0.0,0.0,0,0,0,0.0000,0.0,0.0000,0,0.9,0.1,1.0,9,10,10,0.0,0.0,0.0,0.0,0.0,0.0,0.0,0.0,0,0,0.0,2,0,0.52,0.1,0.0,0.4,0.0,0.2,0.0,0.0,0.0,0.0,0.0,0.0,0.0,0.0,outer_patrol_a,road_edge,0.98,8.736809
804,69.4469,33.8766,1,6.0,1.0,40,19200,40,137.1429,1.4799,138.6228,0.5714,1.75,0.15,1,0,1,0.0250,0.0,0.0250,0,0.8,0.2,0.85,32,34,40,0.296,0.296,2.2939,0.15,0.3333,0.3333,0.3333,0.6667,0,0,0.8333,12,10,0.5514,0.1,0.1,0.725,0.0,0.3,0.0,0.0,0.8333,0.0,0.0,0.0,1.0986,0.0,completed,,0.98,9.296308
805,61.4829,29.9916,1,6.0,1.0,44,21120,44,138.8571,2.036,140.8932,0.6286,1.5909,0.1364,1,0,1,0.0227,0.0,0.0227,0,0.7045,0.2955,0.8636,31,38,44,0.4072,0.4072,3.1558,0.1591,0.4286,0.2857,0.2857,0.5714,0,0,0.8333,18,15,0.5716,0.1,0.1591,0.8182,0.0227,0.4091,0.0,0.0,0.8333,0.0,0.0,0.0,1.079,0.0,completed,,0.98,10.573531
806,68.6867,33.5057,1,6.0,1.0,42,20160,42,138.0,0.0,138.0,0.6,1.6667,0.1429,1,0,1,0.0238,0.0,0.0238,0,0.7381,0.2619,0.881,31,37,42,0.0,0.0,0.0,0.119,0.0,0.4,0.6,1.0,0,0,0.6364,11,7,0.5398,0.1,0.0714,0.7381,0.0,0.2619,0.0,0.0,0.6364,0.0,0.0,0.0,0.673,0.0,completed,,0.98,11.363504
807,-7.0086,-3.4188,0,2.0,0.3333,23,11040,70,150.0,0.874,150.874,1.0,1.0145,0.087,1,0,1,0.0435,0.0,0.0435,0,0.6957,0.3043,0.8261,16,19,23,0.437,0.437,1.3547,0.1739,0.25,0.0,0.75,0.75,0,0,0.4444,9,4,0.5757,0.1,0.2174,0.8261,0.087,0.3913,0.0,0.0,0.4444,0.0,0.0,0.0,0.5623,0.0,inner_patrol,obstacle,0.98,9.826105
808,-9.5842,-4.6752,0,1.0,0.1667,16,7680,70,150.0,0.0,150.0,1.0,0.7292,0.0625,0,0,0,0.0000,0.0,0.0000,0,0.6875,0.3125,0.9375,11,15,16,0.0,0.0,0.0,0.0625,0.0,1.0,0.0,1.0,0,0,0.5,4,2,0.5509,0.1,0.0625,0.5,0.0625,0.25,0.0,0.0,0.5,0.0,0.0,0.0,-0.0,0.0,enter_inner,obstacle,0.98,8.284124
809,69.7121,34.0059,1,6.0,1.0,41,19680,41,137.5714,0.7318,138.3033,0.5857,1.7073,0.1463,1,0,1,0.0244,0.0,0.0244,0,0.8049,0.1951,0.878,33,36,41,0.1464,0.1464,1.1343,0.1463,0.1667,0.5,0.3333,0.8333,0,0,0.75,12,9,0.5562,0.1,0.0488,0.7561,0.0244,0.2927,0.0,0.0,0.75,0.0,0.0,0.0,1.0114,0.0,completed,,0.98,7.634229
810,1.0426,0.5086,0,3.0,0.5,27,12960,70,150.0,2.1865,152.1865,1.0,1.2963,0.1111,1,0,1,0.0370,0.0,0.0370,0,0.7778,0.2222,0.8148,21,22,27,0.7288,0.7288,3.389,0.1852,0.6,0.2,0.2,0.4,0,0,0.6667,9,6,0.5724,0.1,0.1481,0.8519,0.0741,0.3333,0.0,0.0,0.6667,0.0,0.0,0.0,0.9503,0.0,return_outer,obstacle,0.98,8.300489
811,-10.0,-5.6384,0,1.0,0.1667,16,7680,70,150.0,1.2175,151.2175,1.0,0.7292,0.0625,1,0,1,0.0625,0.0,0.0625,0,0.75,0.25,0.8125,12,13,16,1.2175,1.2175,1.8872,0.125,1.0,0.0,0.0,0.0,0,0,0.8,5,4,0.5524,0.1,0.1875,0.8125,0.0625,0.3125,0.0,0.0,0.8,0.0,0.0,0.0,-0.0,0.0,enter_inner,red_light,0.98,8.56065
812,13.298,6.4868,0,4.0,0.6667,27,12960,70,150.0,1.3084,151.3084,1.0,1.7284,0.1481,1,0,1,0.0370,0.0,0.0370,0,0.7037,0.2963,0.8148,19,22,27,0.3271,0.3271,2.028,0.1852,0.4,0.4,0.2,0.6,0,0,0.7143,7,5,0.5597,0.1,0.1852,0.8519,0.037,0.2593,0.0,0.0,0.7143,0.0,0.0,0.0,1.0549,0.0,outer_patrol_b,road_edge,0.98,8.267017
813,8.3185,4.0578,0,3.0,0.5,25,12000,70,150.0,0.0,150.0,1.0,1.4,0.12,1,0,1,0.0400,0.0,0.0400,0,0.76,0.24,0.88,19,22,25,0.0,0.0,0.0,0.12,0.0,0.3333,0.6667,1.0,0,0,0.75,8,6,0.5504,0.1,0.08,0.84,0.04,0.32,0.0,0.0,0.75,0.0,0.0,0.0,0.6365,0.0,return_outer,obstacle,0.98,8.097511
814,-7.2523,-3.5377,0,1.0,0.1667,15,7200,70,150.0,0.0,150.0,1.0,0.7778,0.0667,1,0,1,0.0667,0.0,0.0667,0,0.9333,0.0667,0.9333,14,14,15,0.0,0.0,0.0,0.0667,0.0,0.0,1.0,1.0,0,0,0.3333,3,1,0.5162,0.1,0.0,0.7333,0.0,0.2,0.0,0.0,0.3333,0.0,0.0,0.0,-0.0,0.0,enter_inner,obstacle,0.98,7.046921
815,29.1784,14.2334,0,5.0,0.8333,40,19200,70,150.0,0.8837,150.8837,1.0,1.4583,0.125,1,0,1,0.0250,0.0,0.0250,0,0.8,0.2,0.875,32,35,40,0.1767,0.1767,1.3697,0.125,0.2,0.6,0.2,0.8,0,0,0.75,8,6,0.5295,0.1,0.1,0.875,0.0,0.2,0.0,0.0,0.75,0.0,0.0,0.0,0.9503,0.0,final_park,wall,0.98,6.892969
816,-10.0,-5.2588,0,1.0,0.1667,17,8160,70,150.0,0.0,150.0,1.0,0.6863,0.0588,1,0,1,0.0588,0.0,0.0588,0,0.7059,0.2941,0.9412,12,16,17,0.0,0.0,0.0,0.0588,0.0,0.0,1.0,1.0,0,0,0.75,4,3,0.5078,0.1,0.0588,0.7059,0.0,0.2353,0.0,0.0,0.75,0.0,0.0,0.0,-0.0,0.0,enter_inner,obstacle,0.98,7.41863
817,53.7111,26.2005,1,6.0,1.0,49,23520,49,141.0,2.19,143.19,0.7,1.4286,0.1224,1,0,1,0.0204,0.0,0.0204,0,0.6122,0.3878,0.8571,30,42,49,0.438,0.438,3.3945,0.1429,0.4286,0.2857,0.2857,0.5714,0,0,0.8125,16,13,0.5648,0.1,0.1633,0.8163,0.0612,0.3265,0.0,0.0,0.8125,0.0,0.0,0.0,1.079,0.0,completed,,0.98,8.37476
818,68.696,33.5102,1,6.0,1.0,40,19200,40,137.1429,2.293,139.4359,0.5714,1.75,0.15,0,0,0,0.0000,0.0,0.0000,0,0.8,0.2,0.85,32,34,40,0.4586,0.4586,3.5542,0.15,0.5,0.1667,0.3333,0.5,0,0,1.0,13,13,0.5683,0.1,0.075,0.7,0.05,0.325,0.0,0.0,1.0,0.0,0.0,0.0,1.0114,0.0,completed,,0.98,7.75266
819,30.5743,14.9143,0,5.0,0.8333,41,19680,70,150.0,0.6387,150.6387,1.0,1.4228,0.122,0,0,0,0.0000,0.0,0.0000,0,0.7805,0.2195,0.8293,32,34,41,0.1277,0.1277,0.99,0.1707,0.1429,0.4286,0.4286,0.8571,0,0,0.7692,13,10,0.5537,0.1,0.0732,0.7561,0.0244,0.3171,0.0,0.0,0.7692,0.0,0.0,0.0,1.0042,0.0,final_park,wall,0.98,8.096452
820,-8.4709,-4.1322,0,3.0,0.5,32,15360,70,150.0,3.403,153.403,1.0,1.0938,0.0938,1,0,1,0.0312,0.0,0.0312,0,0.75,0.25,0.8125,24,26,32,1.1343,1.1343,5.2746,0.1875,0.6667,0.1667,0.1667,0.3333,0,0,0.5,10,5,0.5805,0.1,0.1562,0.875,0.0625,0.3125,0.0,0.0,0.5,0.0,0.0,0.0,0.8676,0.0,return_outer,obstacle,0.98,9.032817
821,-6.1466,-2.9983,0,1.0,0.1667,14,6720,70,150.0,0.0,150.0,1.0,0.8333,0.0714,1,0,1,0.0714,0.0,0.0714,0,0.7857,0.2143,0.9286,11,13,14,0.0,0.0,0.0,0.0714,0.0,1.0,0.0,1.0,0,0,0.6667,6,4,0.5338,0.1,0.0714,0.8571,0.0714,0.4286,0.0,0.0,0.6667,0.0,0.0,0.0,-0.0,0.0,enter_inner,obstacle,0.98,9.473372
822,8.8008,4.2931,0,3.0,0.5,25,12000,70,150.0,0.0,150.0,1.0,1.4,0.12,1,0,1,0.0400,0.0,0.0400,0,0.88,0.12,0.88,22,22,25,0.0,0.0,0.0,0.12,0.0,1.0,0.0,1.0,0,0,0.5,8,4,0.5596,0.1,0.16,0.8,0.0,0.32,0.0,0.0,0.5,0.0,0.0,0.0,-0.0,0.0,return_outer,obstacle,0.98,9.998294
823,-10.0,-7.6119,0,0.0,0.0,7,3360,70,150.0,0.0,150.0,1.0,0.0,0.0,0,0,0,0.0000,0.0,0.0000,0,0.8571,0.1429,1.0,6,7,7,0.0,0.0,0.0,0.0,0.0,0.0,0.0,0.0,0,0,0.0,0,0,0.495,0.1,0.0,0.0,0.0,0.0,0.0,0.0,0.0,0.0,0.0,0.0,0.0,0.0,outer_patrol_a,road_edge,0.98,9.993155
824,10.3793,5.0631,0,3.0,0.5,24,11520,70,150.0,0.0,150.0,1.0,1.4583,0.125,1,0,1,0.0417,0.0,0.0417,0,0.8333,0.1667,0.875,20,21,24,0.0,0.0,0.0,0.125,0.0,0.3333,0.6667,1.0,0,0,0.625,8,5,0.5538,0.1,0.125,0.75,0.0,0.3333,0.0,0.0,0.625,0.0,0.0,0.0,0.6365,0.0,return_outer,obstacle,0.98,9.842197
825,-10.0,-11.007,0,0.0,0.0,2,960,70,150.0,0.0,150.0,1.0,0.0,0.0,1,0,1,0.5000,0.0,0.5000,0,1.0,0.0,1.0,2,2,2,0.0,0.0,0.0,0.0,0.0,0.0,0.0,0.0,0,0,0.0,1,0,0.5508,0.1,0.0,0.5,0.0,0.5,0.0,0.0,0.0,0.0,0.0,0.0,0.0,0.0,outer_patrol_a,road_edge,0.98,10.083773
826,72.5057,35.3686,1,6.0,1.0,38,18240,38,136.2857,1.5597,137.8455,0.5429,1.8421,0.1579,1,0,1,0.0263,0.0,0.0263,0,0.7895,0.2105,0.8421,30,32,38,0.3119,0.3119,2.4176,0.1579,0.3333,0.3333,0.3333,0.6667,0,0,1.0,8,8,0.5481,0.1,0.1053,0.8158,0.0263,0.2105,0.0,0.0,1.0,0.0,0.0,0.0,1.0986,0.0,completed,,0.98,8.196122
827,2.636,1.2859,0,3.0,0.5,26,12480,70,150.0,1.7806,151.7806,1.0,1.3462,0.1154,0,0,0,0.0000,0.0,0.0000,0,0.7308,0.2692,0.8077,19,21,26,0.5935,0.5935,2.7599,0.1923,0.4,0.6,0.0,0.6,0,0,0.75,12,9,0.5732,0.1,0.2308,0.8462,0.0,0.4615,0.0,0.0,0.75,0.0,0.0,0.0,0.673,0.0,return_outer,obstacle,0.98,7.847683
828,70.402,34.3424,1,6.0,1.0,40,19200,40,137.1429,1.5082,138.6511,0.5714,1.75,0.15,0,0,0,0.0000,0.0,0.0000,0,0.8,0.2,0.85,32,34,40,0.3016,0.3016,2.3378,0.15,0.3333,0.5,0.1667,0.6667,0,0,1.0,11,11,0.5486,0.1,0.05,0.775,0.0,0.275,0.0,0.0,1.0,0.0,0.0,0.0,1.0114,0.0,completed,,0.98,9.313473
829,4.6822,2.284,0,3.0,0.5,27,12960,70,150.0,1.2966,151.2966,1.0,1.2963,0.1111,1,0,1,0.0370,0.0,0.0370,0,0.7778,0.2222,0.8148,21,22,27,0.4322,0.4322,2.0097,0.1852,0.4,0.0,0.6,0.6,0,0,0.5556,9,5,0.5601,0.1,0.1852,0.7778,0.037,0.3333,0.0,0.0,0.5556,0.0,0.0,0.0,0.673,0.0,return_outer,obstacle,0.98,9.94999
830,56.6079,27.6136,1,6.0,1.0,48,23040,48,140.5714,2.4075,142.9789,0.6857,1.4583,0.125,1,0,1,0.0208,0.0,0.0208,0,0.7292,0.2708,0.8542,35,41,48,0.4815,0.4815,3.7316,0.1458,0.4286,0.1429,0.4286,0.5714,0,0,0.5625,16,9,0.5822,0.1,0.1875,0.8542,0.0625,0.3333,0.0,0.0,0.5625,0.0,0.0,0.0,1.0042,0.0,completed,,0.98,9.163889
831,70.8253,34.5489,1,6.0,1.0,39,18720,39,136.7143,1.5181,138.2323,0.5571,1.7949,0.1538,1,0,1,0.0256,0.0,0.0256,0,0.7179,0.2821,0.8205,28,32,39,0.3036,0.3036,2.353,0.1795,0.2857,0.4286,0.2857,0.7143,0,0,0.9091,11,10,0.555,0.1,0.0769,0.8462,0.0256,0.2821,0.0,0.0,0.9091,0.0,0.0,0.0,1.079,0.0,completed,,0.98,7.423395
832,9.1003,4.4392,0,3.0,0.5,24,11520,70,150.0,0.7167,150.7167,1.0,1.4583,0.125,1,0,1,0.0417,0.0,0.0417,0,0.75,0.25,0.8333,18,20,24,0.2389,0.2389,1.1109,0.1667,0.25,0.5,0.25,0.75,0,0,1.0,5,5,0.5565,0.1,0.0833,0.8333,0.0417,0.2083,0.0,0.0,1.0,0.0,0.0,0.0,1.0397,0.0,return_outer,obstacle,0.98,8.401827
833,-7.2355,-3.5295,0,1.0,0.1667,15,7200,70,150.0,0.0,150.0,1.0,0.7778,0.0667,1,0,1,0.0667,0.0,0.0667,0,0.8667,0.1333,0.9333,13,14,15,0.0,0.0,0.0,0.0667,0.0,1.0,0.0,1.0,0,0,0.8,5,4,0.5258,0.1,0.0,0.8,0.0,0.3333,0.0,0.0,0.8,0.0,0.0,0.0,-0.0,0.0,enter_inner,obstacle,0.98,9.765356
834,-8.4876,-4.1403,0,1.0,0.1667,16,7680,70,150.0,0.0,150.0,1.0,0.7292,0.0625,1,0,1,0.0625,0.0,0.0625,0,0.9375,0.0625,0.9375,15,15,16,0.0,0.0,0.0,0.0625,0.0,1.0,0.0,1.0,0,0,0.5,6,3,0.5304,0.1,0.0625,0.8125,0.0,0.375,0.0,0.0,0.5,0.0,0.0,0.0,-0.0,0.0,enter_inner,obstacle,0.98,10.125234
835,70.4812,34.3811,1,6.0,1.0,42,20160,42,138.0,0.6395,138.6395,0.6,1.6667,0.1429,1,0,1,0.0238,0.0,0.0238,0,0.7857,0.2143,0.881,33,37,42,0.1279,0.1279,0.9912,0.119,0.2,0.2,0.6,0.8,0,0,0.7143,7,5,0.5401,0.1,0.0476,0.7143,0.0238,0.1667,0.0,0.0,0.7143,0.0,0.0,0.0,0.9503,0.0,completed,,0.98,9.851565
836,26.3304,12.8441,0,5.0,0.8333,42,20160,70,150.0,1.6469,151.6469,1.0,1.3889,0.119,0,0,0,0.0000,0.0,0.0000,0,0.7857,0.2143,0.8571,33,36,42,0.3294,0.3294,2.5526,0.1667,0.2857,0.4286,0.2857,0.7143,0,0,0.75,8,6,0.5393,0.1,0.0476,0.7857,0.0,0.1905,0.0,0.0,0.75,0.0,0.0,0.0,1.079,0.0,final_park,wall,0.98,8.641572
837,67.3432,32.8503,1,6.0,1.0,43,20640,43,138.4286,1.605,140.0336,0.6143,1.6279,0.1395,1,0,1,0.0233,0.0,0.0233,0,0.7907,0.2093,0.8605,34,37,43,0.321,0.321,2.4878,0.1395,0.3333,0.1667,0.5,0.6667,0,0,0.7273,11,8,0.5527,0.1,0.0698,0.7209,0.0233,0.2558,0.0,0.0,0.7273,0.0,0.0,0.0,1.0114,0.0,completed,,0.98,7.540606
838,63.1933,30.826,1,6.0,1.0,44,21120,44,138.8571,1.75,140.6072,0.6286,1.5909,0.1364,0,0,0,0.0000,0.0,0.0000,0,0.7273,0.2727,0.8864,32,39,44,0.35,0.35,2.7126,0.1364,0.3333,0.5,0.1667,0.6667,0,0,0.8462,13,11,0.5507,0.1,0.0682,0.7727,0.0,0.2955,0.0,0.0,0.8462,0.0,0.0,0.0,1.0114,0.0,completed,,0.98,7.4014
839,-5.8736,-2.8652,0,1.0,0.1667,14,6720,70,150.0,0.0,150.0,1.0,0.8333,0.0714,1,0,1,0.0714,0.0,0.0714,0,0.7857,0.2143,0.9286,11,13,14,0.0,0.0,0.0,0.0714,0.0,1.0,0.0,1.0,0,0,0.75,4,3,0.5131,0.1,0.0714,0.5,0.0,0.2857,0.0,0.0,0.75,0.0,0.0,0.0,-0.0,0.0,enter_inner,obstacle,0.98,8.615474
840,6.8385,3.3358,0,3.0,0.5,26,12480,70,150.0,0.0,150.0,1.0,1.3462,0.1154,0,0,0,0.0000,0.0,0.0000,0,0.7308,0.2692,0.8846,19,23,26,0.0,0.0,0.0,0.1154,0.0,0.6667,0.3333,1.0,0,0,0.4,5,2,0.5471,0.1,0.0769,0.8846,0.0,0.1923,0.0,0.0,0.4,0.0,0.0,0.0,0.6365,0.0,return_outer,obstacle,0.98,7.663875
841,65.0035,31.709,1,6.0,1.0,43,20640,43,138.4286,2.0928,140.5214,0.6143,1.6279,0.1395,1,0,1,0.0233,0.0,0.0233,0,0.7209,0.2791,0.814,31,35,43,0.4186,0.4186,3.2439,0.186,0.375,0.125,0.5,0.625,0,0,0.7,10,7,0.5605,0.1,0.1163,0.7674,0.0233,0.2326,0.0,0.0,0.7,0.0,0.0,0.0,0.9743,0.0,completed,,0.98,9.938064
842,12.5435,6.1188,0,4.0,0.6667,29,13920,70,150.0,1.3677,151.3677,1.0,1.6092,0.1379,1,0,1,0.0345,0.0,0.0345,0,0.7586,0.2414,0.7931,22,23,29,0.3419,0.3419,2.1199,0.2069,0.3333,0.3333,0.3333,0.6667,0,0,0.7,10,7,0.5655,0.1,0.1379,0.8276,0.069,0.3448,0.0,0.0,0.7,0.0,0.0,0.0,1.0986,0.0,outer_patrol_b,road_edge,0.98,10.1135
843,3.0699,1.4975,0,3.0,0.5,28,13440,70,150.0,0.7992,150.7992,1.0,1.25,0.1071,0,0,0,0.0000,0.0,0.0000,0,0.7143,0.2857,0.8571,20,24,28,0.2664,0.2664,1.2388,0.1429,0.25,0.25,0.5,0.75,0,0,0.625,8,5,0.5688,0.1,0.0714,0.8571,0.0714,0.2857,0.0,0.0,0.625,0.0,0.0,0.0,1.0397,0.0,return_outer,obstacle,0.98,11.038928
844,-10.0,-8.8801,0,0.0,0.0,3,1440,70,150.0,0.0,150.0,1.0,0.0,0.0,0,0,0,0.0000,0.0,0.0000,0,1.0,0.0,1.0,3,3,3,0.0,0.0,0.0,0.0,0.0,0.0,0.0,0.0,0,0,0.0,0,0,0.4676,0.1,0.0,0.6667,0.0,0.0,0.0,0.0,0.0,0.0,0.0,0.0,0.0,0.0,outer_patrol_a,road_edge,0.98,11.038928
845,66.3623,32.3718,1,6.0,1.0,43,20640,43,138.4286,1.403,139.8316,0.6143,1.6279,0.1395,1,0,1,0.0233,0.0,0.0233,0,0.7209,0.2791,0.8605,31,37,43,0.2806,0.2806,2.1746,0.1395,0.3333,0.3333,0.3333,0.6667,0,0,0.9,10,9,0.5521,0.1,0.0698,0.7674,0.0233,0.2326,0.0,0.0,0.9,0.0,0.0,0.0,1.0986,0.0,completed,,0.98,9.764555
846,-6.8966,-3.3642,0,1.0,0.1667,15,7200,70,150.0,0.0,150.0,1.0,0.7778,0.0667,1,0,1,0.0667,0.0,0.0667,0,0.8667,0.1333,0.9333,13,14,15,0.0,0.0,0.0,0.0667,0.0,0.0,1.0,1.0,0,0,0.6667,6,4,0.5364,0.1,0.0667,0.8,0.0667,0.4,0.0,0.0,0.6667,0.0,0.0,0.0,-0.0,0.0,enter_inner,obstacle,0.98,11.123689
847,26.5697,12.9608,0,5.0,0.8333,43,20640,70,150.0,0.7128,150.7128,1.0,1.3566,0.1163,1,0,1,0.0233,0.0,0.0233,0,0.7674,0.2326,0.8837,33,38,43,0.1426,0.1426,1.1048,0.1163,0.2,0.0,0.8,0.8,0,0,0.7,10,7,0.5446,0.1,0.0465,0.7674,0.0233,0.2326,0.0,0.0,0.7,0.0,0.0,0.0,0.5004,0.0,final_park,wall,0.98,9.724539
848,18.0111,8.7859,0,5.0,0.8333,47,22560,70,150.0,2.243,152.243,1.0,1.2411,0.1064,1,0,1,0.0213,0.0,0.0213,0,0.7021,0.2979,0.8511,33,40,47,0.4486,0.4486,3.4766,0.1489,0.4286,0.0,0.5714,0.5714,0,0,0.6667,15,10,0.5541,0.1,0.0851,0.766,0.0213,0.3191,0.0,0.0,0.6667,0.0,0.0,0.0,0.6829,0.0,final_park,wall,0.98,10.145788
849,10.752,5.2449,0,3.0,0.5,24,11520,70,150.0,0.0,150.0,1.0,1.4583,0.125,1,0,1,0.0417,0.0,0.0417,0,0.8333,0.1667,0.875,20,21,24,0.0,0.0,0.0,0.125,0.0,0.6667,0.3333,1.0,0,0,0.5556,9,5,0.5447,0.1,0.0833,0.9167,0.0,0.375,0.0,0.0,0.5556,0.0,0.0,0.0,0.6365,0.0,return_outer,obstacle,0.98,9.239028
850,-0.6589,-0.3214,0,2.0,0.3333,18,8640,70,150.0,0.0,150.0,1.0,1.2963,0.1111,1,0,1,0.0556,0.0,0.0556,0,0.7222,0.2778,0.8889,13,16,18,0.0,0.0,0.0,0.1111,0.0,0.5,0.5,1.0,0,0,0.6,5,3,0.513,0.1,0.0,0.7222,0.0,0.2778,0.0,0.0,0.6,0.0,0.0,0.0,0.6931,0.0,inner_patrol,obstacle,0.98,9.184677
851,73.2116,35.713,1,6.0,1.0,39,18720,39,136.7143,0.8939,137.6082,0.5571,1.7949,0.1538,0,0,0,0.0000,0.0,0.0000,0,0.7436,0.2564,0.8462,29,33,39,0.1788,0.1788,1.3856,0.1538,0.1667,0.6667,0.1667,0.8333,0,0,0.9231,13,12,0.551,0.1,0.1026,0.8718,0.0256,0.3333,0.0,0.0,0.9231,0.0,0.0,0.0,0.8676,0.0,completed,,0.98,8.921238
852,58.2606,28.4198,1,6.0,1.0,47,22560,47,140.1429,2.5217,142.6645,0.6714,1.4894,0.1277,1,0,1,0.0213,0.0,0.0213,0,0.7447,0.2553,0.8511,35,40,47,0.5043,0.5043,3.9086,0.1489,0.4286,0.2857,0.2857,0.5714,0,0,0.6471,17,11,0.5744,0.1,0.1277,0.7447,0.0851,0.3617,0.0,0.0,0.6471,0.0,0.0,0.0,1.079,0.0,completed,,0.98,9.288824
853,29.8066,14.5398,0,5.0,0.8333,42,20160,70,150.0,0.6482,150.6482,1.0,1.3889,0.119,1,0,1,0.0238,0.0,0.0238,0,0.7143,0.2857,0.8333,30,35,42,0.1296,0.1296,1.0047,0.1667,0.1429,0.1429,0.7143,0.8571,0,0,0.6923,13,9,0.569,0.1,0.1429,0.7619,0.0476,0.3095,0.0,0.0,0.6923,0.0,0.0,0.0,0.7963,0.0,final_park,wall,0.98,9.296365
854,1.3848,0.6755,0,3.0,0.5,28,13440,70,150.0,1.4997,151.4997,1.0,1.25,0.1071,1,0,1,0.0357,0.0,0.0357,0,0.7143,0.2857,0.8214,20,23,28,0.4999,0.4999,2.3245,0.1786,0.4,0.6,0.0,0.6,0,0,0.5,6,3,0.5642,0.1,0.0714,0.8571,0.0357,0.2143,0.0,0.0,0.5,0.0,0.0,0.0,0.673,0.0,return_outer,obstacle,0.98,8.821156
855,26.5872,12.9694,0,4.0,0.6667,32,15360,70,150.0,0.6355,150.6355,1.0,1.4583,0.125,1,0,1,0.0312,0.0,0.0312,0,0.7812,0.2188,0.8438,25,27,32,0.1589,0.1589,0.985,0.1562,0.2,0.6,0.2,0.8,0,0,0.8571,7,6,0.5603,0.1,0.0625,0.8438,0.0625,0.2188,0.0,0.0,0.8571,0.0,0.0,0.0,0.9503,0.0,outer_patrol_b,road_edge,0.98,8.500591
856,50.3847,24.5779,1,6.0,1.0,53,25440,53,142.7143,3.7502,146.4645,0.7571,1.3208,0.1132,0,0,0,0.0000,0.0,0.0000,0,0.7358,0.2642,0.8491,39,45,53,0.75,0.75,5.8128,0.1509,0.625,0.125,0.25,0.375,0,0,0.56,25,14,0.6111,0.1,0.2264,0.8868,0.1321,0.4717,0.0,0.0,0.56,0.0,0.0,0.0,0.9003,0.0,completed,,0.98,8.351652
857,83.0689,40.5214,1,6.0,1.0,36,17280,36,135.4286,0.0,135.4286,0.5143,1.9444,0.1667,1,0,1,0.0278,0.0,0.0278,0,0.8611,0.1389,0.8611,31,31,36,0.0,0.0,0.0,0.1389,0.0,0.2,0.8,1.0,0,0,0.8571,7,6,0.5392,0.1,0.0833,0.75,0.0,0.1944,0.0,0.0,0.8571,0.0,0.0,0.0,0.5004,0.0,completed,,0.98,8.066086
858,41.1058,20.0516,0,5.0,0.8333,36,17280,70,150.0,0.0,150.0,1.0,1.6204,0.1389,0,0,0,0.0000,0.0,0.0000,0,0.8333,0.1667,0.8333,30,30,36,0.0,0.0,0.0,0.1667,0.0,0.1667,0.8333,1.0,0,0,0.7,10,7,0.5543,0.1,0.1111,0.6667,0.0278,0.2778,0.0,0.0,0.7,0.0,0.0,0.0,0.4506,0.0,final_park,wall,0.98,8.002775
859,68.7796,33.551,1,6.0,1.0,41,19680,41,137.5714,1.6397,139.2111,0.5857,1.7073,0.1463,1,0,1,0.0244,0.0,0.0244,0,0.7561,0.2439,0.8293,31,34,41,0.3279,0.3279,2.5416,0.1707,0.2857,0.4286,0.2857,0.7143,0,0,0.8462,13,11,0.5535,0.1,0.122,0.6829,0.0244,0.3171,0.0,0.0,0.8462,0.0,0.0,0.0,1.079,0.0,completed,,0.98,8.246989
860,6.9645,3.3973,0,4.0,0.6667,31,14880,70,150.0,2.4137,152.4137,1.0,1.5054,0.129,1,0,1,0.0323,0.0,0.0323,0,0.7097,0.2903,0.7742,22,24,31,0.6034,0.6034,3.7413,0.2258,0.4286,0.4286,0.1429,0.5714,0,0,0.6,15,9,0.6055,0.1,0.2581,0.871,0.0645,0.4839,0.0,0.0,0.6,0.0,0.0,0.0,1.0042,0.0,outer_patrol_b,road_edge,0.98,9.401843
861,20.7085,10.1017,0,4.0,0.6667,25,12000,70,150.0,0.0,150.0,1.0,1.8667,0.16,0,0,0,0.0000,0.0,0.0000,0,0.8,0.2,0.84,20,21,25,0.0,0.0,0.0,0.16,0.0,0.5,0.5,1.0,0,0,0.7,10,7,0.5667,0.1,0.12,0.76,0.04,0.4,0.0,0.0,0.7,0.0,0.0,0.0,0.6931,0.0,outer_patrol_b,road_edge,0.98,8.402733
862,-3.7625,-1.8354,0,2.0,0.3333,23,11040,70,150.0,0.7716,150.7716,1.0,1.0145,0.087,1,0,1,0.0435,0.0,0.0435,0,0.8261,0.1739,0.8261,19,19,23,0.3858,0.3858,1.1959,0.1739,0.25,0.5,0.25,0.75,0,0,0.2222,9,2,0.6094,0.1,0.2609,0.8261,0.1739,0.3913,0.0,0.0,0.2222,0.0,0.0,0.0,1.0397,0.0,inner_patrol,obstacle,0.98,8.499053
863,5.6063,2.7348,0,3.0,0.5,27,12960,70,150.0,0.8888,150.8888,1.0,1.2963,0.1111,1,0,1,0.0370,0.0,0.0370,0,0.7778,0.2222,0.8889,21,24,27,0.2963,0.2963,1.3776,0.1111,0.3333,0.3333,0.3333,0.6667,0,0,0.5556,9,5,0.5578,0.1,0.1111,0.9259,0.0,0.3333,0.0,0.0,0.5556,0.0,0.0,0.0,1.0986,0.0,return_outer,obstacle,0.98,8.59498
864,61.5534,30.026,1,6.0,1.0,47,22560,47,140.1429,1.651,141.7939,0.6714,1.4894,0.1277,1,0,1,0.0213,0.0,0.0213,0,0.8085,0.1915,0.8936,38,42,47,0.3302,0.3302,2.559,0.1064,0.4,0.2,0.4,0.6,0,0,0.3846,13,5,0.5618,0.1,0.1277,0.8723,0.0213,0.2766,0.0,0.0,0.3846,0.0,0.0,0.0,1.0549,0.0,completed,,0.98,9.189438
865,-8.0906,-3.9466,0,1.0,0.1667,16,7680,70,150.0,0.0,150.0,1.0,0.7292,0.0625,1,0,1,0.0625,0.0,0.0625,0,0.875,0.125,0.9375,14,15,16,0.0,0.0,0.0,0.0625,0.0,1.0,0.0,1.0,0,0,0.3333,6,2,0.5558,0.1,0.0625,0.8125,0.0625,0.375,0.0,0.0,0.3333,0.0,0.0,0.0,-0.0,0.0,enter_inner,obstacle,0.98,9.675237
866,-5.3382,-2.604,0,2.0,0.3333,21,10080,70,150.0,1.549,151.549,1.0,1.1111,0.0952,1,0,1,0.0476,0.0,0.0476,0,0.6667,0.3333,0.8095,14,17,21,0.7745,0.7745,2.401,0.1905,0.5,0.5,0.0,0.5,0,0,1.0,5,5,0.5296,0.1,0.1429,0.7619,0.0,0.2381,0.0,0.0,1.0,0.0,0.0,0.0,0.6931,0.0,inner_patrol,obstacle,0.98,10.386917
867,19.7789,9.6482,0,4.0,0.6667,25,12000,70,150.0,0.8288,150.8288,1.0,1.8667,0.16,1,0,1,0.0400,0.0,0.0400,0,0.8,0.2,0.84,20,21,25,0.2072,0.2072,1.2847,0.2,0.2,0.2,0.6,0.8,0,0,0.7143,7,5,0.5401,0.1,0.16,0.88,0.0,0.28,0.0,0.0,0.7143,0.0,0.0,0.0,0.9503,0.0,outer_patrol_b,road_edge,0.98,10.030628
868,0.5104,0.249,0,2.0,0.3333,20,9600,70,150.0,0.0,150.0,1.0,1.1667,0.1,1,0,1,0.0500,0.0,0.0500,0,0.75,0.25,0.85,15,17,20,0.0,0.0,0.0,0.15,0.0,0.3333,0.6667,1.0,0,0,0.625,8,5,0.5321,0.1,0.15,0.85,0.0,0.4,0.0,0.0,0.625,0.0,0.0,0.0,0.6365,0.0,inner_patrol,obstacle,0.98,8.727746
869,76.7353,37.4319,1,6.0,1.0,39,18720,39,136.7143,0.6325,137.3468,0.5571,1.7949,0.1538,0,0,0,0.0000,0.0,0.0000,0,0.8205,0.1795,0.8718,32,34,39,0.1265,0.1265,0.9804,0.1282,0.2,0.2,0.6,0.8,0,0,0.8,10,8,0.5431,0.1,0.0513,0.7436,0.0,0.2564,0.0,0.0,0.8,0.0,0.0,0.0,0.9503,0.0,completed,,0.98,7.208698
870,59.2583,28.9065,1,6.0,1.0,47,22560,47,140.1429,2.9727,143.1156,0.6714,1.4894,0.1277,0,0,0,0.0000,0.0,0.0000,0,0.7872,0.2128,0.8723,37,41,47,0.5945,0.5945,4.6077,0.1277,0.6667,0.1667,0.1667,0.3333,0,0,0.8333,18,15,0.5562,0.1,0.1702,0.766,0.0,0.383,0.0,0.0,0.8333,0.0,0.0,0.0,0.8676,0.0,completed,,0.98,6.32415
871,0.5339,0.2605,0,4.0,0.6667,39,18720,70,150.0,1.9668,151.9668,1.0,1.1966,0.1026,0,0,0,0.0000,0.0,0.0000,0,0.6667,0.3333,0.8462,26,33,39,0.4917,0.4917,3.0486,0.1538,0.5,0.5,0.0,0.5,0,0,0.4211,19,8,0.6218,0.1,0.2308,0.8462,0.1795,0.4872,0.0,0.0,0.4211,0.0,0.0,0.0,0.6931,0.0,outer_patrol_b,road_edge,0.98,7.451525
872,4.5854,2.2368,0,3.0,0.5,28,13440,70,150.0,0.7851,150.7851,1.0,1.25,0.1071,1,0,1,0.0357,0.0,0.0357,0,0.75,0.25,0.8571,21,24,28,0.2617,0.2617,1.2169,0.1429,0.25,0.0,0.75,0.75,0,0,0.625,8,5,0.5666,0.1,0.1786,0.75,0.0,0.2857,0.0,0.0,0.625,0.0,0.0,0.0,0.5623,0.0,return_outer,obstacle,0.98,7.485528
873,56.2716,27.4496,1,6.0,1.0,49,23520,49,141.0,3.0398,144.0398,0.7,1.4286,0.1224,1,0,1,0.0204,0.0,0.0204,0,0.6735,0.3265,0.8163,33,40,49,0.608,0.608,4.7117,0.1837,0.4444,0.4444,0.1111,0.5556,0,0,0.5625,16,9,0.5971,0.1,0.2041,0.7143,0.102,0.3265,0.0,0.0,0.5625,0.0,0.0,0.0,0.965,0.0,completed,,0.98,9.476579
874,0.8605,0.4197,0,2.0,0.3333,16,7680,70,150.0,0.8686,150.8686,1.0,1.4583,0.125,1,0,1,0.0625,0.0,0.0625,0,0.75,0.25,0.8125,12,13,16,0.4343,0.4343,1.3463,0.1875,0.3333,0.3333,0.3333,0.6667,0,0,1.0,3,3,0.5426,0.1,0.0625,0.8125,0.0625,0.1875,0.0,0.0,1.0,0.0,0.0,0.0,1.0986,0.0,inner_patrol,obstacle,0.98,9.878689
875,-6.6805,-3.2588,0,1.0,0.1667,15,7200,70,150.0,0.0,150.0,1.0,0.7778,0.0667,1,0,1,0.0667,0.0,0.0667,0,0.8,0.2,0.9333,12,14,15,0.0,0.0,0.0,0.0667,0.0,1.0,0.0,1.0,0,0,0.0,0,0,0.5228,0.1,0.0,0.6,0.0,0.0,0.0,0.0,0.0,0.0,0.0,0.0,-0.0,0.0,enter_inner,obstacle,0.98,9.207385
876,8.3469,4.0717,0,3.0,0.5,25,12000,70,150.0,0.6676,150.6676,1.0,1.4,0.12,0,0,0,0.0000,0.0,0.0000,0,0.72,0.28,0.84,18,21,25,0.2225,0.2225,1.0348,0.16,0.25,0.5,0.25,0.75,0,0,0.8571,7,6,0.5512,0.1,0.12,0.8,0.0,0.28,0.0,0.0,0.8571,0.0,0.0,0.0,1.0397,0.0,return_outer,obstacle,0.98,8.484304
877,-4.8106,-2.3466,0,1.0,0.1667,14,6720,70,150.0,0.0,150.0,1.0,0.8333,0.0714,1,0,1,0.0714,0.0,0.0714,0,0.9286,0.0714,0.9286,13,13,14,0.0,0.0,0.0,0.0714,0.0,0.0,1.0,1.0,0,0,0.3333,3,1,0.5184,0.1,0.0714,0.6429,0.0714,0.2143,0.0,0.0,0.3333,0.0,0.0,0.0,-0.0,0.0,enter_inner,obstacle,0.98,8.324549
878,68.8326,33.5769,1,6.0,1.0,42,20160,42,138.0,1.5495,139.5495,0.6,1.6667,0.1429,0,0,0,0.0000,0.0,0.0000,0,0.6905,0.3095,0.8333,29,35,42,0.3099,0.3099,2.4017,0.1667,0.2857,0.4286,0.2857,0.7143,0,0,1.0,7,7,0.5313,0.1,0.0952,0.6667,0.0,0.1667,0.0,0.0,1.0,0.0,0.0,0.0,1.079,0.0,completed,,0.98,6.934122
879,6.8704,3.3514,0,3.0,0.5,26,12480,70,150.0,0.8033,150.8033,1.0,1.3462,0.1154,0,0,0,0.0000,0.0,0.0000,0,0.7308,0.2692,0.8462,19,22,26,0.2678,0.2678,1.2451,0.1538,0.25,0.0,0.75,0.75,0,0,0.625,8,5,0.5905,0.1,0.1538,0.8077,0.1154,0.3077,0.0,0.0,0.625,0.0,0.0,0.0,0.5623,0.0,return_outer,obstacle,0.98,8.681591
880,11.646,5.681,0,3.0,0.5,23,11040,70,150.0,0.7805,150.7805,1.0,1.5217,0.1304,1,0,1,0.0435,0.0,0.0435,0,0.8261,0.1739,0.8696,19,20,23,0.2602,0.2602,1.2098,0.1304,0.3333,0.0,0.6667,0.6667,0,0,0.8571,7,6,0.5536,0.1,0.087,0.913,0.0,0.3043,0.0,0.0,0.8571,0.0,0.0,0.0,0.6365,0.0,return_outer,obstacle,0.98,10.130473
881,-5.0306,-2.4539,0,1.0,0.1667,14,6720,70,150.0,0.0,150.0,1.0,0.8333,0.0714,1,0,1,0.0714,0.0,0.0714,0,0.8571,0.1429,0.9286,12,13,14,0.0,0.0,0.0,0.0714,0.0,1.0,0.0,1.0,0,0,0.75,4,3,0.5028,0.1,0.0714,0.5,0.0,0.2857,0.0,0.0,0.75,0.0,0.0,0.0,-0.0,0.0,enter_inner,obstacle,0.98,9.82666
882,71.5268,34.8911,1,6.0,1.0,44,21120,44,138.8571,0.0,138.8571,0.6286,1.5909,0.1364,1,0,1,0.0227,0.0,0.0227,0,0.7273,0.2727,0.8409,32,37,44,0.0,0.0,0.0,0.1591,0.0,0.5714,0.4286,1.0,0,0,0.625,16,10,0.5796,0.1,0.1136,0.7727,0.0909,0.3636,0.0,0.0,0.625,0.0,0.0,0.0,0.6829,0.0,completed,,0.98,10.008369
883,3.4254,1.6709,0,3.0,0.5,28,13440,70,150.0,1.3033,151.3033,1.0,1.25,0.1071,1,0,1,0.0357,0.0,0.0357,0,0.6786,0.3214,0.8214,19,23,28,0.4344,0.4344,2.02,0.1786,0.4,0.4,0.2,0.6,0,0,0.8182,11,9,0.5835,0.1,0.1429,0.8571,0.0357,0.3929,0.0,0.0,0.8182,0.0,0.0,0.0,1.0549,0.0,return_outer,obstacle,0.98,8.479773
884,6.616,3.2273,0,2.0,0.3333,24,11520,70,150.0,0.6986,150.6986,1.0,0.9722,0.0833,1,0,1,0.0417,0.0,0.0417,0,0.8333,0.1667,0.9167,20,22,24,0.3493,0.3493,1.0828,0.125,0.3333,0.0,0.6667,0.6667,0,0,0.4,5,2,0.5624,0.1,0.125,0.7917,0.0417,0.2083,0.0,0.0,0.4,0.0,0.0,0.0,0.6365,0.0,inner_patrol,obstacle,0.98,8.591234
885,75.9017,37.0252,1,6.0,1.0,38,18240,38,136.2857,1.498,137.7838,0.5429,1.8421,0.1579,1,0,1,0.0263,0.0,0.0263,0,0.7895,0.2105,0.8421,30,32,38,0.2996,0.2996,2.322,0.1579,0.3333,0.3333,0.3333,0.6667,0,0,1.0,8,8,0.5444,0.1,0.0789,0.6579,0.0,0.2105,0.0,0.0,1.0,0.0,0.0,0.0,1.0986,0.0,completed,,0.98,7.676372
886,59.3442,28.9484,1,6.0,1.0,49,23520,49,141.0,2.0341,143.0341,0.7,1.4286,0.1224,0,0,0,0.0000,0.0,0.0000,0,0.7143,0.2857,0.8367,35,41,49,0.4068,0.4068,3.1529,0.1633,0.375,0.375,0.25,0.625,0,0,0.6429,14,9,0.5748,0.1,0.1633,0.7551,0.0816,0.2857,0.0,0.0,0.6429,0.0,0.0,0.0,1.0822,0.0,completed,,0.98,9.376629
887,12.4186,6.0578,0,4.0,0.6667,32,15360,70,150.0,2.1984,152.1984,1.0,1.4583,0.125,0,0,0,0.0000,0.0,0.0000,0,0.75,0.25,0.8438,24,27,32,0.5496,0.5496,3.4076,0.1562,0.6,0.4,0.0,0.4,0,0,0.6,5,3,0.5653,0.1,0.0938,0.7812,0.0625,0.1562,0.0,0.0,0.6,0.0,0.0,0.0,0.673,0.0,outer_patrol_b,road_edge,0.98,8.230538
888,-1.0503,-0.5123,0,2.0,0.3333,24,11520,70,150.0,0.6214,150.6214,1.0,0.9722,0.0833,1,0,1,0.0417,0.0,0.0417,0,0.7083,0.2917,0.875,17,21,24,0.3107,0.3107,0.9631,0.125,0.3333,0.6667,0.0,0.6667,0,0,0.625,8,5,0.5353,0.1,0.0833,0.7917,0.0,0.3333,0.0,0.0,0.625,0.0,0.0,0.0,0.6365,0.0,inner_patrol,obstacle,0.98,8.983125
889,71.2712,34.7664,1,6.0,1.0,42,20160,42,138.0,1.276,139.276,0.6,1.6667,0.1429,1,0,1,0.0238,0.0,0.0238,0,0.7381,0.2619,0.8571,31,36,42,0.2552,0.2552,1.9778,0.1667,0.2857,0.2857,0.4286,0.7143,0,0,0.7273,11,8,0.5356,0.1,0.0238,0.881,0.0,0.2619,0.0,0.0,0.7273,0.0,0.0,0.0,1.079,0.0,completed,,0.98,7.8347
890,-7.8184,-3.8138,0,1.0,0.1667,16,7680,70,150.0,0.0,150.0,1.0,0.7292,0.0625,1,0,1,0.0625,0.0,0.0625,0,0.75,0.25,0.9375,12,15,16,0.0,0.0,0.0,0.0625,0.0,0.0,1.0,1.0,0,0,0.6,5,3,0.5353,0.1,0.0625,0.8125,0.0625,0.3125,0.0,0.0,0.6,0.0,0.0,0.0,-0.0,0.0,enter_inner,obstacle,0.98,8.110606
891,49.2918,24.0448,1,6.0,1.0,53,25440,53,142.7143,3.1856,145.8999,0.7571,1.3208,0.1132,1,0,1,0.0189,0.0,0.0189,0,0.6415,0.3585,0.8679,34,46,53,0.6371,0.6371,4.9376,0.1321,0.5714,0.0,0.4286,0.4286,0,0,0.6429,14,9,0.5512,0.1,0.0755,0.7925,0.0377,0.2642,0.0,0.0,0.6429,0.0,0.0,0.0,0.6829,0.0,completed,,0.98,8.018513
892,75.561,36.859,1,6.0,1.0,40,19200,40,137.1429,0.0,137.1429,0.5714,1.75,0.15,1,0,1,0.0250,0.0,0.0250,0,0.775,0.225,0.875,31,35,40,0.0,0.0,0.0,0.125,0.0,0.8,0.2,1.0,0,0,0.5455,11,6,0.5501,0.1,0.1,0.8,0.025,0.275,0.0,0.0,0.5455,0.0,0.0,0.0,0.5004,0.0,completed,,0.98,8.075809
893,-9.203,-4.4893,0,0.0,0.0,13,6240,70,150.0,0.0,150.0,1.0,0.0,0.0,0,0,0,0.0000,0.0,0.0000,0,0.7692,0.2308,1.0,10,13,13,0.0,0.0,0.0,0.0,0.0,0.0,0.0,0.0,0,0,1.0,2,2,0.5027,0.1,0.0,0.3846,0.0,0.1538,0.0,0.0,1.0,0.0,0.0,0.0,0.0,0.0,outer_patrol_a,road_edge,0.98,8.681526
894,-10.0,-6.5273,0,0.0,0.0,10,4800,70,150.0,0.0,150.0,1.0,0.0,0.0,1,0,1,0.1000,0.0,0.1000,0,0.9,0.1,1.0,9,10,10,0.0,0.0,0.0,0.0,0.0,0.0,0.0,0.0,0,0,0.3333,3,1,0.5345,0.1,0.0,0.6,0.0,0.3,0.0,0.0,0.3333,0.0,0.0,0.0,0.0,0.0,outer_patrol_a,road_edge,0.98,9.009789
895,60.6241,29.5727,1,6.0,1.0,44,21120,44,138.8571,4.4938,143.351,0.6286,1.5909,0.1364,0,0,0,0.0000,0.0,0.0000,0,0.7273,0.2727,0.8409,32,37,44,0.8988,0.8988,6.9655,0.1818,0.75,0.125,0.125,0.25,0,0,1.0,15,15,0.5632,0.1,0.0909,0.8182,0.0455,0.3409,0.0,0.0,1.0,0.0,0.0,0.0,0.7356,0.0,completed,,0.98,8.616303
896,9.9012,4.8299,0,3.0,0.5,25,12000,70,150.0,0.6141,150.6141,1.0,1.4,0.12,0,0,0,0.0000,0.0,0.0000,0,0.84,0.16,0.84,21,21,25,0.2047,0.2047,0.9518,0.16,0.25,0.25,0.5,0.75,0,0,0.5,8,4,0.5658,0.1,0.16,0.8,0.04,0.32,0.0,0.0,0.5,0.0,0.0,0.0,1.0397,0.0,return_outer,obstacle,0.98,8.603254
897,35.5902,17.3611,0,5.0,0.8333,38,18240,70,150.0,0.8887,150.8887,1.0,1.5351,0.1316,1,0,1,0.0263,0.0,0.0263,0,0.7632,0.2368,0.8684,29,33,38,0.1777,0.1777,1.3775,0.1579,0.1667,0.5,0.3333,0.8333,0,0,0.8,10,8,0.5567,0.1,0.1053,0.7895,0.0526,0.2632,0.0,0.0,0.8,0.0,0.0,0.0,1.0114,0.0,final_park,wall,0.98,8.408711
898,1.7696,0.8632,0,2.0,0.3333,16,7680,70,150.0,0.7416,150.7416,1.0,1.4583,0.125,0,0,0,0.0000,0.0,0.0000,0,0.8125,0.1875,0.8125,13,13,16,0.3708,0.3708,1.1495,0.1875,0.3333,0.6667,0.0,0.6667,0,0,0.75,8,6,0.5627,0.1,0.125,0.8125,0.0625,0.5,0.0,0.0,0.75,0.0,0.0,0.0,0.6365,0.0,inner_patrol,obstacle,0.98,8.904155
899,34.5775,16.8671,0,5.0,0.8333,41,19680,70,150.0,0.0,150.0,1.0,1.4228,0.122,0,0,0,0.0000,0.0,0.0000,0,0.8293,0.1707,0.878,34,36,41,0.0,0.0,0.0,0.122,0.0,0.6,0.4,1.0,0,0,0.7273,11,8,0.5421,0.1,0.0488,0.7317,0.0,0.2683,0.0,0.0,0.7273,0.0,0.0,0.0,0.673,0.0,final_park,wall,0.98,8.64766
900,68.1231,33.2308,1,6.0,1.0,44,21120,44,138.8571,1.4049,140.2621,0.6286,1.5909,0.1364,1,0,1,0.0227,0.0,0.0227,0,0.7273,0.2727,0.8636,32,38,44,0.281,0.281,2.1776,0.1364,0.3333,0.3333,0.3333,0.6667,0,0,0.7,10,7,0.5406,0.1,0.0682,0.8182,0.0227,0.2273,0.0,0.0,0.7,0.0,0.0,0.0,1.0986,0.0,completed,,0.98,6.843747
901,77.6378,37.8721,1,6.0,1.0,39,18720,39,136.7143,0.6913,137.4056,0.5571,1.7949,0.1538,0,0,0,0.0000,0.0,0.0000,0,0.7692,0.2308,0.8718,30,34,39,0.1383,0.1383,1.0715,0.1538,0.1667,0.3333,0.5,0.8333,0,0,0.9167,12,11,0.5507,0.1,0.0769,0.7949,0.0,0.3077,0.0,0.0,0.9167,0.0,0.0,0.0,1.0114,0.0,completed,,0.98,7.728028
902,-10.0,-8.6194,0,0.0,0.0,7,3360,70,150.0,0.0,150.0,1.0,0.0,0.0,0,0,0,0.0000,0.0,0.0000,0,1.0,0.0,1.0,7,7,7,0.0,0.0,0.0,0.0,0.0,0.0,0.0,0.0,0,0,0.5,2,1,0.5321,0.1,0.0,0.4286,0.0,0.2857,0.0,0.0,0.5,0.0,0.0,0.0,0.0,0.0,outer_patrol_a,road_edge,0.98,7.474269
903,7.3829,3.6014,0,3.0,0.5,26,12480,70,150.0,0.8945,150.8945,1.0,1.3462,0.1154,1,0,1,0.0385,0.0,0.0385,0,0.7692,0.2308,0.8462,20,22,26,0.2982,0.2982,1.3864,0.1538,0.25,0.25,0.5,0.75,0,0,0.5714,7,4,0.5724,0.1,0.1154,0.7692,0.0769,0.2692,0.0,0.0,0.5714,0.0,0.0,0.0,1.0397,0.0,return_outer,obstacle,0.98,6.966034
904,-5.9852,-2.9196,0,1.0,0.1667,15,7200,70,150.0,0.0,150.0,1.0,0.7778,0.0667,1,0,1,0.0667,0.0,0.0667,0,0.8667,0.1333,0.9333,13,14,15,0.0,0.0,0.0,0.0667,0.0,1.0,0.0,1.0,0,0,0.3333,3,1,0.4952,0.1,0.0667,0.6667,0.0,0.2,0.0,0.0,0.3333,0.0,0.0,0.0,-0.0,0.0,enter_inner,obstacle,0.9797,7.387854
905,78.7325,38.4061,1,6.0,1.0,38,18240,38,136.2857,0.7388,137.0245,0.5429,1.8421,0.1579,1,0,1,0.0263,0.0,0.0263,0,0.7632,0.2368,0.8421,29,32,38,0.1478,0.1478,1.1451,0.1579,0.1667,0.3333,0.5,0.8333,0,0,0.8889,9,8,0.5535,0.1,0.1316,0.7105,0.0263,0.2368,0.0,0.0,0.8889,0.0,0.0,0.0,1.0114,0.0,completed,,0.9795,8.063164
906,74.9621,36.5669,1,6.0,1.0,40,19200,40,137.1429,0.8628,138.0056,0.5714,1.75,0.15,0,0,0,0.0000,0.0,0.0000,0,0.725,0.275,0.825,29,33,40,0.1726,0.1726,1.3373,0.175,0.1429,0.4286,0.4286,0.8571,0,0,0.5714,7,4,0.546,0.1,0.075,0.75,0.025,0.175,0.0,0.0,0.5714,0.0,0.0,0.0,1.0042,0.0,completed,,0.9792,9.182031
907,-10.0,-4.8794,0,0.0,0.0,12,5760,70,150.0,0.0,150.0,1.0,0.0,0.0,0,0,0,0.0000,0.0,0.0000,0,1.0,0.0,1.0,12,12,12,0.0,0.0,0.0,0.0,0.0,0.0,0.0,0.0,0,0,0.3333,3,1,0.5152,0.1,0.0,0.5833,0.0,0.25,0.0,0.0,0.3333,0.0,0.0,0.0,0.0,0.0,outer_patrol_a,road_edge,0.9789,9.179523
908,72.7057,35.4662,1,6.0,1.0,42,20160,42,138.0,0.7885,138.7885,0.6,1.6667,0.1429,1,0,1,0.0238,0.0,0.0238,0,0.7381,0.2619,0.881,31,37,42,0.1577,0.1577,1.2221,0.119,0.2,0.4,0.4,0.8,0,0,0.9231,13,12,0.5407,0.1,0.0714,0.8333,0.0,0.3095,0.0,0.0,0.9231,0.0,0.0,0.0,1.0549,0.0,completed,,0.9787,8.658983
909,75.7499,36.9512,1,6.0,1.0,40,19200,40,137.1429,0.7407,137.8836,0.5714,1.75,0.15,0,0,0,0.0000,0.0,0.0000,0,0.825,0.175,0.875,33,35,40,0.1481,0.1481,1.1481,0.125,0.2,0.2,0.6,0.8,0,0,0.7778,9,7,0.5454,0.1,0.05,0.725,0.025,0.225,0.0,0.0,0.7778,0.0,0.0,0.0,0.9503,0.0,completed,,0.9784,8.469292
910,-10.0,-5.7649,0,1.0,0.1667,18,8640,70,150.0,0.7563,150.7563,1.0,0.6481,0.0556,1,0,1,0.0556,0.0,0.0556,0,0.7222,0.2778,0.8889,13,16,18,0.7563,0.7563,1.1723,0.1111,0.5,0.0,0.5,0.5,0,0,0.5,4,2,0.5143,0.1,0.0556,0.4444,0.0,0.2222,0.0,0.0,0.5,0.0,0.0,0.0,0.6931,0.0,enter_inner,obstacle,0.9781,7.955415
911,23.0999,11.2682,0,4.0,0.6667,25,12000,70,150.0,0.0,150.0,1.0,1.8667,0.16,1,0,1,0.0400,0.0,0.0400,0,0.84,0.16,0.84,21,21,25,0.0,0.0,0.0,0.16,0.0,0.25,0.75,1.0,0,0,0.6667,6,4,0.543,0.1,0.04,0.8,0.0,0.24,0.0,0.0,0.6667,0.0,0.0,0.0,0.5623,0.0,outer_patrol_b,road_edge,0.9778,8.377886
912,69.1065,33.7105,1,6.0,1.0,43,20640,43,138.4286,3.0752,141.5038,0.6143,1.6279,0.1395,0,0,0,0.0000,0.0,0.0000,0,0.7907,0.2093,0.8372,34,36,43,0.615,0.615,4.7666,0.1628,0.5714,0.0,0.4286,0.4286,0,0,0.75,12,9,0.591,0.1,0.1395,0.7209,0.1163,0.2791,0.0,0.0,0.75,0.0,0.0,0.0,0.6829,0.0,completed,,0.9776,9.267078
913,-2.3915,-1.1666,0,2.0,0.3333,28,13440,70,150.0,2.1814,152.1814,1.0,0.8333,0.0714,0,0,0,0.0000,0.0,0.0000,0,0.7143,0.2857,0.8571,20,24,28,1.0907,1.0907,3.3812,0.1429,0.75,0.0,0.25,0.25,0,0,0.6,5,3,0.5641,0.1,0.0714,0.7857,0.0357,0.1786,0.0,0.0,0.6,0.0,0.0,0.0,0.5623,0.0,inner_patrol,obstacle,0.9773,8.751321
914,27.8355,13.5783,0,5.0,0.8333,45,21600,70,150.0,0.7327,150.7327,1.0,1.2963,0.1111,1,0,1,0.0222,0.0,0.0222,0,0.7556,0.2444,0.8889,34,40,45,0.1465,0.1465,1.1357,0.1111,0.2,0.0,0.8,0.8,0,0,0.6429,14,9,0.5434,0.1,0.0667,0.8,0.0,0.3111,0.0,0.0,0.6429,0.0,0.0,0.0,0.5004,0.0,final_park,wall,0.977,8.679909
915,9.8178,4.7892,0,3.0,0.5,26,12480,70,150.0,0.0,150.0,1.0,1.3462,0.1154,1,0,1,0.0385,0.0,0.0385,0,0.7308,0.2692,0.8846,19,23,26,0.0,0.0,0.0,0.1154,0.0,0.3333,0.6667,1.0,0,0,0.625,8,5,0.5613,0.1,0.1154,0.8462,0.0385,0.3077,0.0,0.0,0.625,0.0,0.0,0.0,0.6365,0.0,return_outer,obstacle,0.9768,8.605887
916,-4.1144,-2.007,0,1.0,0.1667,14,6720,70,150.0,0.0,150.0,1.0,0.8333,0.0714,1,0,1,0.0714,0.0,0.0714,0,0.9286,0.0714,0.9286,13,13,14,0.0,0.0,0.0,0.0714,0.0,0.0,1.0,1.0,0,0,0.5,2,1,0.509,0.1,0.0,0.7857,0.0,0.1429,0.0,0.0,0.5,0.0,0.0,0.0,-0.0,0.0,enter_inner,obstacle,0.9765,8.798732
917,28.4798,13.8926,0,4.0,0.6667,25,12000,70,150.0,0.0,150.0,1.0,1.8667,0.16,1,0,1,0.0400,0.0,0.0400,0,0.76,0.24,0.84,19,21,25,0.0,0.0,0.0,0.16,0.0,0.25,0.75,1.0,0,0,1.0,6,6,0.5518,0.1,0.08,0.8,0.0,0.24,0.0,0.0,1.0,0.0,0.0,0.0,0.5623,0.0,outer_patrol_b,road_edge,0.9762,8.981537
918,72.587,35.4083,1,6.0,1.0,40,19200,40,137.1429,1.6687,138.8116,0.5714,1.75,0.15,1,0,1,0.0250,0.0,0.0250,0,0.725,0.275,0.825,29,33,40,0.3337,0.3337,2.5865,0.175,0.2857,0.5714,0.1429,0.7143,0,0,0.875,8,7,0.5399,0.1,0.1,0.825,0.0,0.2,0.0,0.0,0.875,0.0,0.0,0.0,0.9557,0.0,completed,,0.976,8.201038
919,-10.0,-5.481,0,1.0,0.1667,18,8640,70,150.0,0.6574,150.6574,1.0,0.6481,0.0556,1,0,1,0.0556,0.0,0.0556,0,0.7778,0.2222,0.8889,14,16,18,0.6574,0.6574,1.019,0.1111,0.5,0.5,0.0,0.5,0,0,0.4,5,2,0.5336,0.1,0.1111,0.4444,0.0,0.2778,0.0,0.0,0.4,0.0,0.0,0.0,0.6931,0.0,enter_inner,obstacle,0.9757,7.481345
920,28.7845,14.0412,0,5.0,0.8333,46,22080,70,150.0,0.0,150.0,1.0,1.2681,0.1087,1,0,1,0.0217,0.0,0.0217,0,0.8261,0.1739,0.8913,38,41,46,0.0,0.0,0.0,0.1087,0.0,0.6,0.4,1.0,0,0,0.5,12,6,0.543,0.1,0.0217,0.7174,0.0,0.2609,0.0,0.0,0.5,0.0,0.0,0.0,0.673,0.0,final_park,wall,0.9754,7.030017
921,-10.0,-9.4941,0,0.0,0.0,2,960,70,150.0,0.0,150.0,1.0,0.0,0.0,0,0,0,0.0000,0.0,0.0000,0,1.0,0.0,1.0,2,2,2,0.0,0.0,0.0,0.0,0.0,0.0,0.0,0.0,0,0,0.0,0,0,0.5472,0.1,0.0,0.0,0.0,0.0,0.0,0.0,0.0,0.0,0.0,0.0,0.0,0.0,outer_patrol_a,road_edge,0.9751,7.051214
922,-10.0,-4.9165,0,0.0,0.0,12,5760,70,150.0,0.0,150.0,1.0,0.0,0.0,0,0,0,0.0000,0.0,0.0000,0,0.8333,0.1667,1.0,10,12,12,0.0,0.0,0.0,0.0,0.0,0.0,0.0,0.0,0,0,0.0,0,0,0.4858,0.1,0.0,0.3333,0.0,0.0,0.0,0.0,0.0,0.0,0.0,0.0,0.0,0.0,outer_patrol_a,road_edge,0.9749,7.563046
923,63.638,31.0429,1,6.0,1.0,47,22560,47,140.1429,2.4502,142.593,0.6714,1.4894,0.1277,1,0,1,0.0213,0.0,0.0213,0,0.766,0.234,0.8511,36,40,47,0.49,0.49,3.7978,0.1489,0.4286,0.2857,0.2857,0.5714,0,0,0.6,15,9,0.5723,0.1,0.1489,0.7447,0.0638,0.3191,0.0,0.0,0.6,0.0,0.0,0.0,1.079,0.0,completed,,0.9746,7.036622
924,80.2181,39.1308,1,6.0,1.0,38,18240,38,136.2857,1.4099,137.6956,0.5429,1.8421,0.1579,1,0,1,0.0263,0.0,0.0263,0,0.8421,0.1579,0.8684,32,33,38,0.282,0.282,2.1854,0.1316,0.4,0.0,0.6,0.6,0,0,0.8333,6,5,0.5303,0.1,0.0789,0.7895,0.0,0.1579,0.0,0.0,0.8333,0.0,0.0,0.0,0.673,0.0,completed,,0.9743,7.542616
925,76.7142,37.4216,1,6.0,1.0,41,19680,41,137.5714,0.0,137.5714,0.5857,1.7073,0.1463,0,0,0,0.0000,0.0,0.0000,0,0.8049,0.1951,0.878,33,36,41,0.0,0.0,0.0,0.122,0.0,0.6,0.4,1.0,0,0,0.5556,9,5,0.5566,0.1,0.0976,0.7073,0.0244,0.2195,0.0,0.0,0.5556,0.0,0.0,0.0,0.673,0.0,completed,,0.9741,6.958411
926,62.5345,30.5046,1,6.0,1.0,45,21600,45,139.2857,3.9115,143.1973,0.6429,1.5556,0.1333,1,0,1,0.0222,0.0,0.0222,0,0.7556,0.2444,0.8444,34,38,45,0.7823,0.7823,6.0629,0.1556,0.7143,0.2857,0.0,0.2857,0,0,0.7647,17,13,0.5517,0.1,0.0667,0.8,0.0,0.3778,0.0,0.0,0.7647,0.0,0.0,0.0,0.5983,0.0,completed,,0.9738,9.149245
927,4.1688,2.0336,0,3.0,0.5,30,14400,70,150.0,1.3658,151.3658,1.0,1.1667,0.1,0,0,0,0.0000,0.0,0.0000,0,0.8,0.2,0.8333,24,25,30,0.4553,0.4553,2.117,0.1667,0.4,0.2,0.4,0.6,0,0,0.3636,11,4,0.5863,0.1,0.2,0.8,0.0667,0.3667,0.0,0.0,0.3636,0.0,0.0,0.0,1.0549,0.0,return_outer,obstacle,0.9735,9.936794
928,12.178,5.9405,0,3.0,0.5,25,12000,70,150.0,0.0,150.0,1.0,1.4,0.12,0,0,0,0.0000,0.0,0.0000,0,0.76,0.24,0.88,19,22,25,0.0,0.0,0.0,0.12,0.0,0.3333,0.6667,1.0,0,0,0.6,5,3,0.5463,0.1,0.08,0.88,0.04,0.2,0.0,0.0,0.6,0.0,0.0,0.0,0.6365,0.0,return_outer,obstacle,0.9733,10.078041
929,77.4729,37.7916,1,6.0,1.0,39,18720,39,136.7143,1.2767,137.991,0.5571,1.7949,0.1538,1,0,1,0.0256,0.0,0.0256,0,0.7692,0.2308,0.8462,30,33,39,0.2553,0.2553,1.9789,0.1538,0.3333,0.1667,0.5,0.6667,0,0,1.0,5,5,0.5375,0.1,0.0256,0.7179,0.0,0.1282,0.0,0.0,1.0,0.0,0.0,0.0,1.0114,0.0,completed,,0.973,8.515581
930,-0.7598,-0.3706,0,2.0,0.3333,19,9120,70,150.0,1.5709,151.5709,1.0,1.2281,0.1053,1,0,1,0.0526,0.0,0.0526,0,0.6842,0.3158,0.7895,13,15,19,0.7854,0.7854,2.4349,0.2105,0.5,0.25,0.25,0.5,0,0,0.7143,7,5,0.5418,0.1,0.0,0.7895,0.0,0.3684,0.0,0.0,0.7143,0.0,0.0,0.0,1.0397,0.0,inner_patrol,obstacle,0.9727,7.871089
931,2.5545,1.2461,0,2.0,0.3333,16,7680,70,150.0,0.7237,150.7237,1.0,1.4583,0.125,1,0,1,0.0625,0.0,0.0625,0,0.8125,0.1875,0.8125,13,13,16,0.3619,0.3619,1.1218,0.1875,0.3333,0.6667,0.0,0.6667,0,0,0.75,4,3,0.5201,0.1,0.0625,0.875,0.0,0.25,0.0,0.0,0.75,0.0,0.0,0.0,0.6365,0.0,inner_patrol,obstacle,0.9725,6.741255
932,75.8167,36.9838,1,6.0,1.0,40,19200,40,137.1429,0.8703,138.0131,0.5714,1.75,0.15,1,0,1,0.0250,0.0,0.0250,0,0.75,0.25,0.85,30,34,40,0.1741,0.1741,1.3489,0.15,0.1667,0.3333,0.5,0.8333,0,0,0.9,10,9,0.5435,0.1,0.1,0.725,0.0,0.25,0.0,0.0,0.9,0.0,0.0,0.0,1.0114,0.0,completed,,0.9722,7.279532
933,5.7606,2.81,0,3.0,0.5,29,13920,70,150.0,0.865,150.865,1.0,1.2069,0.1034,1,0,1,0.0345,0.0,0.0345,0,0.7241,0.2759,0.8276,21,24,29,0.2883,0.2883,1.3407,0.1724,0.2,0.2,0.6,0.8,0,0,0.6667,12,8,0.5631,0.1,0.1034,0.8276,0.0345,0.4138,0.0,0.0,0.6667,0.0,0.0,0.0,0.9503,0.0,return_outer,obstacle,0.9719,8.348401
934,-3.8795,-1.8925,0,1.0,0.1667,14,6720,70,150.0,0.0,150.0,1.0,0.8333,0.0714,0,0,0,0.0000,0.0,0.0000,0,0.9286,0.0714,0.9286,13,13,14,0.0,0.0,0.0,0.0714,0.0,1.0,0.0,1.0,0,0,0.6,5,3,0.519,0.1,0.0714,0.7143,0.0,0.3571,0.0,0.0,0.6,0.0,0.0,0.0,-0.0,0.0,enter_inner,obstacle,0.9716,7.586589
935,58.3566,28.4666,1,6.0,1.0,45,21600,45,139.2857,6.6835,145.9692,0.6429,1.5556,0.1333,1,0,1,0.0222,0.0,0.0222,0,0.7333,0.2667,0.7778,33,35,45,1.3367,1.3367,10.3594,0.2222,0.9,0.0,0.1,0.1,0,0,1.0,15,15,0.5701,0.1,0.1333,0.7333,0.0444,0.3333,0.0,0.0,1.0,0.0,0.0,0.0,0.3251,0.0,completed,,0.9714,7.910584
936,35.1637,17.153,0,5.0,0.8333,39,18720,70,150.0,2.0828,152.0828,1.0,1.4957,0.1282,0,0,0,0.0000,0.0,0.0000,0,0.7949,0.2051,0.8205,31,32,39,0.4166,0.4166,3.2284,0.1795,0.4286,0.4286,0.1429,0.5714,0,0,0.8182,11,9,0.5452,0.1,0.1026,0.8462,0.0256,0.2821,0.0,0.0,0.8182,0.0,0.0,0.0,1.0042,0.0,final_park,wall,0.9711,7.757368
937,71.6134,34.9334,1,6.0,1.0,43,20640,43,138.4286,1.2269,139.6555,0.6143,1.6279,0.1395,1,0,1,0.0233,0.0,0.0233,0,0.7674,0.2326,0.8605,33,37,43,0.2454,0.2454,1.9017,0.1395,0.3333,0.3333,0.3333,0.6667,0,0,0.7273,11,8,0.5469,0.1,0.093,0.814,0.0233,0.2558,0.0,0.0,0.7273,0.0,0.0,0.0,1.0986,0.0,completed,,0.9708,8.425502
938,6.8481,3.3405,0,3.0,0.5,26,12480,70,150.0,1.6023,151.6023,1.0,1.3462,0.1154,1,0,1,0.0385,0.0,0.0385,0,0.7308,0.2692,0.8462,19,22,26,0.5341,0.5341,2.4836,0.1538,0.5,0.5,0.0,0.5,0,0,0.6667,6,4,0.547,0.1,0.1154,0.8077,0.0,0.2308,0.0,0.0,0.6667,0.0,0.0,0.0,0.6931,0.0,return_outer,obstacle,0.9706,9.565713
939,-7.845,-3.8268,0,1.0,0.1667,17,8160,70,150.0,0.0,150.0,1.0,0.6863,0.0588,1,0,1,0.0588,0.0,0.0588,0,0.8824,0.1176,0.9412,15,16,17,0.0,0.0,0.0,0.0588,0.0,1.0,0.0,1.0,0,0,0.5,4,2,0.5227,0.1,0.0,0.8235,0.0,0.2353,0.0,0.0,0.5,0.0,0.0,0.0,-0.0,0.0,enter_inner,obstacle,0.9703,9.444914
940,-3.7995,-1.8534,0,1.0,0.1667,14,6720,70,150.0,0.0,150.0,1.0,0.8333,0.0714,0,0,0,0.0000,0.0,0.0000,0,0.8571,0.1429,0.9286,12,13,14,0.0,0.0,0.0,0.0714,0.0,0.0,1.0,1.0,0,0,0.6667,3,2,0.5292,0.1,0.0714,0.5714,0.0714,0.2143,0.0,0.0,0.6667,0.0,0.0,0.0,-0.0,0.0,enter_inner,obstacle,0.97,9.010362
941,-8.1022,-3.9523,0,1.0,0.1667,16,7680,70,150.0,0.6662,150.6662,1.0,0.7292,0.0625,1,0,1,0.0625,0.0,0.0625,0,0.75,0.25,0.875,12,14,16,0.6662,0.6662,1.0325,0.125,0.5,0.5,0.0,0.5,0,0,0.75,4,3,0.5307,0.1,0.125,0.6875,0.0625,0.25,0.0,0.0,0.75,0.0,0.0,0.0,0.6931,0.0,enter_inner,obstacle,0.9698,8.541531
942,-7.9352,-3.8708,0,1.0,0.1667,17,8160,70,150.0,0.0,150.0,1.0,0.6863,0.0588,1,0,1,0.0588,0.0,0.0588,0,0.8235,0.1765,0.9412,14,16,17,0.0,0.0,0.0,0.0588,0.0,1.0,0.0,1.0,0,0,0.5714,7,4,0.5185,0.1,0.0588,0.8235,0.0,0.4118,0.0,0.0,0.5714,0.0,0.0,0.0,-0.0,0.0,enter_inner,obstacle,0.9695,8.53032
943,24.0837,11.7481,0,4.0,0.6667,35,16800,70,150.0,3.0468,153.0468,1.0,1.3333,0.1143,0,0,0,0.0000,0.0,0.0000,0,0.8,0.2,0.8286,28,29,35,0.7617,0.7617,4.7225,0.1714,0.6667,0.1667,0.1667,0.3333,0,0,0.75,8,6,0.5599,0.1,0.1143,0.7714,0.0571,0.2286,0.0,0.0,0.75,0.0,0.0,0.0,0.8676,0.0,outer_patrol_b,road_edge,0.9692,8.135959
944,79.9019,38.9765,1,6.0,1.0,40,19200,40,137.1429,0.0,137.1429,0.5714,1.75,0.15,1,0,1,0.0250,0.0,0.0250,0,0.825,0.175,0.875,33,35,40,0.0,0.0,0.0,0.125,0.0,0.4,0.6,1.0,0,0,0.5556,9,5,0.5345,0.1,0.05,0.85,0.0,0.225,0.0,0.0,0.5556,0.0,0.0,0.0,0.673,0.0,completed,,0.9689,7.360146
945,7.8503,3.8294,0,4.0,0.6667,34,16320,70,150.0,2.6962,152.6962,1.0,1.3725,0.1176,1,0,1,0.0294,0.0,0.0294,0,0.7647,0.2353,0.8529,26,29,34,0.6741,0.6741,4.1791,0.1471,0.6,0.0,0.4,0.4,0,0,0.4167,12,5,0.6156,0.1,0.2059,0.9118,0.1176,0.3529,0.0,0.0,0.4167,0.0,0.0,0.0,0.673,0.0,outer_patrol_b,road_edge,0.9687,8.408624
946,1.6555,0.8075,0,2.0,0.3333,18,8640,70,150.0,1.3679,151.3679,1.0,1.2963,0.1111,1,0,1,0.0556,0.0,0.0556,0,0.7222,0.2778,0.7778,13,14,18,0.6839,0.6839,2.1202,0.2222,0.5,0.5,0.0,0.5,0,0,1.0,5,5,0.5428,0.1,0.1111,0.8333,0.0556,0.2778,0.0,0.0,1.0,0.0,0.0,0.0,0.6931,0.0,inner_patrol,obstacle,0.9684,8.929897
947,21.9109,10.6882,0,5.0,0.8333,51,24480,70,150.0,0.0,150.0,1.0,1.1438,0.098,1,0,1,0.0196,0.0,0.0196,0,0.7255,0.2745,0.902,37,46,51,0.0,0.0,0.0,0.098,0.0,1.0,0.0,1.0,0,0,0.3529,17,6,0.5491,0.1,0.0784,0.8431,0.0196,0.3333,0.0,0.0,0.3529,0.0,0.0,0.0,-0.0,0.0,final_park,wall,0.9681,9.477559
948,76.6384,37.3846,1,6.0,1.0,39,18720,39,136.7143,1.5469,138.2612,0.5571,1.7949,0.1538,0,0,0,0.0000,0.0,0.0000,0,0.7692,0.2308,0.8205,30,32,39,0.3094,0.3094,2.3977,0.1795,0.2857,0.5714,0.1429,0.7143,0,0,1.0,10,10,0.5573,0.1,0.1282,0.7179,0.0256,0.2564,0.0,0.0,1.0,0.0,0.0,0.0,0.9557,0.0,completed,,0.9679,8.310692
949,60.7897,29.6535,1,6.0,1.0,52,24960,52,142.2857,2.0915,144.3772,0.7429,1.3462,0.1154,1,0,1,0.0192,0.0,0.0192,0,0.7308,0.2692,0.8462,38,44,52,0.4183,0.4183,3.2418,0.1538,0.375,0.375,0.25,0.625,0,0,0.6111,18,11,0.5902,0.1,0.1923,0.75,0.1154,0.3462,0.0,0.0,0.6111,0.0,0.0,0.0,1.0822,0.0,completed,,0.9676,9.100133
950,78.5482,38.3162,1,6.0,1.0,39,18720,39,136.7143,1.3107,138.025,0.5571,1.7949,0.1538,1,0,1,0.0256,0.0,0.0256,0,0.7692,0.2308,0.8462,30,33,39,0.2621,0.2621,2.0316,0.1538,0.3333,0.1667,0.5,0.6667,0,0,0.875,8,7,0.5605,0.1,0.0769,0.8718,0.0769,0.2051,0.0,0.0,0.875,0.0,0.0,0.0,1.0114,0.0,completed,,0.9673,10.296081
951,3.4806,1.6978,0,2.0,0.3333,17,8160,70,150.0,0.0,150.0,1.0,1.3725,0.1176,0,0,0,0.0000,0.0,0.0000,0,0.8824,0.1176,0.8824,15,15,17,0.0,0.0,0.0,0.1176,0.0,0.5,0.5,1.0,0,0,0.6364,11,7,0.5555,0.1,0.0588,0.7059,0.0588,0.6471,0.0,0.0,0.6364,0.0,0.0,0.0,0.6931,0.0,inner_patrol,obstacle,0.9671,10.551971
952,-1.9788,-0.9653,0,2.0,0.3333,20,9600,70,150.0,0.6254,150.6254,1.0,1.1667,0.1,1,0,1,0.0500,0.0,0.0500,0,0.75,0.25,0.85,15,17,20,0.3127,0.3127,0.9693,0.15,0.3333,0.3333,0.3333,0.6667,0,0,0.8571,7,6,0.5772,0.1,0.1,0.55,0.1,0.35,0.0,0.0,0.8571,0.0,0.0,0.0,1.0986,0.0,inner_patrol,obstacle,0.9668,10.428922
953,70.9799,34.6244,1,6.0,1.0,42,20160,42,138.0,2.3827,140.3827,0.6,1.6667,0.1429,0,0,0,0.0000,0.0,0.0000,0,0.7381,0.2619,0.8333,31,35,42,0.4765,0.4765,3.6932,0.1667,0.4286,0.5714,0.0,0.5714,0,0,1.0,11,11,0.5685,0.1,0.1429,0.7619,0.0714,0.2619,0.0,0.0,1.0,0.0,0.0,0.0,0.6829,0.0,completed,,0.9665,6.957069
954,41.0269,20.0131,0,5.0,0.8333,38,18240,70,150.0,0.0,150.0,1.0,1.5351,0.1316,1,0,1,0.0263,0.0,0.0263,0,0.7895,0.2105,0.8684,30,33,38,0.0,0.0,0.0,0.1316,0.0,0.6,0.4,1.0,0,0,0.7,10,7,0.5484,0.1,0.0526,0.7105,0.0263,0.2632,0.0,0.0,0.7,0.0,0.0,0.0,0.673,0.0,final_park,wall,0.9663,7.027582
955,79.9991,39.024,1,6.0,1.0,40,19200,40,137.1429,0.8439,137.9868,0.5714,1.75,0.15,1,0,1,0.0250,0.0,0.0250,0,0.8,0.2,0.85,32,34,40,0.1688,0.1688,1.3081,0.15,0.1667,0.3333,0.5,0.8333,0,0,0.75,12,9,0.5606,0.1,0.1,0.8,0.05,0.3,0.0,0.0,0.75,0.0,0.0,0.0,1.0114,0.0,completed,,0.966,8.652718
956,15.7113,7.6641,0,3.0,0.5,23,11040,70,150.0,0.0,150.0,1.0,1.5217,0.1304,1,0,1,0.0435,0.0,0.0435,0,0.8696,0.1304,0.8696,20,20,23,0.0,0.0,0.0,0.1304,0.0,0.6667,0.3333,1.0,0,0,0.7,10,7,0.5632,0.1,0.087,0.8261,0.0435,0.4348,0.0,0.0,0.7,0.0,0.0,0.0,0.6365,0.0,return_outer,obstacle,0.9657,10.086822
957,79.6464,38.8519,1,6.0,1.0,39,18720,39,136.7143,0.7363,137.4505,0.5571,1.7949,0.1538,1,0,1,0.0256,0.0,0.0256,0,0.7949,0.2051,0.8462,31,33,39,0.1473,0.1473,1.1412,0.1538,0.1667,0.5,0.3333,0.8333,0,0,0.8462,13,11,0.5558,0.1,0.1026,0.8462,0.0513,0.3333,0.0,0.0,0.8462,0.0,0.0,0.0,1.0114,0.0,completed,,0.9654,9.525651
958,32.3865,15.7983,0,5.0,0.8333,43,20640,70,150.0,0.7283,150.7283,1.0,1.3566,0.1163,1,0,1,0.0233,0.0,0.0233,0,0.7674,0.2326,0.8837,33,38,43,0.1457,0.1457,1.1288,0.1163,0.2,0.6,0.2,0.8,0,0,0.5714,7,4,0.5505,0.1,0.0698,0.6512,0.0233,0.1628,0.0,0.0,0.5714,0.0,0.0,0.0,0.9503,0.0,final_park,wall,0.9652,10.016016
959,20.7587,10.1262,0,4.0,0.6667,28,13440,70,150.0,0.0,150.0,1.0,1.6667,0.1429,1,0,1,0.0357,0.0,0.0357,0,0.6429,0.3571,0.8214,18,23,28,0.0,0.0,0.0,0.1786,0.0,0.4,0.6,1.0,0,0,0.7,10,7,0.5731,0.1,0.1071,0.8214,0.0714,0.3571,0.0,0.0,0.7,0.0,0.0,0.0,0.673,0.0,outer_patrol_b,road_edge,0.9649,9.980678
960,7.5157,3.6662,0,2.0,0.3333,14,6720,70,150.0,0.0,150.0,1.0,1.6667,0.1429,0,0,0,0.0000,0.0,0.0000,0,0.8571,0.1429,0.8571,12,12,14,0.0,0.0,0.0,0.1429,0.0,0.5,0.5,1.0,0,0,0.8,5,4,0.5135,0.1,0.0,0.7143,0.0,0.3571,0.0,0.0,0.8,0.0,0.0,0.0,0.6931,0.0,inner_patrol,obstacle,0.9646,10.299931
961,-7.5035,-3.6603,0,1.0,0.1667,17,8160,70,150.0,0.0,150.0,1.0,0.6863,0.0588,1,0,1,0.0588,0.0,0.0588,0,0.7647,0.2353,0.9412,13,16,17,0.0,0.0,0.0,0.0588,0.0,0.0,1.0,1.0,0,0,0.6667,6,4,0.5244,0.1,0.0588,0.7647,0.0,0.3529,0.0,0.0,0.6667,0.0,0.0,0.0,-0.0,0.0,enter_inner,obstacle,0.9644,11.14676
962,85.1686,41.5456,1,6.0,1.0,37,17760,37,135.8571,0.0,135.8571,0.5286,1.8919,0.1622,1,0,1,0.0270,0.0,0.0270,0,0.7838,0.2162,0.8649,29,32,37,0.0,0.0,0.0,0.1351,0.0,0.4,0.6,1.0,0,0,0.8571,14,12,0.5482,0.1,0.0541,0.8108,0.0,0.3784,0.0,0.0,0.8571,0.0,0.0,0.0,0.673,0.0,completed,,0.9641,9.583973
963,-3.298,-1.6088,0,0.0,0.0,12,5760,70,150.0,0.0,150.0,1.0,0.0,0.0,1,0,1,0.0833,0.0,0.0833,0,1.0,0.0,1.0,12,12,12,0.0,0.0,0.0,0.0,0.0,0.0,0.0,0.0,0,0,1.0,2,2,0.4832,0.1,0.0,0.8333,0.0,0.1667,0.0,0.0,1.0,0.0,0.0,0.0,0.0,0.0,outer_patrol_a,road_edge,0.9638,8.483377
964,32.9518,16.0741,0,5.0,0.8333,43,20640,70,150.0,1.518,151.518,1.0,1.3566,0.1163,0,0,0,0.0000,0.0,0.0000,0,0.7442,0.2558,0.8372,32,36,43,0.3036,0.3036,2.3529,0.1628,0.2857,0.4286,0.2857,0.7143,0,0,0.625,8,5,0.5448,0.1,0.1163,0.7674,0.0233,0.186,0.0,0.0,0.625,0.0,0.0,0.0,1.079,0.0,final_park,wall,0.9636,6.816217
965,12.4906,6.093,0,3.0,0.5,24,11520,70,150.0,0.7704,150.7704,1.0,1.4583,0.125,1,0,1,0.0417,0.0,0.0417,0,0.75,0.25,0.8333,18,20,24,0.2568,0.2568,1.1942,0.1667,0.25,0.5,0.25,0.75,0,0,0.75,4,3,0.5484,0.1,0.0833,0.75,0.0417,0.1667,0.0,0.0,0.75,0.0,0.0,0.0,1.0397,0.0,return_outer,obstacle,0.9633,7.09716
966,77.1956,37.6564,1,6.0,1.0,42,20160,42,138.0,0.0,138.0,0.6,1.6667,0.1429,0,0,0,0.0000,0.0,0.0000,0,0.7381,0.2619,0.881,31,37,42,0.0,0.0,0.0,0.119,0.0,0.8,0.2,1.0,0,0,0.6923,13,9,0.5436,0.1,0.0714,0.7381,0.0238,0.3095,0.0,0.0,0.6923,0.0,0.0,0.0,0.5004,0.0,completed,,0.963,7.652406
967,73.4609,35.8346,1,6.0,1.0,42,20160,42,138.0,2.0298,140.0298,0.6,1.6667,0.1429,0,0,0,0.0000,0.0,0.0000,0,0.7381,0.2619,0.8333,31,35,42,0.406,0.406,3.1462,0.1667,0.4286,0.2857,0.2857,0.5714,0,0,1.0,14,14,0.5619,0.1,0.0952,0.9048,0.0476,0.3333,0.0,0.0,1.0,0.0,0.0,0.0,1.079,0.0,completed,,0.9627,7.873861
968,73.283,35.7478,1,6.0,1.0,42,20160,42,138.0,2.1441,140.1441,0.6,1.6667,0.1429,0,0,0,0.0000,0.0,0.0000,0,0.8095,0.1905,0.8333,34,35,42,0.4288,0.4288,3.3234,0.1667,0.4286,0.4286,0.1429,0.5714,0,0,0.9091,11,10,0.5672,0.1,0.1429,0.8333,0.0476,0.2619,0.0,0.0,0.9091,0.0,0.0,0.0,1.0042,0.0,completed,,0.9625,7.62486
969,6.4455,3.1442,0,2.0,0.3333,15,7200,70,150.0,0.0,150.0,1.0,1.5556,0.1333,1,0,1,0.0667,0.0,0.0667,0,0.8667,0.1333,0.8667,13,13,15,0.0,0.0,0.0,0.1333,0.0,0.5,0.5,1.0,0,0,0.8,5,4,0.5311,0.1,0.0667,0.6667,0.0,0.3333,0.0,0.0,0.8,0.0,0.0,0.0,0.6931,0.0,inner_patrol,obstacle,0.9622,7.344733
970,14.0681,6.8625,0,3.0,0.5,24,11520,70,150.0,0.7094,150.7094,1.0,1.4583,0.125,1,0,1,0.0417,0.0,0.0417,0,0.7917,0.2083,0.8333,19,20,24,0.2365,0.2365,1.0996,0.1667,0.25,0.25,0.5,0.75,0,0,0.6667,9,6,0.5682,0.1,0.0833,0.9167,0.0417,0.375,0.0,0.0,0.6667,0.0,0.0,0.0,1.0397,0.0,return_outer,obstacle,0.9619,6.178601
971,37.5554,18.3197,0,5.0,0.8333,41,19680,70,150.0,1.4261,151.4261,1.0,1.4228,0.122,1,0,1,0.0244,0.0,0.0244,0,0.7805,0.2195,0.8049,32,33,41,0.2852,0.2852,2.2105,0.1951,0.25,0.125,0.625,0.75,0,0,0.6,15,9,0.5614,0.1,0.1707,0.878,0.0244,0.3659,0.0,0.0,0.6,0.0,0.0,0.0,0.9003,0.0,final_park,wall,0.9617,7.363212
972,64.6406,31.532,1,6.0,1.0,49,23520,49,141.0,1.9374,142.9374,0.7,1.4286,0.1224,0,0,0,0.0000,0.0,0.0000,0,0.6531,0.3469,0.8367,32,41,49,0.3875,0.3875,3.003,0.1429,0.4286,0.0,0.5714,0.5714,0,0,0.75,16,12,0.5653,0.1,0.1224,0.7551,0.0612,0.3265,0.0,0.0,0.75,0.0,0.0,0.0,0.6829,0.0,completed,,0.9614,9.881972
973,2.2904,1.1173,0,2.0,0.3333,18,8640,70,150.0,0.0,150.0,1.0,1.2963,0.1111,0,0,0,0.0000,0.0,0.0000,0,0.7222,0.2778,0.8889,13,16,18,0.0,0.0,0.0,0.1111,0.0,0.5,0.5,1.0,0,0,0.6667,6,4,0.5274,0.1,0.0556,0.7778,0.0556,0.3333,0.0,0.0,0.6667,0.0,0.0,0.0,0.6931,0.0,inner_patrol,obstacle,0.9611,10.536833
974,72.7531,35.4893,1,6.0,1.0,42,20160,42,138.0,2.1838,140.1838,0.6,1.6667,0.1429,0,0,0,0.0000,0.0,0.0000,0,0.7619,0.2381,0.8571,32,36,42,0.4368,0.4368,3.3849,0.1429,0.5,0.5,0.0,0.5,0,0,0.7,10,7,0.5429,0.1,0.0952,0.7381,0.0238,0.2381,0.0,0.0,0.7,0.0,0.0,0.0,0.6931,0.0,completed,,0.9609,10.292708
975,76.04,37.0927,1,6.0,1.0,41,19680,41,137.5714,1.6934,139.2649,0.5857,1.7073,0.1463,1,0,1,0.0244,0.0,0.0244,0,0.7317,0.2683,0.8293,30,34,41,0.3387,0.3387,2.6248,0.1707,0.2857,0.2857,0.4286,0.7143,0,0,0.9,10,9,0.5472,0.1,0.0732,0.7317,0.0,0.2439,0.0,0.0,0.9,0.0,0.0,0.0,1.079,0.0,completed,,0.9606,9.19359
976,78.3443,38.2167,1,6.0,1.0,39,18720,39,136.7143,2.1436,138.8579,0.5571,1.7949,0.1538,0,0,0,0.0000,0.0,0.0000,0,0.7949,0.2051,0.8205,31,32,39,0.4287,0.4287,3.3226,0.1795,0.4286,0.1429,0.4286,0.5714,0,0,0.9231,13,12,0.5698,0.1,0.1538,0.9231,0.0513,0.3333,0.0,0.0,0.9231,0.0,0.0,0.0,1.0042,0.0,completed,,0.9603,10.189112
977,18.835,9.1878,0,4.0,0.6667,28,13440,70,150.0,1.6152,151.6152,1.0,1.6667,0.1429,1,0,1,0.0357,0.0,0.0357,0,0.8214,0.1786,0.8214,23,23,28,0.4038,0.4038,2.5036,0.1786,0.4,0.2,0.4,0.6,0,0,0.6,10,6,0.5758,0.1,0.1071,0.7857,0.0714,0.3571,0.0,0.0,0.6,0.0,0.0,0.0,1.0549,0.0,outer_patrol_b,road_edge,0.9601,10.180854
978,8.8376,4.311,0,4.0,0.6667,34,16320,70,150.0,3.8424,153.8424,1.0,1.3725,0.1176,1,0,1,0.0294,0.0,0.0294,0,0.6765,0.3235,0.7647,23,26,34,0.9606,0.9606,5.9558,0.2353,0.625,0.125,0.25,0.375,0,0,0.7647,17,13,0.5969,0.1,0.2647,0.8824,0.0882,0.5,0.0,0.0,0.7647,0.0,0.0,0.0,0.9003,0.0,outer_patrol_b,road_edge,0.9598,8.947598
979,82.9123,40.445,1,6.0,1.0,38,18240,38,136.2857,0.668,136.9538,0.5429,1.8421,0.1579,0,0,0,0.0000,0.0,0.0000,0,0.8421,0.1579,0.8684,32,33,38,0.1336,0.1336,1.0355,0.1316,0.2,0.6,0.2,0.8,0,0,0.8,10,8,0.5521,0.1,0.0789,0.8158,0.0,0.2632,0.0,0.0,0.8,0.0,0.0,0.0,0.9503,0.0,completed,,0.9595,7.676357
980,75.2363,36.7006,1,6.0,1.0,44,21120,44,138.8571,0.8357,139.6929,0.6286,1.5909,0.1364,1,0,1,0.0227,0.0,0.0227,0,0.7955,0.2045,0.8864,35,39,44,0.1671,0.1671,1.2954,0.1136,0.2,0.2,0.6,0.8,0,0,0.5833,12,7,0.5532,0.1,0.0455,0.75,0.0227,0.2727,0.0,0.0,0.5833,0.0,0.0,0.0,0.9503,0.0,completed,,0.9592,7.828554
981,68.8317,33.5764,1,6.0,1.0,47,22560,47,140.1429,2.7966,142.9395,0.6714,1.4894,0.1277,1,0,1,0.0213,0.0,0.0213,0,0.766,0.234,0.8298,36,39,47,0.5593,0.5593,4.3348,0.1702,0.5,0.125,0.375,0.5,0,0,0.5833,12,7,0.5642,0.1,0.1489,0.766,0.0426,0.2553,0.0,0.0,0.5833,0.0,0.0,0.0,0.9743,0.0,completed,,0.959,7.719461
982,5.6821,2.7717,0,3.0,0.5,27,12960,70,150.0,2.4784,152.4784,1.0,1.2963,0.1111,0,0,0,0.0000,0.0,0.0000,0,0.7778,0.2222,0.8148,21,22,27,0.8261,0.8261,3.8415,0.1852,0.6,0.4,0.0,0.4,0,0,0.8462,13,11,0.5875,0.1,0.1852,0.9259,0.0741,0.4815,0.0,0.0,0.8462,0.0,0.0,0.0,0.673,0.0,return_outer,obstacle,0.9587,8.090374
983,8.684,4.2361,0,2.0,0.3333,14,6720,70,150.0,0.0,150.0,1.0,1.6667,0.1429,0,0,0,0.0000,0.0,0.0000,0,0.8571,0.1429,0.8571,12,12,14,0.0,0.0,0.0,0.1429,0.0,0.0,1.0,1.0,0,0,1.0,4,4,0.5098,0.1,0.0,0.9286,0.0,0.2857,0.0,0.0,1.0,0.0,0.0,0.0,-0.0,0.0,inner_patrol,obstacle,0.9584,8.446703
984,5.2606,2.5661,0,2.0,0.3333,16,7680,70,150.0,0.0,150.0,1.0,1.4583,0.125,0,0,0,0.0000,0.0,0.0000,0,0.8125,0.1875,0.875,13,14,16,0.0,0.0,0.0,0.125,0.0,1.0,0.0,1.0,0,0,1.0,2,2,0.5139,0.1,0.0,0.6875,0.0,0.125,0.0,0.0,1.0,0.0,0.0,0.0,-0.0,0.0,inner_patrol,obstacle,0.9582,8.823641
985,-10.0,-10.2014,0,0.0,0.0,1,480,70,150.0,0.0,150.0,1.0,0.0,0.0,1,0,1,1.0000,0.0,1.0000,0,1.0,0.0,1.0,1,1,1,0.0,0.0,0.0,0.0,0.0,0.0,0.0,0.0,0,0,0.0,0,0,0.498,0.1,0.0,1.0,0.0,0.0,0.0,0.0,0.0,0.0,0.0,0.0,0.0,0.0,outer_patrol_a,road_edge,0.9579,8.823641
986,81.8009,39.9029,1,6.0,1.0,39,18720,39,136.7143,0.6437,137.358,0.5571,1.7949,0.1538,1,0,1,0.0256,0.0,0.0256,0,0.7692,0.2308,0.8718,30,34,39,0.1287,0.1287,0.9978,0.1282,0.2,0.0,0.8,0.8,0,0,0.8889,9,8,0.5457,0.1,0.0513,0.7179,0.0256,0.2308,0.0,0.0,0.8889,0.0,0.0,0.0,0.5004,0.0,completed,,0.9576,9.617413
987,15.7301,7.6732,0,3.0,0.5,23,11040,70,150.0,0.8882,150.8882,1.0,1.5217,0.1304,1,0,1,0.0435,0.0,0.0435,0,0.8696,0.1304,0.8696,20,20,23,0.2961,0.2961,1.3767,0.1304,0.3333,0.0,0.6667,0.6667,0,0,0.7143,7,5,0.575,0.1,0.087,0.8261,0.0435,0.3043,0.0,0.0,0.7143,0.0,0.0,0.0,0.6365,0.0,return_outer,obstacle,0.9574,9.337723
988,25.9199,12.6438,0,4.0,0.6667,26,12480,70,150.0,0.6487,150.6487,1.0,1.7949,0.1538,1,0,1,0.0385,0.0,0.0385,0,0.7308,0.2692,0.7692,19,20,26,0.1622,0.1622,1.0054,0.2308,0.1667,0.6667,0.1667,0.8333,0,0,0.9,10,9,0.568,0.1,0.1154,0.8462,0.0385,0.3846,0.0,0.0,0.9,0.0,0.0,0.0,0.8676,0.0,outer_patrol_b,road_edge,0.9571,8.828378
989,-1.5166,-0.7398,0,1.0,0.1667,13,6240,70,150.0,0.0,150.0,1.0,0.8974,0.0769,1,0,1,0.0769,0.0,0.0769,0,0.9231,0.0769,0.9231,12,12,13,0.0,0.0,0.0,0.0769,0.0,1.0,0.0,1.0,0,0,0.75,4,3,0.5405,0.1,0.0769,0.7692,0.0769,0.3077,0.0,0.0,0.75,0.0,0.0,0.0,-0.0,0.0,enter_inner,obstacle,0.9568,8.752162
990,13.7715,6.7178,0,3.0,0.5,27,12960,70,150.0,0.0,150.0,1.0,1.2963,0.1111,1,0,1,0.0370,0.0,0.0370,0,0.7407,0.2593,0.8519,20,23,27,0.0,0.0,0.0,0.1481,0.0,0.25,0.75,1.0,0,0,0.7333,15,11,0.6111,0.1,0.1852,0.8519,0.1481,0.5556,0.0,0.0,0.7333,0.0,0.0,0.0,0.5623,0.0,return_outer,obstacle,0.9565,7.879583
991,18.3539,8.9531,0,4.0,0.6667,31,14880,70,150.0,0.7011,150.7011,1.0,1.5054,0.129,0,0,0,0.0000,0.0,0.0000,0,0.7419,0.2581,0.8387,23,26,31,0.1753,0.1753,1.0867,0.1613,0.2,0.0,0.8,0.8,0,0,0.5333,15,8,0.6065,0.1,0.2903,0.871,0.0968,0.4839,0.0,0.0,0.5333,0.0,0.0,0.0,0.5004,0.0,outer_patrol_b,road_edge,0.9563,6.991299
992,-7.8972,-3.8523,0,1.0,0.1667,18,8640,70,150.0,0.0,150.0,1.0,0.6481,0.0556,1,0,1,0.0556,0.0,0.0556,0,0.8333,0.1667,0.9444,15,17,18,0.0,0.0,0.0,0.0556,0.0,1.0,0.0,1.0,0,0,0.4286,7,3,0.5351,0.1,0.0556,0.7222,0.0,0.3889,0.0,0.0,0.4286,0.0,0.0,0.0,-0.0,0.0,enter_inner,obstacle,0.956,7.566793
993,75.5104,36.8343,1,6.0,1.0,42,20160,42,138.0,2.0068,140.0068,0.6,1.6667,0.1429,1,0,1,0.0238,0.0,0.0238,0,0.7143,0.2857,0.8095,30,34,42,0.4014,0.4014,3.1106,0.1905,0.375,0.375,0.25,0.625,0,0,0.8333,12,10,0.5721,0.1,0.1429,0.7619,0.0714,0.2857,0.0,0.0,0.8333,0.0,0.0,0.0,1.0822,0.0,completed,,0.9557,6.948136
994,81.3914,39.7031,1,6.0,1.0,38,18240,38,136.2857,1.5973,137.883,0.5429,1.8421,0.1579,0,0,0,0.0000,0.0,0.0000,0,0.7895,0.2105,0.8421,30,32,38,0.3195,0.3195,2.4758,0.1579,0.3333,0.3333,0.3333,0.6667,0,0,1.0,10,10,0.546,0.1,0.0789,0.7895,0.0263,0.2632,0.0,0.0,1.0,0.0,0.0,0.0,1.0986,0.0,completed,,0.9555,7.796521
995,80.9178,39.4721,1,6.0,1.0,39,18720,39,136.7143,1.4651,138.1793,0.5571,1.7949,0.1538,1,0,1,0.0256,0.0,0.0256,0,0.8205,0.1795,0.8462,32,33,39,0.293,0.293,2.2708,0.1538,0.3333,0.5,0.1667,0.6667,0,0,0.9231,13,12,0.5538,0.1,0.1282,0.7179,0.0256,0.3333,0.0,0.0,0.9231,0.0,0.0,0.0,1.0114,0.0,completed,,0.9552,9.124945
996,76.9086,37.5164,1,6.0,1.0,42,20160,42,138.0,2.2693,140.2693,0.6,1.6667,0.1429,0,0,0,0.0000,0.0,0.0000,0,0.7143,0.2857,0.8095,30,34,42,0.4539,0.4539,3.5174,0.1905,0.375,0.0,0.625,0.625,0,0,0.8333,12,10,0.5727,0.1,0.0952,0.7619,0.0714,0.2857,0.0,0.0,0.8333,0.0,0.0,0.0,0.6616,0.0,completed,,0.9549,10.17749
997,16.7512,8.1713,0,3.0,0.5,23,11040,70,150.0,0.0,150.0,1.0,1.5217,0.1304,1,0,1,0.0435,0.0,0.0435,0,0.7391,0.2609,0.8696,17,20,23,0.0,0.0,0.0,0.1304,0.0,0.3333,0.6667,1.0,0,0,0.8,5,4,0.5617,0.1,0.087,0.6957,0.087,0.2174,0.0,0.0,0.8,0.0,0.0,0.0,0.6365,0.0,return_outer,obstacle,0.9547,10.3408
998,69.7835,34.0407,1,6.0,1.0,46,22080,46,139.7143,2.7457,142.46,0.6571,1.5217,0.1304,1,0,1,0.0217,0.0,0.0217,0,0.7826,0.2174,0.8478,36,39,46,0.5491,0.5491,4.2559,0.1522,0.5714,0.1429,0.2857,0.4286,0,0,0.5833,12,7,0.5717,0.1,0.1304,0.7826,0.0652,0.2609,0.0,0.0,0.5833,0.0,0.0,0.0,0.9557,0.0,completed,,0.9544,9.91921
999,82.3096,40.151,1,6.0,1.0,40,19200,40,137.1429,0.0,137.1429,0.5714,1.75,0.15,1,0,1,0.0250,0.0,0.0250,0,0.75,0.25,0.875,30,35,40,0.0,0.0,0.0,0.125,0.0,0.6,0.4,1.0,0,0,0.9,10,9,0.5372,0.1,0.05,0.8,0.0,0.25,0.0,0.0,0.9,0.0,0.0,0.0,0.673,0.0,completed,,0.9541,8.431342
1000,70.2406,34.2637,1,6.0,1.0,45,21600,45,139.2857,3.0847,142.3704,0.6429,1.5556,0.1333,1,0,1,0.0222,0.0,0.0222,0,0.7778,0.2222,0.8444,35,38,45,0.6169,0.6169,4.7812,0.1556,0.5714,0.2857,0.1429,0.4286,0,0,0.6667,12,8,0.5717,0.1,0.1111,0.8,0.0222,0.2667,0.0,0.0,0.6667,0.0,0.0,0.0,0.9557,0.0,completed,,0.9539,8.909688
1001,73.9663,36.0811,1,6.0,1.0,41,19680,41,137.5714,3.4293,141.0008,0.5857,1.7073,0.1463,1,0,1,0.0244,0.0,0.0244,0,0.7805,0.2195,0.8049,32,33,41,0.6859,0.6859,5.3155,0.1951,0.5,0.375,0.125,0.5,0,0,0.8462,13,11,0.5773,0.1,0.122,0.6829,0.0732,0.3171,0.0,0.0,0.8462,0.0,0.0,0.0,0.9743,0.0,completed,,0.9536,7.712009
1002,78.7583,38.4187,1,6.0,1.0,41,19680,41,137.5714,1.3731,138.9445,0.5857,1.7073,0.1463,1,0,1,0.0244,0.0,0.0244,0,0.8049,0.1951,0.8293,33,34,41,0.2746,0.2746,2.1282,0.1707,0.2857,0.5714,0.1429,0.7143,0,0,0.7368,19,14,0.5873,0.1,0.1463,0.8293,0.0732,0.4634,0.0,0.0,0.7368,0.0,0.0,0.0,0.9557,0.0,completed,,0.9533,8.272971
1003,1.6929,0.8258,0,2.0,0.3333,19,9120,70,150.0,0.0,150.0,1.0,1.2281,0.1053,1,0,1,0.0526,0.0,0.0526,0,0.6316,0.3684,0.8947,12,17,19,0.0,0.0,0.0,0.1053,0.0,0.0,1.0,1.0,0,0,0.3333,3,1,0.5164,0.1,0.0526,0.6842,0.0,0.1579,0.0,0.0,0.3333,0.0,0.0,0.0,-0.0,0.0,inner_patrol,obstacle,0.953,7.878293
1004,-9.1022,-4.4401,0,1.0,0.1667,19,9120,70,150.0,0.0,150.0,1.0,0.614,0.0526,1,0,1,0.0526,0.0,0.0526,0,0.7368,0.2632,0.9474,14,18,19,0.0,0.0,0.0,0.0526,0.0,1.0,0.0,1.0,0,0,0.6,5,3,0.5282,0.1,0.0526,0.6842,0.0526,0.2632,0.0,0.0,0.6,0.0,0.0,0.0,-0.0,0.0,enter_inner,obstacle,0.9528,10.474826
1005,-10.0,-8.4132,0,0.0,0.0,5,2400,70,150.0,0.0,150.0,1.0,0.0,0.0,1,0,1,0.2000,0.0,0.2000,0,0.8,0.2,1.0,4,5,5,0.0,0.0,0.0,0.0,0.0,0.0,0.0,0.0,0,0,0.5,2,1,0.5173,0.1,0.0,0.6,0.0,0.4,0.0,0.0,0.5,0.0,0.0,0.0,0.0,0.0,outer_patrol_a,road_edge,0.9525,10.87181
1006,-10.0,-8.4095,0,0.0,0.0,5,2400,70,150.0,0.0,150.0,1.0,0.0,0.0,0,0,0,0.0000,0.0,0.0000,0,0.8,0.2,1.0,4,5,5,0.0,0.0,0.0,0.0,0.0,0.0,0.0,0.0,0,0,0.5,2,1,0.5348,0.1,0.0,0.4,0.0,0.4,0.0,0.0,0.5,0.0,0.0,0.0,0.0,0.0,outer_patrol_a,road_edge,0.9522,10.44797
1007,17.7931,8.6796,0,3.0,0.5,23,11040,70,150.0,0.0,150.0,1.0,1.5217,0.1304,1,0,1,0.0435,0.0,0.0435,0,0.8261,0.1739,0.8696,19,20,23,0.0,0.0,0.0,0.1304,0.0,0.6667,0.3333,1.0,0,0,0.6,5,3,0.5583,0.1,0.087,0.6087,0.0435,0.2174,0.0,0.0,0.6,0.0,0.0,0.0,0.6365,0.0,return_outer,obstacle,0.952,10.523648
1008,-6.5906,-3.2149,0,1.0,0.1667,17,8160,70,150.0,0.0,150.0,1.0,0.6863,0.0588,1,0,1,0.0588,0.0,0.0588,0,0.7059,0.2941,0.9412,12,16,17,0.0,0.0,0.0,0.0588,0.0,1.0,0.0,1.0,0,0,0.8,5,4,0.5353,0.1,0.0588,0.5882,0.0588,0.2941,0.0,0.0,0.8,0.0,0.0,0.0,-0.0,0.0,enter_inner,obstacle,0.9517,10.255157
1009,5.3885,2.6285,0,3.0,0.5,30,14400,70,150.0,2.1029,152.1029,1.0,1.1667,0.1,1,0,1,0.0333,0.0,0.0333,0,0.7,0.3,0.8,21,24,30,0.701,0.701,3.2595,0.2,0.5,0.1667,0.3333,0.5,0,0,0.4,10,4,0.6127,0.1,0.2,0.8,0.1333,0.3333,0.0,0.0,0.4,0.0,0.0,0.0,1.0114,0.0,return_outer,obstacle,0.9514,9.858391
1010,-3.4929,-1.7038,0,1.0,0.1667,15,7200,70,150.0,0.0,150.0,1.0,0.7778,0.0667,0,0,0,0.0000,0.0,0.0000,0,0.9333,0.0667,0.9333,14,14,15,0.0,0.0,0.0,0.0667,0.0,1.0,0.0,1.0,0,0,0.5,6,3,0.5216,0.1,0.0667,0.6667,0.0,0.4,0.0,0.0,0.5,0.0,0.0,0.0,-0.0,0.0,enter_inner,obstacle,0.9512,8.031026
1011,-10.0,-10.1822,0,0.0,0.0,1,480,70,150.0,0.0,150.0,1.0,0.0,0.0,1,0,1,1.0000,0.0,1.0000,0,1.0,0.0,1.0,1,1,1,0.0,0.0,0.0,0.0,0.0,0.0,0.0,0.0,0,0,0.0,0,0,0.5441,0.1,0.0,0.0,0.0,0.0,0.0,0.0,0.0,0.0,0.0,0.0,0.0,0.0,outer_patrol_a,road_edge,0.9509,8.031026
1012,-3.4472,-1.6816,0,1.0,0.1667,15,7200,70,150.0,0.0,150.0,1.0,0.7778,0.0667,1,0,1,0.0667,0.0,0.0667,0,0.9333,0.0667,0.9333,14,14,15,0.0,0.0,0.0,0.0667,0.0,1.0,0.0,1.0,0,0,0.75,4,3,0.5119,0.1,0.0,0.6667,0.0,0.2667,0.0,0.0,0.75,0.0,0.0,0.0,-0.0,0.0,enter_inner,obstacle,0.9506,7.603543
1013,83.4495,40.707,1,6.0,1.0,39,18720,39,136.7143,0.8399,137.5542,0.5571,1.7949,0.1538,0,0,0,0.0000,0.0,0.0000,0,0.7949,0.2051,0.8718,31,34,39,0.168,0.168,1.3019,0.1538,0.1667,0.3333,0.5,0.8333,0,0,0.7143,14,10,0.5571,0.1,0.1026,0.8462,0.0256,0.359,0.0,0.0,0.7143,0.0,0.0,0.0,1.0114,0.0,completed,,0.9503,7.874151
1014,-10.0,-6.9798,0,0.0,0.0,5,2400,70,150.0,0.0,150.0,1.0,0.0,0.0,0,0,0,0.0000,0.0,0.0000,0,0.8,0.2,1.0,4,5,5,0.0,0.0,0.0,0.0,0.0,0.0,0.0,0.0,0,0,0.6667,3,2,0.5424,0.1,0.0,0.8,0.0,0.6,0.0,0.0,0.6667,0.0,0.0,0.0,0.0,0.0,outer_patrol_a,road_edge,0.9501,7.815854
1015,69.9502,34.122,1,6.0,1.0,46,22080,46,139.7143,2.9048,142.6191,0.6571,1.5217,0.1304,1,0,1,0.0217,0.0,0.0217,0,0.7174,0.2826,0.8043,33,37,46,0.581,0.581,4.5025,0.1957,0.4444,0.2222,0.3333,0.5556,0,0,0.8235,17,14,0.5712,0.1,0.1304,0.8043,0.0435,0.3696,0.0,0.0,0.8235,0.0,0.0,0.0,1.0609,0.0,completed,,0.9498,6.648709
1016,42.5486,20.7554,0,5.0,0.8333,39,18720,70,150.0,0.6674,150.6674,1.0,1.4957,0.1282,1,0,1,0.0256,0.0,0.0256,0,0.7949,0.2051,0.8462,31,33,39,0.1335,0.1335,1.0345,0.1538,0.1667,0.3333,0.5,0.8333,0,0,0.7143,7,5,0.5476,0.1,0.0513,0.7692,0.0513,0.1795,0.0,0.0,0.7143,0.0,0.0,0.0,1.0114,0.0,final_park,wall,0.9495,7.231467
1017,-4.5172,-2.2035,0,1.0,0.1667,16,7680,70,150.0,0.0,150.0,1.0,0.7292,0.0625,0,0,0,0.0000,0.0,0.0000,0,0.9375,0.0625,0.9375,15,15,16,0.0,0.0,0.0,0.0625,0.0,1.0,0.0,1.0,0,0,0.2,5,1,0.5457,0.1,0.0625,0.5,0.0625,0.3125,0.0,0.0,0.2,0.0,0.0,0.0,-0.0,0.0,enter_inner,obstacle,0.9493,7.363593
1018,11.8277,5.7696,0,2.0,0.3333,23,11040,70,150.0,0.0,150.0,1.0,1.0145,0.087,0,0,0,0.0000,0.0,0.0000,0,0.8261,0.1739,0.913,19,21,23,0.0,0.0,0.0,0.087,0.0,1.0,0.0,1.0,0,0,0.6667,9,6,0.5489,0.1,0.0435,0.8696,0.0,0.3913,0.0,0.0,0.6667,0.0,0.0,0.0,-0.0,0.0,inner_patrol,obstacle,0.949,8.221371
1019,77.3175,37.7158,1,6.0,1.0,42,20160,42,138.0,2.1616,140.1616,0.6,1.6667,0.1429,1,0,1,0.0238,0.0,0.0238,0,0.7857,0.2143,0.8333,33,35,42,0.4323,0.4323,3.3505,0.1667,0.4286,0.2857,0.2857,0.5714,0,0,0.7778,18,14,0.579,0.1,0.0952,0.881,0.0714,0.4286,0.0,0.0,0.7778,0.0,0.0,0.0,1.079,0.0,completed,,0.9487,9.676127
1020,8.7806,4.2832,0,2.0,0.3333,14,6720,70,150.0,0.0,150.0,1.0,1.6667,0.1429,1,0,1,0.0714,0.0,0.0714,0,0.8571,0.1429,0.8571,12,12,14,0.0,0.0,0.0,0.1429,0.0,0.5,0.5,1.0,0,0,1.0,3,3,0.5041,0.1,0.0714,0.7143,0.0,0.2143,0.0,0.0,1.0,0.0,0.0,0.0,0.6931,0.0,inner_patrol,obstacle,0.9485,10.035057
1021,80.7652,39.3977,1,6.0,1.0,38,18240,38,136.2857,2.8531,139.1388,0.5429,1.8421,0.1579,0,0,0,0.0000,0.0,0.0000,0,0.8421,0.1579,0.8421,32,32,38,0.5706,0.5706,4.4222,0.1579,0.6667,0.1667,0.1667,0.3333,0,0,1.0,11,11,0.5599,0.1,0.0789,0.7632,0.0526,0.2895,0.0,0.0,1.0,0.0,0.0,0.0,0.8676,0.0,completed,,0.9482,9.544209
1022,79.3215,38.6934,1,6.0,1.0,41,19680,41,137.5714,1.7334,139.3049,0.5857,1.7073,0.1463,0,0,0,0.0000,0.0,0.0000,0,0.7805,0.2195,0.8537,32,35,41,0.3467,0.3467,2.6868,0.1463,0.3333,0.1667,0.5,0.6667,0,0,0.9,10,9,0.546,0.1,0.0732,0.7317,0.0244,0.2439,0.0,0.0,0.9,0.0,0.0,0.0,1.0114,0.0,completed,,0.9479,8.657461
1023,85.888,41.8966,1,6.0,1.0,38,18240,38,136.2857,0.0,136.2857,0.5429,1.8421,0.1579,0,0,0,0.0000,0.0,0.0000,0,0.8158,0.1842,0.8684,31,33,38,0.0,0.0,0.0,0.1316,0.0,0.6,0.4,1.0,0,0,0.6,5,3,0.5296,0.1,0.0263,0.7632,0.0263,0.1316,0.0,0.0,0.6,0.0,0.0,0.0,0.673,0.0,completed,,0.9477,10.868852
1024,33.3967,16.2911,0,5.0,0.8333,42,20160,70,150.0,3.3302,153.3302,1.0,1.3889,0.119,1,0,1,0.0238,0.0,0.0238,0,0.7381,0.2619,0.7857,31,33,42,0.666,0.666,5.1618,0.2143,0.4444,0.2222,0.3333,0.5556,0,0,0.7273,11,8,0.5671,0.1,0.119,0.8095,0.0476,0.2619,0.0,0.0,0.7273,0.0,0.0,0.0,1.0609,0.0,final_park,wall,0.9474,9.258642
1025,-3.3709,-1.6443,0,2.0,0.3333,22,10560,70,150.0,0.823,150.823,1.0,1.0606,0.0909,1,0,1,0.0455,0.0,0.0455,0,0.6364,0.3636,0.9091,14,20,22,0.4115,0.4115,1.2757,0.0909,0.5,0.5,0.0,0.5,0,0,0.7143,7,5,0.5245,0.1,0.0455,0.9091,0.0455,0.3182,0.0,0.0,0.7143,0.0,0.0,0.0,0.6931,0.0,inner_patrol,obstacle,0.9471,8.978141
1026,-6.4623,-3.1524,0,1.0,0.1667,16,7680,70,150.0,0.8814,150.8814,1.0,0.7292,0.0625,0,0,0,0.0000,0.0,0.0000,0,0.8125,0.1875,0.875,13,14,16,0.8814,0.8814,1.3662,0.125,0.5,0.0,0.5,0.5,0,0,0.6,5,3,0.5378,0.1,0.125,0.9375,0.0625,0.3125,0.0,0.0,0.6,0.0,0.0,0.0,0.6931,0.0,enter_inner,obstacle,0.9468,8.214305
1027,85.5084,41.7114,1,6.0,1.0,37,17760,37,135.8571,1.4599,137.317,0.5286,1.8919,0.1622,1,0,1,0.0270,0.0,0.0270,0,0.7838,0.2162,0.8108,29,30,37,0.292,0.292,2.2628,0.1892,0.2857,0.2857,0.4286,0.7143,0,0,1.0,10,10,0.5641,0.1,0.0811,0.7568,0.0541,0.2703,0.0,0.0,1.0,0.0,0.0,0.0,1.079,0.0,completed,,0.9466,7.048243
1028,35.4666,17.3008,0,5.0,0.8333,44,21120,70,150.0,2.0506,152.0506,1.0,1.3258,0.1136,0,0,0,0.0000,0.0,0.0000,0,0.7955,0.2045,0.8409,35,37,44,0.4101,0.4101,3.1784,0.1591,0.4286,0.1429,0.4286,0.5714,0,0,0.6875,16,11,0.5591,0.1,0.1591,0.75,0.0227,0.3636,0.0,0.0,0.6875,0.0,0.0,0.0,1.0042,0.0,final_park,wall,0.9463,7.545321
1029,-7.6749,-3.7439,0,1.0,0.1667,17,8160,70,150.0,0.8289,150.8289,1.0,0.6863,0.0588,1,0,1,0.0588,0.0,0.0588,0,0.7647,0.2353,0.8824,13,15,17,0.8289,0.8289,1.2847,0.1176,0.5,0.5,0.0,0.5,0,0,0.5,2,1,0.5123,0.1,0.0588,0.7059,0.0,0.1176,0.0,0.0,0.5,0.0,0.0,0.0,0.6931,0.0,enter_inner,obstacle,0.946,7.302421
1030,-4.8016,-2.3422,0,1.0,0.1667,15,7200,70,150.0,0.7689,150.7689,1.0,0.7778,0.0667,0,0,0,0.0000,0.0,0.0000,0,0.8667,0.1333,0.8667,13,13,15,0.7689,0.7689,1.1919,0.1333,0.5,0.5,0.0,0.5,0,0,0.6667,3,2,0.5399,0.1,0.0667,0.6,0.0667,0.2,0.0,0.0,0.6667,0.0,0.0,0.0,0.6931,0.0,enter_inner,obstacle,0.9458,7.127073
1031,14.353,7.0015,0,3.0,0.5,27,12960,70,150.0,0.0,150.0,1.0,1.2963,0.1111,0,0,0,0.0000,0.0,0.0000,0,0.8148,0.1852,0.8519,22,23,27,0.0,0.0,0.0,0.1481,0.0,0.5,0.5,1.0,0,0,0.4,10,4,0.582,0.1,0.1852,0.8889,0.0741,0.3704,0.0,0.0,0.4,0.0,0.0,0.0,0.6931,0.0,return_outer,obstacle,0.9455,9.166244
1032,-10.0,-6.8327,0,0.0,0.0,5,2400,70,150.0,0.0,150.0,1.0,0.0,0.0,1,0,1,0.2000,0.0,0.2000,0,1.0,0.0,1.0,5,5,5,0.0,0.0,0.0,0.0,0.0,0.0,0.0,0.0,0,0,0.0,0,0,0.4634,0.1,0.0,0.6,0.0,0.0,0.0,0.0,0.0,0.0,0.0,0.0,0.0,0.0,outer_patrol_a,road_edge,0.9452,9.397986
1033,75.8379,36.9941,1,6.0,1.0,43,20640,43,138.4286,2.2627,140.6913,0.6143,1.6279,0.1395,1,0,1,0.0233,0.0,0.0233,0,0.7674,0.2326,0.8372,33,36,43,0.4525,0.4525,3.5072,0.1628,0.4286,0.2857,0.2857,0.5714,0,0,0.8235,17,14,0.5687,0.1,0.1395,0.6977,0.0233,0.3953,0.0,0.0,0.8235,0.0,0.0,0.0,1.079,0.0,completed,,0.945,9.832611
1034,-3.5723,-1.7426,0,1.0,0.1667,16,7680,70,150.0,0.0,150.0,1.0,0.7292,0.0625,0,0,0,0.0000,0.0,0.0000,0,0.75,0.25,0.875,12,14,16,0.0,0.0,0.0,0.125,0.0,0.5,0.5,1.0,0,0,0.3333,3,1,0.5235,0.1,0.125,0.75,0.0625,0.1875,0.0,0.0,0.3333,0.0,0.0,0.0,0.6931,0.0,enter_inner,obstacle,0.9447,9.395618
1035,12.3964,6.047,0,2.0,0.3333,20,9600,70,150.0,0.7311,150.7311,1.0,1.1667,0.1,1,0,1,0.0500,0.0,0.0500,0,0.8,0.2,0.85,16,17,20,0.3655,0.3655,1.1332,0.15,0.3333,0.3333,0.3333,0.6667,0,0,1.0,4,4,0.545,0.1,0.1,0.75,0.05,0.2,0.0,0.0,1.0,0.0,0.0,0.0,1.0986,0.0,inner_patrol,obstacle,0.9444,8.725241
1036,77.9405,38.0198,1,6.0,1.0,44,21120,44,138.8571,1.3047,140.1619,0.6286,1.5909,0.1364,0,0,0,0.0000,0.0,0.0000,0,0.7955,0.2045,0.8409,35,37,44,0.2609,0.2609,2.0223,0.1591,0.2857,0.2857,0.4286,0.7143,0,0,0.5714,14,8,0.5664,0.1,0.1136,0.75,0.0227,0.3182,0.0,0.0,0.5714,0.0,0.0,0.0,1.079,0.0,completed,,0.9441,7.646632
1037,-0.4435,-0.2163,0,1.0,0.1667,13,6240,70,150.0,0.0,150.0,1.0,0.8974,0.0769,1,0,1,0.0769,0.0,0.0769,0,0.9231,0.0769,0.9231,12,12,13,0.0,0.0,0.0,0.0769,0.0,0.0,1.0,1.0,0,0,0.6667,3,2,0.5072,0.1,0.0769,0.6154,0.0,0.2308,0.0,0.0,0.6667,0.0,0.0,0.0,-0.0,0.0,enter_inner,obstacle,0.9439,7.448284
1038,8.014,3.9093,0,2.0,0.3333,15,7200,70,150.0,0.0,150.0,1.0,1.5556,0.1333,1,0,1,0.0667,0.0,0.0667,0,0.8667,0.1333,0.8667,13,13,15,0.0,0.0,0.0,0.1333,0.0,0.5,0.5,1.0,0,0,0.8,5,4,0.5524,0.1,0.1333,0.6,0.0667,0.3333,0.0,0.0,0.8,0.0,0.0,0.0,0.6931,0.0,inner_patrol,obstacle,0.9436,7.657743
1039,73.4005,35.8051,1,6.0,1.0,44,21120,44,138.8571,2.4307,141.2879,0.6286,1.5909,0.1364,0,0,0,0.0000,0.0,0.0000,0,0.7273,0.2727,0.8409,32,37,44,0.4861,0.4861,3.7677,0.1591,0.4286,0.2857,0.2857,0.5714,0,0,0.9333,15,14,0.5541,0.1,0.1136,0.75,0.0,0.3409,0.0,0.0,0.9333,0.0,0.0,0.0,1.079,0.0,completed,,0.9433,7.775526
1040,-1.6559,-0.8077,0,1.0,0.1667,14,6720,70,150.0,0.0,150.0,1.0,0.8333,0.0714,1,0,1,0.0714,0.0,0.0714,0,0.9286,0.0714,0.9286,13,13,14,0.0,0.0,0.0,0.0714,0.0,1.0,0.0,1.0,0,0,0.6,5,3,0.5623,0.1,0.0714,0.6429,0.0714,0.3571,0.0,0.0,0.6,0.0,0.0,0.0,-0.0,0.0,enter_inner,obstacle,0.9431,8.749205
1041,81.8326,39.9183,1,6.0,1.0,41,19680,41,137.5714,1.5675,139.1389,0.5857,1.7073,0.1463,0,0,0,0.0000,0.0,0.0000,0,0.7561,0.2439,0.8293,31,34,41,0.3135,0.3135,2.4296,0.1707,0.2857,0.1429,0.5714,0.7143,0,0,0.8462,13,11,0.5621,0.1,0.122,0.8049,0.0488,0.3171,0.0,0.0,0.8462,0.0,0.0,0.0,0.9557,0.0,completed,,0.9428,10.184274
1042,1.6815,0.8202,0,2.0,0.3333,18,8640,70,150.0,1.3269,151.3269,1.0,1.2963,0.1111,1,0,1,0.0556,0.0,0.0556,0,0.7222,0.2778,0.8333,13,15,18,0.6635,0.6635,2.0567,0.1667,0.6667,0.3333,0.0,0.3333,0,0,0.8,5,4,0.5541,0.1,0.1111,0.7222,0.0556,0.2778,0.0,0.0,0.8,0.0,0.0,0.0,0.6365,0.0,inner_patrol,obstacle,0.9425,9.804227
1043,15.9079,7.7599,0,3.0,0.5,26,12480,70,150.0,0.0,150.0,1.0,1.3462,0.1154,0,0,0,0.0000,0.0,0.0000,0,0.7308,0.2692,0.8077,19,21,26,0.0,0.0,0.0,0.1923,0.0,0.4,0.6,1.0,0,0,0.6,10,6,0.5839,0.1,0.1538,0.7692,0.0385,0.3846,0.0,0.0,0.6,0.0,0.0,0.0,0.673,0.0,return_outer,obstacle,0.9423,9.691403
1044,73.6006,35.9027,1,6.0,1.0,43,20640,43,138.4286,4.1226,142.5512,0.6143,1.6279,0.1395,1,0,1,0.0233,0.0,0.0233,0,0.7907,0.2093,0.8372,34,36,43,0.8245,0.8245,6.3901,0.1628,0.7143,0.1429,0.1429,0.2857,0,0,0.7857,14,11,0.5631,0.1,0.093,0.8605,0.0465,0.3256,0.0,0.0,0.7857,0.0,0.0,0.0,0.7963,0.0,completed,,0.942,6.770607
1045,5.5992,2.7313,0,2.0,0.3333,18,8640,70,150.0,0.0,150.0,1.0,1.2963,0.1111,1,0,1,0.0556,0.0,0.0556,0,0.7222,0.2778,0.8889,13,16,18,0.0,0.0,0.0,0.1111,0.0,0.0,1.0,1.0,0,0,0.6667,3,2,0.5218,0.1,0.0556,0.6667,0.0,0.1667,0.0,0.0,0.6667,0.0,0.0,0.0,-0.0,0.0,inner_patrol,obstacle,0.9417,6.434782
1046,75.8851,37.0171,1,6.0,1.0,43,20640,43,138.4286,2.0013,140.4299,0.6143,1.6279,0.1395,1,0,1,0.0233,0.0,0.0233,0,0.6512,0.3488,0.8372,28,36,43,0.4003,0.4003,3.102,0.1628,0.4286,0.2857,0.2857,0.5714,0,0,0.875,16,14,0.5765,0.1,0.1395,0.7907,0.0698,0.3721,0.0,0.0,0.875,0.0,0.0,0.0,1.079,0.0,completed,,0.9415,7.299393
1047,27.6487,13.4872,0,5.0,0.8333,47,22560,70,150.0,3.0018,153.0018,1.0,1.2411,0.1064,1,0,1,0.0213,0.0,0.0213,0,0.6596,0.3404,0.8511,31,40,47,0.6004,0.6004,4.6528,0.1489,0.5714,0.4286,0.0,0.4286,0,0,0.9167,12,11,0.5463,0.1,0.0851,0.6596,0.0213,0.2553,0.0,0.0,0.9167,0.0,0.0,0.0,0.6829,0.0,final_park,wall,0.9412,9.313113
1048,-8.8384,-4.3114,0,1.0,0.1667,20,9600,70,150.0,0.0,150.0,1.0,0.5833,0.05,1,0,1,0.0500,0.0,0.0500,0,0.75,0.25,0.95,15,19,20,0.0,0.0,0.0,0.05,0.0,0.0,1.0,1.0,0,0,0.625,8,5,0.5195,0.1,0.05,0.75,0.0,0.4,0.0,0.0,0.625,0.0,0.0,0.0,-0.0,0.0,enter_inner,obstacle,0.9409,9.733378
1049,42.3008,20.6345,0,5.0,0.8333,39,18720,70,150.0,1.4622,151.4622,1.0,1.4957,0.1282,0,0,0,0.0000,0.0,0.0000,0,0.7949,0.2051,0.8462,31,33,39,0.2924,0.2924,2.2663,0.1538,0.3333,0.3333,0.3333,0.6667,0,0,0.8,10,8,0.5341,0.1,0.0769,0.7692,0.0,0.2564,0.0,0.0,0.8,0.0,0.0,0.0,1.0986,0.0,final_park,wall,0.9406,10.16316
1050,82.8271,40.4034,1,6.0,1.0,40,19200,40,137.1429,1.6719,138.8148,0.5714,1.75,0.15,0,0,0,0.0000,0.0,0.0000,0,0.825,0.175,0.875,33,35,40,0.3344,0.3344,2.5915,0.125,0.4,0.0,0.6,0.6,0,0,0.5714,7,4,0.5373,0.1,0.025,0.75,0.025,0.175,0.0,0.0,0.5714,0.0,0.0,0.0,0.673,0.0,completed,,0.9404,9.996627
1051,66.7691,32.5703,1,6.0,1.0,50,24000,50,141.4286,3.0654,144.4939,0.7143,1.4,0.12,0,0,0,0.0000,0.0,0.0000,0,0.68,0.32,0.86,34,43,50,0.6131,0.6131,4.7513,0.16,0.5,0.125,0.375,0.5,0,0,0.7333,15,11,0.5633,0.1,0.14,0.8,0.02,0.3,0.0,0.0,0.7333,0.0,0.0,0.0,0.9743,0.0,completed,,0.9401,8.708465
1052,24.779,12.0873,0,4.0,0.6667,27,12960,70,150.0,0.0,150.0,1.0,1.7284,0.1481,0,0,0,0.0000,0.0,0.0000,0,0.7778,0.2222,0.8519,21,23,27,0.0,0.0,0.0,0.1481,0.0,0.75,0.25,1.0,0,0,0.625,8,5,0.543,0.1,0.1111,0.8519,0.0,0.2963,0.0,0.0,0.625,0.0,0.0,0.0,0.5623,0.0,outer_patrol_b,road_edge,0.9398,8.114214
1053,24.3021,11.8547,0,4.0,0.6667,28,13440,70,150.0,0.0,150.0,1.0,1.6667,0.1429,0,0,0,0.0000,0.0,0.0000,0,0.7143,0.2857,0.8571,20,24,28,0.0,0.0,0.0,0.1429,0.0,0.5,0.5,1.0,0,0,0.7143,7,5,0.5512,0.1,0.0714,0.6429,0.0,0.25,0.0,0.0,0.7143,0.0,0.0,0.0,0.6931,0.0,outer_patrol_b,road_edge,0.9396,7.814096
1054,11.9089,5.8092,0,3.0,0.5,29,13920,70,150.0,0.7783,150.7783,1.0,1.2069,0.1034,0,0,0,0.0000,0.0,0.0000,0,0.7586,0.2414,0.8276,22,24,29,0.2594,0.2594,1.2063,0.1724,0.2,0.4,0.4,0.8,0,0,0.4545,11,5,0.6092,0.1,0.1724,0.931,0.1379,0.3793,0.0,0.0,0.4545,0.0,0.0,0.0,1.0549,0.0,return_outer,obstacle,0.9393,7.640198
1055,71.3352,34.7977,1,6.0,1.0,45,21600,45,139.2857,3.8982,143.1839,0.6429,1.5556,0.1333,1,0,1,0.0222,0.0,0.0222,0,0.7556,0.2444,0.8444,34,38,45,0.7796,0.7796,6.0422,0.1556,0.7143,0.1429,0.1429,0.2857,0,0,0.75,12,9,0.5529,0.1,0.1333,0.7778,0.0222,0.2667,0.0,0.0,0.75,0.0,0.0,0.0,0.7963,0.0,completed,,0.939,7.395211
1056,21.0822,10.284,0,4.0,0.6667,29,13920,70,150.0,1.4406,151.4406,1.0,1.6092,0.1379,1,0,1,0.0345,0.0,0.0345,0,0.6897,0.3103,0.7931,20,23,29,0.3601,0.3601,2.2329,0.2069,0.3333,0.3333,0.3333,0.6667,0,0,0.6667,9,6,0.5721,0.1,0.1379,0.7931,0.0345,0.3103,0.0,0.0,0.6667,0.0,0.0,0.0,1.0986,0.0,outer_patrol_b,road_edge,0.9388,7.292995
1057,-7.3121,-3.5669,0,1.0,0.1667,17,8160,70,150.0,0.8926,150.8926,1.0,0.6863,0.0588,1,0,1,0.0588,0.0,0.0588,0,0.7059,0.2941,0.8824,12,15,17,0.8926,0.8926,1.3836,0.1176,0.5,0.5,0.0,0.5,0,0,0.25,4,1,0.5247,0.1,0.1176,0.4706,0.0,0.2353,0.0,0.0,0.25,0.0,0.0,0.0,0.6931,0.0,enter_inner,obstacle,0.9385,7.810039
1058,3.2679,1.5941,0,2.0,0.3333,18,8640,70,150.0,0.7408,150.7408,1.0,1.2963,0.1111,1,0,1,0.0556,0.0,0.0556,0,0.7778,0.2222,0.8333,14,15,18,0.3704,0.3704,1.1482,0.1667,0.3333,0.3333,0.3333,0.6667,0,0,0.6667,3,2,0.5291,0.1,0.0556,0.6111,0.0556,0.1667,0.0,0.0,0.6667,0.0,0.0,0.0,1.0986,0.0,inner_patrol,obstacle,0.9382,7.329936
1059,-10.0,-5.7402,0,1.0,0.1667,20,9600,70,150.0,1.4473,151.4473,1.0,0.5833,0.05,0,0,0,0.0000,0.0,0.0000,0,0.65,0.35,0.85,13,17,20,1.4473,1.4473,2.2432,0.1,1.0,0.0,0.0,0.0,0,0,0.6,5,3,0.5426,0.1,0.2,0.9,0.05,0.25,0.0,0.0,0.6,0.0,0.0,0.0,-0.0,0.0,enter_inner,red_light,0.9379,8.018398
1060,86.0,42.6376,1,6.0,1.0,39,18720,39,136.7143,0.0,136.7143,0.5571,1.7949,0.1538,1,0,1,0.0256,0.0,0.0256,0,0.7949,0.2051,0.8718,31,34,39,0.0,0.0,0.0,0.1282,0.0,0.2,0.8,1.0,0,0,0.8,10,8,0.5463,0.1,0.0769,0.8205,0.0256,0.2564,0.0,0.0,0.8,0.0,0.0,0.0,0.5004,0.0,completed,,0.9377,7.372212
1061,14.4591,7.0532,0,2.0,0.3333,22,10560,70,150.0,0.0,150.0,1.0,1.0606,0.0909,0,0,0,0.0000,0.0,0.0000,0,0.8182,0.1818,0.9091,18,20,22,0.0,0.0,0.0,0.0909,0.0,1.0,0.0,1.0,0,0,0.8333,6,5,0.5517,0.1,0.0909,0.8182,0.0455,0.2727,0.0,0.0,0.8333,0.0,0.0,0.0,-0.0,0.0,inner_patrol,obstacle,0.9374,6.669081
1062,33.3332,16.2601,0,4.0,0.6667,36,17280,70,150.0,2.311,152.311,1.0,1.2963,0.1111,1,0,1,0.0278,0.0,0.0278,0,0.8056,0.1944,0.8611,29,31,36,0.5778,0.5778,3.5821,0.1389,0.6,0.4,0.0,0.4,0,0,0.875,8,7,0.5499,0.1,0.0833,0.6667,0.0278,0.2222,0.0,0.0,0.875,0.0,0.0,0.0,0.673,0.0,outer_patrol_b,road_edge,0.9371,7.449163
1063,15.2276,7.4281,0,3.0,0.5,25,12000,70,150.0,0.6438,150.6438,1.0,1.4,0.12,0,0,0,0.0000,0.0,0.0000,0,0.76,0.24,0.84,19,21,25,0.2146,0.2146,0.9979,0.16,0.25,0.75,0.0,0.75,0,0,0.7,10,7,0.5642,0.1,0.12,0.76,0.04,0.4,0.0,0.0,0.7,0.0,0.0,0.0,0.5623,0.0,return_outer,obstacle,0.9369,9.001945
1064,86.0,42.0889,1,6.0,1.0,41,19680,41,137.5714,0.0,137.5714,0.5857,1.7073,0.1463,1,0,1,0.0244,0.0,0.0244,0,0.7317,0.2683,0.8537,30,35,41,0.0,0.0,0.0,0.1463,0.0,0.1667,0.8333,1.0,0,0,0.9091,11,10,0.5432,0.1,0.0732,0.8293,0.0244,0.2683,0.0,0.0,0.9091,0.0,0.0,0.0,0.4506,0.0,completed,,0.9366,10.889842
1065,0.7662,0.3737,0,1.0,0.1667,13,6240,70,150.0,0.0,150.0,1.0,0.8974,0.0769,1,0,1,0.0769,0.0,0.0769,0,0.9231,0.0769,0.9231,12,12,13,0.0,0.0,0.0,0.0769,0.0,0.0,1.0,1.0,0,0,0.5,2,1,0.5,0.1,0.0769,0.5385,0.0,0.1538,0.0,0.0,0.5,0.0,0.0,0.0,-0.0,0.0,enter_inner,obstacle,0.9363,11.268832
1066,-5.1858,-2.5296,0,1.0,0.1667,16,7680,70,150.0,0.8398,150.8398,1.0,0.7292,0.0625,1,0,1,0.0625,0.0,0.0625,0,0.875,0.125,0.875,14,14,16,0.8398,0.8398,1.3017,0.125,0.5,0.0,0.5,0.5,0,0,0.5,6,3,0.5344,0.1,0.125,0.5625,0.0,0.375,0.0,0.0,0.5,0.0,0.0,0.0,0.6931,0.0,enter_inner,obstacle,0.9361,10.679984
1067,82.1458,40.0711,1,6.0,1.0,43,20640,43,138.4286,0.7051,139.1336,0.6143,1.6279,0.1395,0,0,0,0.0000,0.0,0.0000,0,0.8372,0.1628,0.8605,36,37,43,0.141,0.141,1.0929,0.1395,0.1667,0.5,0.3333,0.8333,0,0,0.7692,13,10,0.562,0.1,0.093,0.6977,0.0233,0.3023,0.0,0.0,0.7692,0.0,0.0,0.0,1.0114,0.0,completed,,0.9358,10.341004
1068,21.2041,10.3435,0,4.0,0.6667,29,13920,70,150.0,0.8886,150.8886,1.0,1.6092,0.1379,1,0,1,0.0345,0.0,0.0345,0,0.7241,0.2759,0.8621,21,25,29,0.2222,0.2222,1.3774,0.1379,0.25,0.25,0.5,0.75,0,0,0.75,8,6,0.543,0.1,0.0345,0.7586,0.0,0.2759,0.0,0.0,0.75,0.0,0.0,0.0,1.0397,0.0,outer_patrol_b,road_edge,0.9355,9.062018
1069,79.3341,38.6996,1,6.0,1.0,42,20160,42,138.0,2.2048,140.2048,0.6,1.6667,0.1429,1,0,1,0.0238,0.0,0.0238,0,0.7857,0.2143,0.8333,33,35,42,0.441,0.441,3.4175,0.1667,0.4286,0.2857,0.2857,0.5714,0,0,0.7,10,7,0.5484,0.1,0.0714,0.7619,0.0238,0.2381,0.0,0.0,0.7,0.0,0.0,0.0,1.079,0.0,completed,,0.9353,8.984075
1070,-6.0812,-2.9664,0,1.0,0.1667,18,8640,70,150.0,0.0,150.0,1.0,0.6481,0.0556,1,0,1,0.0556,0.0,0.0556,0,0.7222,0.2778,0.9444,13,17,18,0.0,0.0,0.0,0.0556,0.0,1.0,0.0,1.0,0,0,0.5,4,2,0.5264,0.1,0.0556,0.7222,0.0556,0.2222,0.0,0.0,0.5,0.0,0.0,0.0,-0.0,0.0,enter_inner,obstacle,0.935,8.175958
1071,85.7663,41.8372,1,6.0,1.0,39,18720,39,136.7143,1.3759,138.0902,0.5571,1.7949,0.1538,1,0,1,0.0256,0.0,0.0256,0,0.7692,0.2308,0.8205,30,32,39,0.2752,0.2752,2.1326,0.1795,0.2857,0.5714,0.1429,0.7143,0,0,0.8333,12,10,0.5685,0.1,0.1282,0.7436,0.0256,0.3077,0.0,0.0,0.8333,0.0,0.0,0.0,0.9557,0.0,completed,,0.9347,8.169193
1072,-4.762,-2.3229,0,1.0,0.1667,17,8160,70,150.0,0.0,150.0,1.0,0.6863,0.0588,1,0,1,0.0588,0.0,0.0588,0,0.7647,0.2353,0.9412,13,16,17,0.0,0.0,0.0,0.0588,0.0,1.0,0.0,1.0,0,0,0.0,4,0,0.5181,0.1,0.0588,0.5294,0.0,0.2353,0.0,0.0,0.0,0.0,0.0,0.0,-0.0,0.0,enter_inner,obstacle,0.9344,7.765643
1073,83.9242,40.9386,1,6.0,1.0,41,19680,41,137.5714,1.3055,138.877,0.5857,1.7073,0.1463,0,0,0,0.0000,0.0,0.0000,0,0.7805,0.2195,0.8537,32,35,41,0.2611,0.2611,2.0236,0.1463,0.3333,0.3333,0.3333,0.6667,0,0,0.875,8,7,0.5456,0.1,0.0488,0.6829,0.0,0.1951,0.0,0.0,0.875,0.0,0.0,0.0,1.0986,0.0,completed,,0.9342,6.921852
1074,7.8872,3.8474,0,3.0,0.5,29,13920,70,150.0,2.3117,152.3117,1.0,1.2069,0.1034,0,0,0,0.0000,0.0,0.0000,0,0.7241,0.2759,0.8276,21,24,29,0.7706,0.7706,3.5832,0.1724,0.6,0.4,0.0,0.4,0,0,0.6667,6,4,0.581,0.1,0.1724,0.7931,0.1034,0.2069,0.0,0.0,0.6667,0.0,0.0,0.0,0.673,0.0,return_outer,obstacle,0.9339,6.515124
1075,36.3505,17.7319,0,5.0,0.8333,46,22080,70,150.0,2.0602,152.0602,1.0,1.2681,0.1087,1,0,1,0.0217,0.0,0.0217,0,0.7391,0.2609,0.8043,34,37,46,0.412,0.412,3.1933,0.1957,0.3333,0.3333,0.3333,0.6667,0,0,0.6667,18,12,0.5821,0.1,0.1304,0.8043,0.0652,0.3913,0.0,0.0,0.6667,0.0,0.0,0.0,1.0986,0.0,final_park,wall,0.9336,7.298559
1076,85.1001,41.5122,1,6.0,1.0,40,19200,40,137.1429,0.7169,137.8598,0.5714,1.75,0.15,1,0,1,0.0250,0.0,0.0250,0,0.75,0.25,0.85,30,34,40,0.1434,0.1434,1.1113,0.15,0.1667,0.1667,0.6667,0.8333,0,0,0.875,8,7,0.537,0.1,0.075,0.775,0.025,0.2,0.0,0.0,0.875,0.0,0.0,0.0,0.8676,0.0,completed,,0.9334,8.744624
1077,-1.0267,-0.5008,0,1.0,0.1667,14,6720,70,150.0,0.0,150.0,1.0,0.8333,0.0714,0,0,0,0.0000,0.0,0.0000,0,0.8571,0.1429,0.9286,12,13,14,0.0,0.0,0.0,0.0714,0.0,1.0,0.0,1.0,0,0,0.6667,3,2,0.5255,0.1,0.0714,0.6429,0.0714,0.2143,0.0,0.0,0.6667,0.0,0.0,0.0,-0.0,0.0,enter_inner,obstacle,0.9331,8.722661
1078,72.1137,35.1774,1,6.0,1.0,52,24960,52,142.2857,2.2101,144.4958,0.7429,1.3462,0.1154,1,0,1,0.0192,0.0,0.0192,0,0.7308,0.2692,0.8269,38,43,52,0.442,0.442,3.4256,0.1731,0.3333,0.2222,0.4444,0.6667,0,0,0.4375,16,7,0.582,0.1,0.1731,0.8462,0.0769,0.3077,0.0,0.0,0.4375,0.0,0.0,0.0,1.0609,0.0,completed,,0.9328,8.531517
1079,86.0,42.3054,1,6.0,1.0,41,19680,41,137.5714,0.0,137.5714,0.5857,1.7073,0.1463,1,0,1,0.0244,0.0,0.0244,0,0.7317,0.2683,0.8537,30,35,41,0.0,0.0,0.0,0.1463,0.0,0.5,0.5,1.0,0,0,0.8,10,8,0.5586,0.1,0.0732,0.7561,0.0488,0.2439,0.0,0.0,0.8,0.0,0.0,0.0,0.6931,0.0,completed,,0.9326,8.641751
1080,3.3429,1.6307,0,2.0,0.3333,19,9120,70,150.0,0.6996,150.6996,1.0,1.2281,0.1053,0,0,0,0.0000,0.0,0.0000,0,0.6842,0.3158,0.8421,13,16,19,0.3498,0.3498,1.0843,0.1579,0.3333,0.3333,0.3333,0.6667,0,0,0.5714,7,4,0.5468,0.1,0.1579,0.5789,0.0,0.3684,0.0,0.0,0.5714,0.0,0.0,0.0,1.0986,0.0,inner_patrol,obstacle,0.9323,8.13194
1081,33.3689,16.2775,0,4.0,0.6667,39,18720,70,150.0,0.8547,150.8547,1.0,1.1966,0.1026,0,0,0,0.0000,0.0,0.0000,0,0.7692,0.2308,0.8974,30,35,39,0.2137,0.2137,1.3248,0.1026,0.25,0.5,0.25,0.75,0,0,0.6667,12,8,0.5483,0.1,0.0256,0.7949,0.0256,0.3077,0.0,0.0,0.6667,0.0,0.0,0.0,1.0397,0.0,outer_patrol_b,road_edge,0.932,10.585804
1082,8.9832,4.382,0,2.0,0.3333,15,7200,70,150.0,0.0,150.0,1.0,1.5556,0.1333,0,0,0,0.0000,0.0,0.0000,0,0.8,0.2,0.8667,12,13,15,0.0,0.0,0.0,0.1333,0.0,0.0,1.0,1.0,0,0,1.0,4,4,0.5393,0.1,0.0667,0.7333,0.0667,0.2667,0.0,0.0,1.0,0.0,0.0,0.0,-0.0,0.0,inner_patrol,obstacle,0.9317,9.97042
1083,78.777,38.4278,1,6.0,1.0,44,21120,44,138.8571,2.1021,140.9592,0.6286,1.5909,0.1364,0,0,0,0.0000,0.0,0.0000,0,0.75,0.25,0.8409,33,37,44,0.4204,0.4204,3.2582,0.1591,0.4286,0.1429,0.4286,0.5714,0,0,0.6842,19,13,0.557,0.1,0.1136,0.8409,0.0,0.4318,0.0,0.0,0.6842,0.0,0.0,0.0,1.0042,0.0,completed,,0.9315,8.559005
1084,-2.1231,-1.0357,0,1.0,0.1667,15,7200,70,150.0,0.0,150.0,1.0,0.7778,0.0667,1,0,1,0.0667,0.0,0.0667,0,0.8,0.2,0.9333,12,14,15,0.0,0.0,0.0,0.0667,0.0,1.0,0.0,1.0,0,0,0.6667,3,2,0.5042,0.1,0.0667,0.6667,0.0,0.2,0.0,0.0,0.6667,0.0,0.0,0.0,-0.0,0.0,enter_inner,obstacle,0.9312,7.580646
1085,83.9663,40.9592,1,6.0,1.0,41,19680,41,137.5714,1.2988,138.8702,0.5857,1.7073,0.1463,1,0,1,0.0244,0.0,0.0244,0,0.7805,0.2195,0.8537,32,35,41,0.2598,0.2598,2.0131,0.1463,0.3333,0.3333,0.3333,0.6667,0,0,0.7143,7,5,0.5494,0.1,0.0488,0.6829,0.0,0.1707,0.0,0.0,0.7143,0.0,0.0,0.0,1.0986,0.0,completed,,0.9309,6.274511
1086,71.7764,35.0129,1,6.0,1.0,45,21600,45,139.2857,5.198,144.4837,0.6429,1.5556,0.1333,1,0,1,0.0222,0.0,0.0222,0,0.7556,0.2444,0.8,34,36,45,1.0396,1.0396,8.057,0.2,0.7778,0.0,0.2222,0.2222,0,0,0.9231,13,12,0.5658,0.1,0.1333,0.8,0.0444,0.2889,0.0,0.0,0.9231,0.0,0.0,0.0,0.5297,0.0,completed,,0.9307,7.690248
1087,-7.4418,-3.6302,0,1.0,0.1667,18,8640,70,150.0,0.8913,150.8913,1.0,0.6481,0.0556,0,0,0,0.0000,0.0,0.0000,0,0.7778,0.2222,0.8889,14,16,18,0.8913,0.8913,1.3814,0.1111,0.5,0.5,0.0,0.5,0,0,0.0,3,0,0.5149,0.1,0.0,0.6111,0.0,0.1667,0.0,0.0,0.0,0.0,0.0,0.0,0.6931,0.0,enter_inner,obstacle,0.9304,9.361056
1088,77.6842,37.8947,1,6.0,1.0,47,22560,47,140.1429,1.3216,141.4644,0.6714,1.4894,0.1277,1,0,1,0.0213,0.0,0.0213,0,0.7447,0.2553,0.8723,35,41,47,0.2643,0.2643,2.0484,0.1277,0.3333,0.3333,0.3333,0.6667,0,0,0.6,15,9,0.5507,0.1,0.0851,0.7447,0.0213,0.3191,0.0,0.0,0.6,0.0,0.0,0.0,1.0986,0.0,completed,,0.9301,7.540776
1089,-2.9192,-1.424,0,1.0,0.1667,16,7680,70,150.0,0.0,150.0,1.0,0.7292,0.0625,0,0,0,0.0000,0.0,0.0000,0,0.875,0.125,0.9375,14,15,16,0.0,0.0,0.0,0.0625,0.0,1.0,0.0,1.0,0,0,0.4,5,2,0.5418,0.1,0.0625,0.625,0.0625,0.3125,0.0,0.0,0.4,0.0,0.0,0.0,-0.0,0.0,enter_inner,obstacle,0.9299,7.945294
1090,21.082,10.2839,0,4.0,0.6667,27,12960,70,150.0,2.831,152.831,1.0,1.7284,0.1481,0,0,0,0.0000,0.0,0.0000,0,0.7778,0.2222,0.7778,21,21,27,0.7078,0.7078,4.3881,0.2222,0.6667,0.3333,0.0,0.3333,0,0,0.875,8,7,0.5866,0.1,0.1481,0.7407,0.0741,0.2963,0.0,0.0,0.875,0.0,0.0,0.0,0.6365,0.0,outer_patrol_b,road_edge,0.9296,8.308704
1091,73.4327,35.8208,1,6.0,1.0,47,22560,47,140.1429,3.9076,144.0505,0.6714,1.4894,0.1277,1,0,1,0.0213,0.0,0.0213,0,0.7872,0.2128,0.8298,37,39,47,0.7815,0.7815,6.0568,0.1702,0.625,0.25,0.125,0.375,0,0,0.6,15,9,0.5807,0.1,0.1702,0.766,0.0638,0.3191,0.0,0.0,0.6,0.0,0.0,0.0,0.9003,0.0,completed,,0.9293,9.449716
1092,38.5702,18.8147,0,4.0,0.6667,36,17280,70,150.0,1.7041,151.7041,1.0,1.2963,0.1111,1,0,1,0.0278,0.0,0.0278,0,0.7778,0.2222,0.8611,28,31,36,0.426,0.426,2.6413,0.1389,0.4,0.4,0.2,0.6,0,0,0.8571,14,12,0.567,0.1,0.0833,0.7222,0.0833,0.3889,0.0,0.0,0.8571,0.0,0.0,0.0,1.0549,0.0,outer_patrol_b,road_edge,0.9291,8.74456
1093,83.192,40.5815,1,6.0,1.0,41,19680,41,137.5714,1.4942,139.0656,0.5857,1.7073,0.1463,0,0,0,0.0000,0.0,0.0000,0,0.7805,0.2195,0.878,32,36,41,0.2988,0.2988,2.316,0.122,0.4,0.2,0.4,0.6,0,0,0.8182,11,9,0.5476,0.1,0.0732,0.8049,0.0244,0.2683,0.0,0.0,0.8182,0.0,0.0,0.0,1.0549,0.0,completed,,0.9288,6.799909
1094,41.3985,20.1944,0,5.0,0.8333,42,20160,70,150.0,1.6317,151.6317,1.0,1.3889,0.119,0,0,0,0.0000,0.0,0.0000,0,0.7619,0.2381,0.8571,32,36,42,0.3263,0.3263,2.5291,0.1429,0.3333,0.0,0.6667,0.6667,0,0,0.7647,17,13,0.5648,0.1,0.0952,0.7381,0.0476,0.4048,0.0,0.0,0.7647,0.0,0.0,0.0,0.6365,0.0,final_park,wall,0.9285,7.85748
1095,7.891,3.8492,0,3.0,0.5,29,13920,70,150.0,3.1791,153.1791,1.0,1.2069,0.1034,1,0,1,0.0345,0.0,0.0345,0,0.6897,0.3103,0.7586,20,22,29,1.0597,1.0597,4.9276,0.2069,0.6667,0.0,0.3333,0.3333,0,0,0.6,10,6,0.5726,0.1,0.2069,0.7241,0.0345,0.3448,0.0,0.0,0.6,0.0,0.0,0.0,0.6365,0.0,return_outer,red_light,0.9282,7.663975
1096,-2.9132,-1.4211,0,1.0,0.1667,16,7680,70,150.0,0.0,150.0,1.0,0.7292,0.0625,1,0,1,0.0625,0.0,0.0625,0,0.8125,0.1875,0.9375,13,15,16,0.0,0.0,0.0,0.0625,0.0,1.0,0.0,1.0,0,0,0.5,6,3,0.5183,0.1,0.0625,0.75,0.0,0.375,0.0,0.0,0.5,0.0,0.0,0.0,-0.0,0.0,enter_inner,obstacle,0.928,8.538158
1097,13.392,6.5327,0,3.0,0.5,27,12960,70,150.0,0.8833,150.8833,1.0,1.2963,0.1111,0,0,0,0.0000,0.0,0.0000,0,0.7037,0.2963,0.8519,19,23,27,0.2944,0.2944,1.3692,0.1481,0.25,0.25,0.5,0.75,0,0,0.7143,7,5,0.5648,0.1,0.0741,0.8519,0.037,0.2593,0.0,0.0,0.7143,0.0,0.0,0.0,1.0397,0.0,return_outer,obstacle,0.9277,8.645218
1098,84.862,41.3961,1,6.0,1.0,41,19680,41,137.5714,0.6729,138.2443,0.5857,1.7073,0.1463,1,0,1,0.0244,0.0,0.0244,0,0.7561,0.2439,0.878,31,36,41,0.1346,0.1346,1.0429,0.122,0.2,0.8,0.0,0.8,0,0,0.8,15,12,0.5428,0.1,0.0732,0.8537,0.0,0.3659,0.0,0.0,0.8,0.0,0.0,0.0,0.5004,0.0,completed,,0.9274,7.576936
1099,-5.8044,-2.8314,0,1.0,0.1667,15,7200,70,150.0,1.7951,151.7951,1.0,0.7778,0.0667,1,0,1,0.0667,0.0,0.0667,0,0.8,0.2,0.8,12,12,15,1.7951,1.7951,2.7824,0.1333,1.0,0.0,0.0,0.0,0,0,0.75,4,3,0.5651,0.1,0.2,0.8,0.1333,0.2667,0.0,0.0,0.75,0.0,0.0,0.0,-0.0,0.0,enter_inner,red_light,0.9272,7.20248
1100,-1.8961,-0.9249,0,2.0,0.3333,24,11520,70,150.0,0.782,150.782,1.0,0.9722,0.0833,1,0,1,0.0417,0.0,0.0417,0,0.7083,0.2917,0.875,17,21,24,0.391,0.391,1.2122,0.125,0.3333,0.3333,0.3333,0.6667,0,0,0.5714,14,8,0.5513,0.1,0.0833,0.875,0.0417,0.5833,0.0,0.0,0.5714,0.0,0.0,0.0,1.0986,0.0,inner_patrol,obstacle,0.9269,6.635948
1101,81.0059,39.515,1,6.0,1.0,45,21600,45,139.2857,0.7318,140.0175,0.6429,1.5556,0.1333,1,0,1,0.0222,0.0,0.0222,0,0.8,0.2,0.8889,36,40,45,0.1464,0.1464,1.1342,0.1111,0.2,0.2,0.6,0.8,0,0,0.5833,12,7,0.552,0.1,0.0889,0.7556,0.0,0.2667,0.0,0.0,0.5833,0.0,0.0,0.0,0.9503,0.0,completed,,0.9266,8.244504
1102,-2.7119,-1.3229,0,1.0,0.1667,15,7200,70,150.0,0.6303,150.6303,1.0,0.7778,0.0667,0,0,0,0.0000,0.0,0.0000,0,0.8667,0.1333,0.8667,13,13,15,0.6303,0.6303,0.977,0.1333,0.5,0.5,0.0,0.5,0,0,0.5,4,2,0.5412,0.1,0.1333,0.7333,0.0667,0.2667,0.0,0.0,0.5,0.0,0.0,0.0,0.6931,0.0,enter_inner,obstacle,0.9264,7.605803
1103,31.2353,15.2367,0,4.0,0.6667,31,14880,70,150.0,0.0,150.0,1.0,1.5054,0.129,0,0,0,0.0000,0.0,0.0000,0,0.7742,0.2258,0.871,24,27,31,0.0,0.0,0.0,0.129,0.0,0.5,0.5,1.0,0,0,0.4286,7,3,0.5482,0.1,0.0323,0.7742,0.0323,0.2258,0.0,0.0,0.4286,0.0,0.0,0.0,0.6931,0.0,outer_patrol_b,road_edge,0.9261,8.9036
1104,-4.8226,-2.3525,0,1.0,0.1667,18,8640,70,150.0,0.0,150.0,1.0,0.6481,0.0556,1,0,1,0.0556,0.0,0.0556,0,0.8333,0.1667,0.9444,15,17,18,0.0,0.0,0.0,0.0556,0.0,1.0,0.0,1.0,0,0,0.4,5,2,0.5144,0.1,0.0,0.6667,0.0,0.2778,0.0,0.0,0.4,0.0,0.0,0.0,-0.0,0.0,enter_inner,obstacle,0.9258,9.037686
1105,5.3239,2.597,0,2.0,0.3333,18,8640,70,150.0,0.7043,150.7043,1.0,1.2963,0.1111,0,0,0,0.0000,0.0,0.0000,0,0.7778,0.2222,0.8333,14,15,18,0.3522,0.3522,1.0917,0.1667,0.3333,0.3333,0.3333,0.6667,0,0,0.75,8,6,0.5462,0.1,0.1111,0.8333,0.0556,0.4444,0.0,0.0,0.75,0.0,0.0,0.0,1.0986,0.0,inner_patrol,obstacle,0.9255,8.546472
1106,81.6398,39.8243,1,6.0,1.0,41,19680,41,137.5714,2.7654,140.3369,0.5857,1.7073,0.1463,1,0,1,0.0244,0.0,0.0244,0,0.7561,0.2439,0.8293,31,34,41,0.5531,0.5531,4.2864,0.1707,0.5714,0.1429,0.2857,0.4286,0,0,1.0,14,14,0.5656,0.1,0.0976,0.8293,0.0244,0.3415,0.0,0.0,1.0,0.0,0.0,0.0,0.9557,0.0,completed,,0.9253,8.794586
1107,86.0,43.5396,1,6.0,1.0,40,19200,40,137.1429,0.0,137.1429,0.5714,1.75,0.15,1,0,1,0.0250,0.0,0.0250,0,0.8,0.2,0.85,32,34,40,0.0,0.0,0.0,0.15,0.0,0.6667,0.3333,1.0,0,0,0.7143,14,10,0.5486,0.1,0.075,0.875,0.0,0.35,0.0,0.0,0.7143,0.0,0.0,0.0,0.6365,0.0,completed,,0.925,8.14074
1108,-0.2453,-0.1197,0,1.0,0.1667,14,6720,70,150.0,0.0,150.0,1.0,0.8333,0.0714,1,0,1,0.0714,0.0,0.0714,0,0.8571,0.1429,0.9286,12,13,14,0.0,0.0,0.0,0.0714,0.0,0.0,1.0,1.0,0,0,0.6667,3,2,0.5304,0.1,0.0714,0.7143,0.0714,0.2143,0.0,0.0,0.6667,0.0,0.0,0.0,-0.0,0.0,enter_inner,obstacle,0.9247,8.198578
1109,15.9294,7.7705,0,3.0,0.5,27,12960,70,150.0,0.0,150.0,1.0,1.2963,0.1111,1,0,1,0.0370,0.0,0.0370,0,0.7407,0.2593,0.8889,20,24,27,0.0,0.0,0.0,0.1111,0.0,1.0,0.0,1.0,0,0,0.6667,6,4,0.552,0.1,0.037,0.7037,0.037,0.2222,0.0,0.0,0.6667,0.0,0.0,0.0,-0.0,0.0,return_outer,obstacle,0.9245,9.985597
1110,15.9148,7.7633,0,3.0,0.5,26,12480,70,150.0,0.868,150.868,1.0,1.3462,0.1154,1,0,1,0.0385,0.0,0.0385,0,0.8462,0.1538,0.8846,22,23,26,0.2893,0.2893,1.3455,0.1154,0.3333,0.6667,0.0,0.6667,0,0,0.6667,9,6,0.5479,0.1,0.1154,0.9231,0.0,0.3462,0.0,0.0,0.6667,0.0,0.0,0.0,0.6365,0.0,return_outer,obstacle,0.9242,10.694824
1111,47.4584,23.1505,0,5.0,0.8333,39,18720,70,150.0,0.7705,150.7705,1.0,1.4957,0.1282,1,0,1,0.0256,0.0,0.0256,0,0.7692,0.2308,0.8462,30,33,39,0.1541,0.1541,1.1943,0.1538,0.1667,0.3333,0.5,0.8333,0,0,0.9,10,9,0.5505,0.1,0.1026,0.7692,0.0513,0.2564,0.0,0.0,0.9,0.0,0.0,0.0,1.0114,0.0,final_park,wall,0.9239,10.154933
1112,82.1677,40.0818,1,6.0,1.0,44,21120,44,138.8571,1.6609,140.518,0.6286,1.5909,0.1364,0,0,0,0.0000,0.0,0.0000,0,0.7273,0.2727,0.8182,32,36,44,0.3322,0.3322,2.5743,0.1818,0.25,0.375,0.375,0.75,0,0,0.6667,12,8,0.5473,0.1,0.1591,0.7727,0.0,0.2727,0.0,0.0,0.6667,0.0,0.0,0.0,1.0822,0.0,completed,,0.9237,9.04786
1113,-10.0,-8.0116,0,0.0,0.0,5,2400,70,150.0,0.0,150.0,1.0,0.0,0.0,1,0,1,0.2000,0.0,0.2000,0,0.8,0.2,1.0,4,5,5,0.0,0.0,0.0,0.0,0.0,0.0,0.0,0.0,0,0,0.5,2,1,0.5139,0.1,0.0,0.6,0.0,0.4,0.0,0.0,0.5,0.0,0.0,0.0,0.0,0.0,outer_patrol_a,road_edge,0.9234,9.041134
1114,-1.2786,-0.6237,0,1.0,0.1667,15,7200,70,150.0,0.0,150.0,1.0,0.7778,0.0667,1,0,1,0.0667,0.0,0.0667,0,0.8667,0.1333,0.9333,13,14,15,0.0,0.0,0.0,0.0667,0.0,1.0,0.0,1.0,0,0,0.5,4,2,0.5247,0.1,0.0667,0.6,0.0,0.2667,0.0,0.0,0.5,0.0,0.0,0.0,-0.0,0.0,enter_inner,obstacle,0.9231,8.743935
1115,86.0,43.4539,1,6.0,1.0,37,17760,37,135.8571,1.7398,137.597,0.5286,1.8919,0.1622,1,0,1,0.0270,0.0,0.0270,0,0.8108,0.1892,0.8378,30,31,37,0.348,0.348,2.6967,0.1622,0.3333,0.5,0.1667,0.6667,0,0,1.0,7,7,0.5465,0.1,0.0811,0.7297,0.027,0.1892,0.0,0.0,1.0,0.0,0.0,0.0,1.0114,0.0,completed,,0.9229,9.421784
1116,76.1146,37.1291,1,6.0,1.0,45,21600,45,139.2857,3.1133,142.399,0.6429,1.5556,0.1333,0,0,0,0.0000,0.0,0.0000,0,0.7333,0.2667,0.8667,33,39,45,0.6227,0.6227,4.8256,0.1333,0.6667,0.3333,0.0,0.3333,0,0,0.8667,15,13,0.5555,0.1,0.0889,0.8,0.0222,0.3333,0.0,0.0,0.8667,0.0,0.0,0.0,0.6365,0.0,completed,,0.9226,8.0826
1117,-1.2111,-0.5908,0,1.0,0.1667,15,7200,70,150.0,0.0,150.0,1.0,0.7778,0.0667,0,0,0,0.0000,0.0,0.0000,0,0.8667,0.1333,0.9333,13,14,15,0.0,0.0,0.0,0.0667,0.0,1.0,0.0,1.0,0,0,0.5,2,1,0.5301,0.1,0.0667,0.6667,0.0667,0.1333,0.0,0.0,0.5,0.0,0.0,0.0,-0.0,0.0,enter_inner,obstacle,0.9223,7.975727
1118,19.2402,9.3855,0,3.0,0.5,24,11520,70,150.0,0.656,150.656,1.0,1.4583,0.125,0,0,0,0.0000,0.0,0.0000,0,0.75,0.25,0.8333,18,20,24,0.2187,0.2187,1.0168,0.1667,0.25,0.0,0.75,0.75,0,0,0.9091,11,10,0.5595,0.1,0.125,0.875,0.0417,0.4583,0.0,0.0,0.9091,0.0,0.0,0.0,0.5623,0.0,return_outer,obstacle,0.922,6.504763
1119,86.0,43.4334,1,6.0,1.0,38,18240,38,136.2857,0.8796,137.1653,0.5429,1.8421,0.1579,1,0,1,0.0263,0.0,0.0263,0,0.7895,0.2105,0.8684,30,33,38,0.1759,0.1759,1.3633,0.1316,0.2,0.6,0.2,0.8,0,0,0.7778,9,7,0.5506,0.1,0.0526,0.7368,0.0263,0.2368,0.0,0.0,0.7778,0.0,0.0,0.0,0.9503,0.0,completed,,0.9218,7.278941
1120,-3.3628,-1.6404,0,1.0,0.1667,17,8160,70,150.0,0.0,150.0,1.0,0.6863,0.0588,0,0,0,0.0000,0.0,0.0000,0,0.8235,0.1765,0.9412,14,16,17,0.0,0.0,0.0,0.0588,0.0,1.0,0.0,1.0,0,0,0.7143,7,5,0.5465,0.1,0.0588,0.7059,0.0588,0.4118,0.0,0.0,0.7143,0.0,0.0,0.0,-0.0,0.0,enter_inner,obstacle,0.9215,6.944978
1121,-6.9436,-3.3871,0,1.0,0.1667,19,9120,70,150.0,0.7537,150.7537,1.0,0.614,0.0526,1,0,1,0.0526,0.0,0.0526,0,0.8421,0.1579,0.8947,16,17,19,0.7537,0.7537,1.1682,0.1053,0.5,0.5,0.0,0.5,0,0,0.5,6,3,0.5574,0.1,0.1053,0.6842,0.1053,0.3158,0.0,0.0,0.5,0.0,0.0,0.0,0.6931,0.0,enter_inner,obstacle,0.9212,7.123628
1122,27.0296,13.1852,0,4.0,0.6667,28,13440,70,150.0,0.0,150.0,1.0,1.6667,0.1429,1,0,1,0.0357,0.0,0.0357,0,0.6786,0.3214,0.8571,19,24,28,0.0,0.0,0.0,0.1429,0.0,0.25,0.75,1.0,0,0,0.6667,6,4,0.5468,0.1,0.0714,0.75,0.0,0.2143,0.0,0.0,0.6667,0.0,0.0,0.0,0.5623,0.0,outer_patrol_b,road_edge,0.921,7.127096
1123,-0.0948,-0.0462,0,1.0,0.1667,14,6720,70,150.0,0.0,150.0,1.0,0.8333,0.0714,1,0,1,0.0714,0.0,0.0714,0,0.7857,0.2143,0.9286,11,13,14,0.0,0.0,0.0,0.0714,0.0,0.0,1.0,1.0,0,0,0.8,5,4,0.5439,0.1,0.0714,0.6429,0.0714,0.3571,0.0,0.0,0.8,0.0,0.0,0.0,-0.0,0.0,enter_inner,obstacle,0.9207,7.454838
1124,1.2756,0.6222,0,1.0,0.1667,13,6240,70,150.0,0.0,150.0,1.0,0.8974,0.0769,1,0,1,0.0769,0.0,0.0769,0,0.9231,0.0769,0.9231,12,12,13,0.0,0.0,0.0,0.0769,0.0,0.0,1.0,1.0,0,0,0.6667,3,2,0.5217,0.1,0.0769,0.6154,0.0,0.2308,0.0,0.0,0.6667,0.0,0.0,0.0,-0.0,0.0,enter_inner,obstacle,0.9204,6.643756
1125,86.0,43.7436,1,6.0,1.0,39,18720,39,136.7143,1.3725,138.0868,0.5571,1.7949,0.1538,1,0,1,0.0256,0.0,0.0256,0,0.8205,0.1795,0.8718,32,34,39,0.2745,0.2745,2.1274,0.1282,0.4,0.0,0.6,0.6,0,0,0.7143,7,5,0.5336,0.1,0.0513,0.9231,0.0,0.1795,0.0,0.0,0.7143,0.0,0.0,0.0,0.673,0.0,completed,,0.9202,6.68669
1126,-10.0,-9.1937,0,0.0,0.0,2,960,70,150.0,0.0,150.0,1.0,0.0,0.0,1,0,1,0.5000,0.0,0.5000,0,1.0,0.0,1.0,2,2,2,0.0,0.0,0.0,0.0,0.0,0.0,0.0,0.0,0,0,1.0,1,1,0.5176,0.1,0.0,1.0,0.0,0.5,0.0,0.0,1.0,0.0,0.0,0.0,0.0,0.0,outer_patrol_a,road_edge,0.9199,6.68669
1127,12.0223,5.8645,0,3.0,0.5,28,13440,70,150.0,1.706,151.706,1.0,1.25,0.1071,0,0,0,0.0000,0.0,0.0000,0,0.75,0.25,0.8571,21,24,28,0.5687,0.5687,2.6443,0.1429,0.5,0.25,0.25,0.5,0,0,0.8,10,8,0.5664,0.1,0.1429,0.8214,0.0357,0.3571,0.0,0.0,0.8,0.0,0.0,0.0,1.0397,0.0,return_outer,obstacle,0.9196,6.602946
1128,84.4864,41.2129,1,6.0,1.0,42,20160,42,138.0,2.1863,140.1863,0.6,1.6667,0.1429,1,0,1,0.0238,0.0,0.0238,0,0.7619,0.2381,0.8333,32,35,42,0.4373,0.4373,3.3888,0.1667,0.4286,0.1429,0.4286,0.5714,0,0,0.7143,14,10,0.5692,0.1,0.119,0.8095,0.0238,0.3333,0.0,0.0,0.7143,0.0,0.0,0.0,1.0042,0.0,completed,,0.9193,8.423219
1129,86.0,43.1147,1,6.0,1.0,41,19680,41,137.5714,0.0,137.5714,0.5857,1.7073,0.1463,0,0,0,0.0000,0.0,0.0000,0,0.7561,0.2439,0.878,31,36,41,0.0,0.0,0.0,0.122,0.0,0.6,0.4,1.0,0,0,0.6154,13,8,0.5536,0.1,0.0732,0.7561,0.0,0.3171,0.0,0.0,0.6154,0.0,0.0,0.0,0.673,0.0,completed,,0.9191,10.416677
1130,-10.0,-6.9637,0,0.0,0.0,6,2880,70,150.0,0.0,150.0,1.0,0.0,0.0,1,0,1,0.1667,0.0,0.1667,0,1.0,0.0,1.0,6,6,6,0.0,0.0,0.0,0.0,0.0,0.0,0.0,0.0,0,0,0.3333,3,1,0.5024,0.1,0.0,0.6667,0.0,0.5,0.0,0.0,0.3333,0.0,0.0,0.0,0.0,0.0,outer_patrol_a,road_edge,0.9188,10.644059
1131,8.2313,4.0153,0,2.0,0.3333,17,8160,70,150.0,0.0,150.0,1.0,1.3725,0.1176,1,0,1,0.0588,0.0,0.0588,0,0.8824,0.1176,0.8824,15,15,17,0.0,0.0,0.0,0.1176,0.0,0.0,1.0,1.0,0,0,0.6667,6,4,0.543,0.1,0.1176,0.5294,0.0588,0.3529,0.0,0.0,0.6667,0.0,0.0,0.0,-0.0,0.0,inner_patrol,obstacle,0.9185,11.458325
1132,-1.2681,-0.6186,0,2.0,0.3333,22,10560,70,150.0,2.3636,152.3636,1.0,1.0606,0.0909,1,0,1,0.0455,0.0,0.0455,0,0.8182,0.1818,0.8182,18,18,22,1.1818,1.1818,3.6636,0.1818,0.75,0.25,0.0,0.25,0,0,0.5455,11,6,0.5994,0.1,0.2727,0.8182,0.1364,0.5,0.0,0.0,0.5455,0.0,0.0,0.0,0.5623,0.0,inner_patrol,obstacle,0.9183,10.458049
1133,74.4607,36.3223,1,6.0,1.0,48,23040,48,140.5714,2.2983,142.8698,0.6857,1.4583,0.125,1,0,1,0.0208,0.0,0.0208,0,0.6458,0.3542,0.8542,31,41,48,0.4597,0.4597,3.5624,0.1458,0.4286,0.4286,0.1429,0.5714,0,0,0.8235,17,14,0.5651,0.1,0.0833,0.8125,0.0417,0.3542,0.0,0.0,0.8235,0.0,0.0,0.0,1.0042,0.0,completed,,0.918,7.89977
1134,79.0614,38.5665,1,6.0,1.0,47,22560,47,140.1429,2.0863,142.2292,0.6714,1.4894,0.1277,1,0,1,0.0213,0.0,0.0213,0,0.766,0.234,0.8723,36,41,47,0.4173,0.4173,3.2338,0.1277,0.5,0.0,0.5,0.5,0,0,0.6667,15,10,0.5489,0.1,0.1064,0.7872,0.0426,0.3191,0.0,0.0,0.6667,0.0,0.0,0.0,0.6931,0.0,completed,,0.9177,5.705632
1135,-4.3174,-2.1061,0,1.0,0.1667,18,8640,70,150.0,0.0,150.0,1.0,0.6481,0.0556,1,0,1,0.0556,0.0,0.0556,0,0.7222,0.2778,0.9444,13,17,18,0.0,0.0,0.0,0.0556,0.0,1.0,0.0,1.0,0,0,0.6667,3,2,0.5089,0.1,0.0556,0.5556,0.0,0.1667,0.0,0.0,0.6667,0.0,0.0,0.0,-0.0,0.0,enter_inner,obstacle,0.9175,7.027986
1136,75.1915,36.6788,1,6.0,1.0,52,24960,52,142.2857,1.4949,143.7807,0.7429,1.3462,0.1154,0,0,0,0.0000,0.0,0.0000,0,0.6731,0.3269,0.8654,35,45,52,0.299,0.299,2.3172,0.1346,0.2857,0.1429,0.5714,0.7143,0,0,0.375,16,6,0.5529,0.1,0.0385,0.8269,0.0192,0.3077,0.0,0.0,0.375,0.0,0.0,0.0,0.9557,0.0,completed,,0.9172,9.588024
1137,85.0324,41.4792,1,6.0,1.0,43,20640,43,138.4286,0.7769,139.2054,0.6143,1.6279,0.1395,0,0,0,0.0000,0.0,0.0000,0,0.7209,0.2791,0.8605,31,37,43,0.1554,0.1554,1.2042,0.1395,0.1667,0.3333,0.5,0.8333,0,0,0.6364,11,7,0.5384,0.1,0.0698,0.8372,0.0233,0.2558,0.0,0.0,0.6364,0.0,0.0,0.0,1.0114,0.0,completed,,0.9169,11.315284
1138,86.0,43.7195,1,6.0,1.0,40,19200,40,137.1429,1.4589,138.6018,0.5714,1.75,0.15,1,0,1,0.0250,0.0,0.0250,0,0.775,0.225,0.825,31,33,40,0.2918,0.2918,2.2613,0.175,0.2857,0.2857,0.4286,0.7143,0,0,0.875,16,14,0.5831,0.1,0.1,0.85,0.05,0.4,0.0,0.0,0.875,0.0,0.0,0.0,1.079,0.0,completed,,0.9167,9.806747
1139,1.4411,0.703,0,1.0,0.1667,13,6240,70,150.0,0.0,150.0,1.0,0.8974,0.0769,1,0,1,0.0769,0.0,0.0769,0,0.9231,0.0769,0.9231,12,12,13,0.0,0.0,0.0,0.0769,0.0,1.0,0.0,1.0,0,0,0.75,4,3,0.5249,0.1,0.0769,0.7692,0.0,0.3077,0.0,0.0,0.75,0.0,0.0,0.0,-0.0,0.0,enter_inner,obstacle,0.9164,10.238589
1140,8.8807,4.3321,0,2.0,0.3333,16,7680,70,150.0,0.0,150.0,1.0,1.4583,0.125,0,0,0,0.0000,0.0,0.0000,0,0.75,0.25,0.875,12,14,16,0.0,0.0,0.0,0.125,0.0,1.0,0.0,1.0,0,0,0.6,5,3,0.5191,0.1,0.125,0.5625,0.0,0.3125,0.0,0.0,0.6,0.0,0.0,0.0,-0.0,0.0,inner_patrol,obstacle,0.9161,10.00035
1141,43.6749,21.3048,0,4.0,0.6667,39,18720,70,150.0,0.0,150.0,1.0,1.1966,0.1026,1,0,1,0.0256,0.0,0.0256,0,0.7436,0.2564,0.8974,29,35,39,0.0,0.0,0.0,0.1026,0.0,0.75,0.25,1.0,0,0,0.8,15,12,0.5539,0.1,0.1282,0.8718,0.0256,0.3846,0.0,0.0,0.8,0.0,0.0,0.0,0.5623,0.0,outer_patrol_b,road_edge,0.9158,10.588555
1142,76.1079,37.1258,1,6.0,1.0,47,22560,47,140.1429,3.6983,143.8412,0.6714,1.4894,0.1277,1,0,1,0.0213,0.0,0.0213,0,0.6809,0.3191,0.8085,32,38,47,0.7397,0.7397,5.7324,0.1915,0.5556,0.1111,0.3333,0.4444,0,0,0.6875,16,11,0.5711,0.1,0.1489,0.8298,0.0426,0.3404,0.0,0.0,0.6875,0.0,0.0,0.0,0.9369,0.0,completed,,0.9156,9.494356
1143,75.5428,36.8502,1,6.0,1.0,49,23520,49,141.0,2.9835,143.9835,0.7,1.4286,0.1224,1,0,1,0.0204,0.0,0.0204,0,0.7347,0.2653,0.8367,36,41,49,0.5967,0.5967,4.6244,0.1633,0.5,0.375,0.125,0.5,0,0,0.6111,18,11,0.5858,0.1,0.1429,0.8367,0.102,0.3673,0.0,0.0,0.6111,0.0,0.0,0.0,0.9743,0.0,completed,,0.9153,7.834767
1144,16.853,8.221,0,3.0,0.5,27,12960,70,150.0,1.2981,151.2981,1.0,1.2963,0.1111,0,0,0,0.0000,0.0,0.0000,0,0.7407,0.2593,0.7778,20,21,27,0.4327,0.4327,2.0121,0.2222,0.3333,0.3333,0.3333,0.6667,0,0,0.6667,12,8,0.6042,0.1,0.2222,0.9259,0.1111,0.4444,0.0,0.0,0.6667,0.0,0.0,0.0,1.0986,0.0,return_outer,obstacle,0.915,8.142044
1145,24.7763,12.086,0,4.0,0.6667,28,13440,70,150.0,1.3066,151.3066,1.0,1.6667,0.1429,0,0,0,0.0000,0.0,0.0000,0,0.6786,0.3214,0.8214,19,23,28,0.3266,0.3266,2.0252,0.1786,0.4,0.4,0.2,0.6,0,0,0.9231,13,12,0.5553,0.1,0.0714,0.8929,0.0,0.4643,0.0,0.0,0.9231,0.0,0.0,0.0,1.0549,0.0,outer_patrol_b,road_edge,0.9148,8.296158
1146,77.2792,37.6972,1,6.0,1.0,48,23040,48,140.5714,3.2766,143.848,0.6857,1.4583,0.125,0,0,0,0.0000,0.0,0.0000,0,0.6667,0.3333,0.7917,32,38,48,0.6553,0.6553,5.0787,0.2083,0.4,0.3,0.3,0.6,0,0,0.5882,17,10,0.5993,0.1,0.2292,0.7083,0.1042,0.3542,0.0,0.0,0.5882,0.0,0.0,0.0,1.0889,0.0,completed,,0.9145,9.635466
1147,80.4298,39.234,1,6.0,1.0,44,21120,44,138.8571,2.3477,141.2049,0.6286,1.5909,0.1364,1,0,1,0.0227,0.0,0.0227,0,0.6818,0.3182,0.8409,30,37,44,0.4695,0.4695,3.639,0.1591,0.4286,0.5714,0.0,0.5714,0,0,0.8889,9,8,0.5411,0.1,0.1136,0.75,0.0227,0.2045,0.0,0.0,0.8889,0.0,0.0,0.0,0.6829,0.0,completed,,0.9142,10.6718
1148,-4.544,-2.2166,0,0.0,0.0,16,7680,70,150.0,0.0,150.0,1.0,0.0,0.0,1,0,1,0.0625,0.0,0.0625,0,0.75,0.25,1.0,12,16,16,0.0,0.0,0.0,0.0,0.0,0.0,0.0,0.0,0,0,1.0,3,3,0.4826,0.1,0.0,0.75,0.0,0.1875,0.0,0.0,1.0,0.0,0.0,0.0,0.0,0.0,outer_patrol_a,road_edge,0.914,10.474892
1149,22.6083,11.0285,0,3.0,0.5,23,11040,70,150.0,0.0,150.0,1.0,1.5217,0.1304,1,0,1,0.0435,0.0,0.0435,0,0.7391,0.2609,0.8696,17,20,23,0.0,0.0,0.0,0.1304,0.0,0.3333,0.6667,1.0,0,0,0.8333,6,5,0.5459,0.1,0.087,0.7826,0.0,0.2609,0.0,0.0,0.8333,0.0,0.0,0.0,0.6365,0.0,return_outer,obstacle,0.9137,10.650298
1150,22.2337,10.8457,0,4.0,0.6667,31,14880,70,150.0,2.493,152.493,1.0,1.5054,0.129,1,0,1,0.0323,0.0,0.0323,0,0.6452,0.3548,0.7742,20,24,31,0.6232,0.6232,3.8641,0.2258,0.4286,0.4286,0.1429,0.5714,0,0,0.8,5,4,0.5482,0.1,0.129,0.8065,0.0,0.1613,0.0,0.0,0.8,0.0,0.0,0.0,1.0042,0.0,outer_patrol_b,road_edge,0.9134,9.06548
1151,-5.3618,-2.6155,0,1.0,0.1667,20,9600,70,150.0,0.7196,150.7196,1.0,0.5833,0.05,1,0,1,0.0500,0.0,0.0500,0,0.75,0.25,0.9,15,18,20,0.7196,0.7196,1.1153,0.1,0.5,0.0,0.5,0.5,0,0,0.2857,7,2,0.6001,0.1,0.3,0.7,0.15,0.35,0.0,0.0,0.2857,0.0,0.0,0.0,0.6931,0.0,enter_inner,obstacle,0.9131,7.742916
1152,86.0,45.6981,1,6.0,1.0,39,18720,39,136.7143,0.0,136.7143,0.5571,1.7949,0.1538,1,0,1,0.0256,0.0,0.0256,0,0.8205,0.1795,0.8718,32,34,39,0.0,0.0,0.0,0.1282,0.0,0.2,0.8,1.0,0,0,0.7273,11,8,0.538,0.1,0.1282,0.7436,0.0,0.2821,0.0,0.0,0.7273,0.0,0.0,0.0,0.5004,0.0,completed,,0.9129,8.537621
1153,33.7123,16.445,0,4.0,0.6667,28,13440,70,150.0,1.4098,151.4098,1.0,1.6667,0.1429,1,0,1,0.0357,0.0,0.0357,0,0.75,0.25,0.8571,21,24,28,0.3524,0.3524,2.1852,0.1786,0.4,0.4,0.2,0.6,0,0,0.8571,7,6,0.559,0.1,0.0714,0.75,0.0357,0.25,0.0,0.0,0.8571,0.0,0.0,0.0,1.0549,0.0,outer_patrol_b,road_edge,0.9126,8.098911
1154,17.5702,8.5708,0,2.0,0.3333,22,10560,70,150.0,0.8154,150.8154,1.0,1.0606,0.0909,0,0,0,0.0000,0.0,0.0000,0,0.8636,0.1364,0.8636,19,19,22,0.4077,0.4077,1.2639,0.1364,0.3333,0.0,0.6667,0.6667,0,0,0.8,10,8,0.552,0.1,0.1364,0.8636,0.0,0.4545,0.0,0.0,0.8,0.0,0.0,0.0,0.6365,0.0,inner_patrol,obstacle,0.9123,8.441945
1155,9.0294,4.4046,0,2.0,0.3333,17,8160,70,150.0,0.0,150.0,1.0,1.3725,0.1176,0,0,0,0.0000,0.0,0.0000,0,0.7647,0.2353,0.8824,13,15,17,0.0,0.0,0.0,0.1176,0.0,0.5,0.5,1.0,0,0,0.75,4,3,0.5257,0.1,0.0,0.7647,0.0,0.2353,0.0,0.0,0.75,0.0,0.0,0.0,0.6931,0.0,inner_patrol,obstacle,0.9121,8.845855
1156,85.9783,41.9406,1,6.0,1.0,43,20640,43,138.4286,1.6311,140.0596,0.6143,1.6279,0.1395,1,0,1,0.0233,0.0,0.0233,0,0.7907,0.2093,0.8605,34,37,43,0.3262,0.3262,2.5282,0.1395,0.3333,0.1667,0.5,0.6667,0,0,0.6154,13,8,0.5631,0.1,0.093,0.7674,0.0465,0.3023,0.0,0.0,0.6154,0.0,0.0,0.0,1.0114,0.0,completed,,0.9118,7.199015
1157,85.3636,41.6408,1,6.0,1.0,44,21120,44,138.8571,0.8281,139.6853,0.6286,1.5909,0.1364,0,0,0,0.0000,0.0,0.0000,0,0.75,0.25,0.8636,33,38,44,0.1656,0.1656,1.2836,0.1364,0.1667,0.5,0.3333,0.8333,0,0,0.6667,18,12,0.5629,0.1,0.1136,0.8409,0.0227,0.4091,0.0,0.0,0.6667,0.0,0.0,0.0,1.0114,0.0,completed,,0.9115,8.183127
1158,0.6651,0.3244,0,1.0,0.1667,14,6720,70,150.0,0.0,150.0,1.0,0.8333,0.0714,0,0,0,0.0000,0.0,0.0000,0,0.8571,0.1429,0.9286,12,13,14,0.0,0.0,0.0,0.0714,0.0,1.0,0.0,1.0,0,0,0.6667,3,2,0.5166,0.1,0.0714,0.6429,0.0,0.2143,0.0,0.0,0.6667,0.0,0.0,0.0,-0.0,0.0,enter_inner,obstacle,0.9113,7.53732
1159,-10.0,-8.2198,0,0.0,0.0,3,1440,70,150.0,0.0,150.0,1.0,0.0,0.0,1,0,1,0.3333,0.0,0.3333,0,1.0,0.0,1.0,3,3,3,0.0,0.0,0.0,0.0,0.0,0.0,0.0,0.0,0,0,0.0,0,0,0.5176,0.1,0.0,0.6667,0.0,0.0,0.0,0.0,0.0,0.0,0.0,0.0,0.0,0.0,outer_patrol_a,road_edge,0.911,7.624352
1160,86.0,43.2393,1,6.0,1.0,42,20160,42,138.0,1.571,139.571,0.6,1.6667,0.1429,1,0,1,0.0238,0.0,0.0238,0,0.7619,0.2381,0.8095,32,34,42,0.3142,0.3142,2.435,0.1905,0.25,0.375,0.375,0.75,0,0,0.7333,15,11,0.5791,0.1,0.1429,0.7381,0.0476,0.3571,0.0,0.0,0.7333,0.0,0.0,0.0,1.0822,0.0,completed,,0.9107,9.212235
1161,15.4256,7.5247,0,3.0,0.5,26,12480,70,150.0,2.0109,152.0109,1.0,1.3462,0.1154,1,0,1,0.0385,0.0,0.0385,0,0.7308,0.2692,0.8077,19,21,26,0.6703,0.6703,3.1168,0.1923,0.6,0.4,0.0,0.4,0,0,0.875,8,7,0.5766,0.1,0.1923,0.8462,0.0769,0.3077,0.0,0.0,0.875,0.0,0.0,0.0,0.673,0.0,return_outer,obstacle,0.9105,10.45474
1162,-0.3843,-0.1875,0,1.0,0.1667,15,7200,70,150.0,0.0,150.0,1.0,0.7778,0.0667,0,0,0,0.0000,0.0,0.0000,0,0.8,0.2,0.9333,12,14,15,0.0,0.0,0.0,0.0667,0.0,1.0,0.0,1.0,0,0,0.6,5,3,0.5238,0.1,0.0667,0.6667,0.0,0.3333,0.0,0.0,0.6,0.0,0.0,0.0,-0.0,0.0,enter_inner,obstacle,0.9102,9.64186
1163,-10.0,-5.0188,0,0.0,0.0,19,9120,70,150.0,0.0,150.0,1.0,0.0,0.0,1,0,1,0.0526,0.0,0.0526,0,0.6842,0.3158,1.0,13,19,19,0.0,0.0,0.0,0.0,0.0,0.0,0.0,0.0,0,0,0.5,4,2,0.5072,0.1,0.0,0.7895,0.0,0.2105,0.0,0.0,0.5,0.0,0.0,0.0,0.0,0.0,outer_patrol_a,road_edge,0.9099,10.472911
1164,-0.3655,-0.1783,0,1.0,0.1667,16,7680,70,150.0,0.0,150.0,1.0,0.7292,0.0625,1,0,1,0.0625,0.0,0.0625,0,0.875,0.125,0.9375,14,15,16,0.0,0.0,0.0,0.0625,0.0,0.0,1.0,1.0,0,0,0.5,6,3,0.5185,0.1,0.0625,0.625,0.0,0.375,0.0,0.0,0.5,0.0,0.0,0.0,-0.0,0.0,enter_inner,obstacle,0.9096,10.237034
1165,1.7673,0.8621,0,1.0,0.1667,13,6240,70,150.0,0.0,150.0,1.0,0.8974,0.0769,1,0,1,0.0769,0.0,0.0769,0,0.8462,0.1538,0.9231,11,12,13,0.0,0.0,0.0,0.0769,0.0,1.0,0.0,1.0,0,0,1.0,3,3,0.5073,0.1,0.0,0.8462,0.0,0.2308,0.0,0.0,1.0,0.0,0.0,0.0,-0.0,0.0,enter_inner,obstacle,0.9094,9.857272
1166,46.6863,22.7738,0,5.0,0.8333,40,19200,70,150.0,1.6718,151.6718,1.0,1.4583,0.125,1,0,1,0.0250,0.0,0.0250,0,0.75,0.25,0.85,30,34,40,0.3344,0.3344,2.5913,0.15,0.3333,0.3333,0.3333,0.6667,0,0,0.9,10,9,0.5532,0.1,0.075,0.65,0.05,0.25,0.0,0.0,0.9,0.0,0.0,0.0,1.0986,0.0,final_park,wall,0.9091,8.77709
1167,-0.3789,-0.1848,0,1.0,0.1667,16,7680,70,150.0,0.0,150.0,1.0,0.7292,0.0625,1,0,1,0.0625,0.0,0.0625,0,0.75,0.25,0.875,12,14,16,0.0,0.0,0.0,0.125,0.0,0.5,0.5,1.0,0,0,0.3333,3,1,0.5487,0.1,0.125,0.75,0.125,0.1875,0.0,0.0,0.3333,0.0,0.0,0.0,0.6931,0.0,enter_inner,obstacle,0.9088,9.952834
1168,86.0,43.9374,1,6.0,1.0,40,19200,40,137.1429,0.7311,137.874,0.5714,1.75,0.15,1,0,1,0.0250,0.0,0.0250,0,0.75,0.25,0.85,30,34,40,0.1462,0.1462,1.1333,0.15,0.1667,0.3333,0.5,0.8333,0,0,0.9167,12,11,0.5601,0.1,0.075,0.75,0.05,0.3,0.0,0.0,0.9167,0.0,0.0,0.0,1.0114,0.0,completed,,0.9086,9.311037
1169,85.6192,41.7655,1,6.0,1.0,46,22080,46,139.7143,1.4847,141.199,0.6571,1.5217,0.1304,1,0,1,0.0217,0.0,0.0217,0,0.7609,0.2391,0.8261,35,38,46,0.2969,0.2969,2.3013,0.1739,0.25,0.375,0.375,0.75,0,0,0.4545,11,5,0.5742,0.1,0.1522,0.8043,0.0652,0.2391,0.0,0.0,0.4545,0.0,0.0,0.0,1.0822,0.0,completed,,0.9083,8.211775
1170,16.4217,8.0106,0,3.0,0.5,26,12480,70,150.0,1.6387,151.6387,1.0,1.3462,0.1154,1,0,1,0.0385,0.0,0.0385,0,0.7308,0.2692,0.8077,19,21,26,0.5462,0.5462,2.54,0.1923,0.4,0.2,0.4,0.6,0,0,0.7,10,7,0.5569,0.1,0.1538,0.8077,0.0,0.3846,0.0,0.0,0.7,0.0,0.0,0.0,1.0549,0.0,return_outer,obstacle,0.908,6.533209
1171,-10.0,-8.2694,0,0.0,0.0,6,2880,70,150.0,0.0,150.0,1.0,0.0,0.0,0,0,0,0.0000,0.0,0.0000,0,0.8333,0.1667,1.0,5,6,6,0.0,0.0,0.0,0.0,0.0,0.0,0.0,0.0,0,0,0.0,1,0,0.511,0.1,0.0,0.1667,0.0,0.1667,0.0,0.0,0.0,0.0,0.0,0.0,0.0,0.0,outer_patrol_a,road_edge,0.9078,6.662354
1172,86.0,44.0275,1,6.0,1.0,42,20160,42,138.0,1.2371,139.2371,0.6,1.6667,0.1429,1,0,1,0.0238,0.0,0.0238,0,0.7381,0.2619,0.8333,31,35,42,0.2474,0.2474,1.9176,0.1667,0.2857,0.1429,0.5714,0.7143,0,0,0.9,10,9,0.5499,0.1,0.0476,0.6667,0.0238,0.2381,0.0,0.0,0.9,0.0,0.0,0.0,0.9557,0.0,completed,,0.9075,8.102107
1173,83.9515,40.9519,1,6.0,1.0,44,21120,44,138.8571,2.0639,140.9211,0.6286,1.5909,0.1364,0,0,0,0.0000,0.0,0.0000,0,0.7045,0.2955,0.8409,31,37,44,0.4128,0.4128,3.1991,0.1591,0.4286,0.2857,0.2857,0.5714,0,0,0.7273,11,8,0.5499,0.1,0.1364,0.7273,0.0227,0.25,0.0,0.0,0.7273,0.0,0.0,0.0,1.079,0.0,completed,,0.9072,10.170781
1174,21.9087,10.6872,0,3.0,0.5,25,12000,70,150.0,0.0,150.0,1.0,1.4,0.12,1,0,1,0.0400,0.0,0.0400,0,0.8,0.2,0.88,20,22,25,0.0,0.0,0.0,0.12,0.0,0.0,1.0,1.0,0,0,0.6667,6,4,0.5398,0.1,0.04,0.8,0.0,0.24,0.0,0.0,0.6667,0.0,0.0,0.0,-0.0,0.0,return_outer,obstacle,0.9069,9.842304
1175,0.5213,0.2543,0,0.0,0.0,12,5760,70,150.0,0.0,150.0,1.0,0.0,0.0,1,0,1,0.0833,0.0,0.0833,0,1.0,0.0,1.0,12,12,12,0.0,0.0,0.0,0.0,0.0,0.0,0.0,0.0,0,0,0.0,0,0,0.4911,0.1,0.0,0.5,0.0,0.0,0.0,0.0,0.0,0.0,0.0,0.0,0.0,0.0,outer_patrol_a,road_edge,0.9067,8.714761
1176,-10.0,-9.1229,0,0.0,0.0,2,960,70,150.0,0.0,150.0,1.0,0.0,0.0,1,0,1,0.5000,0.0,0.5000,0,1.0,0.0,1.0,2,2,2,0.0,0.0,0.0,0.0,0.0,0.0,0.0,0.0,0,0,0.0,0,0,0.4904,0.1,0.0,1.0,0.0,0.0,0.0,0.0,0.0,0.0,0.0,0.0,0.0,0.0,outer_patrol_a,road_edge,0.9064,8.714761
1177,86.0,42.8878,1,6.0,1.0,45,21600,45,139.2857,0.6603,139.9461,0.6429,1.5556,0.1333,0,0,0,0.0000,0.0,0.0000,0,0.7778,0.2222,0.8444,35,38,45,0.1321,0.1321,1.0235,0.1556,0.1429,0.2857,0.5714,0.8571,0,0,0.5789,19,11,0.5682,0.1,0.1333,0.8222,0.0444,0.4222,0.0,0.0,0.5789,0.0,0.0,0.0,0.9557,0.0,completed,,0.9061,8.987531
1178,86.0,44.2161,1,6.0,1.0,42,20160,42,138.0,1.3499,139.3499,0.6,1.6667,0.1429,0,0,0,0.0000,0.0,0.0000,0,0.7619,0.2381,0.8333,32,35,42,0.27,0.27,2.0924,0.1667,0.2857,0.2857,0.4286,0.7143,0,0,0.6667,12,8,0.5589,0.1,0.119,0.8333,0.0476,0.2857,0.0,0.0,0.6667,0.0,0.0,0.0,1.079,0.0,completed,,0.9059,8.50722
1179,85.136,41.5298,1,6.0,1.0,43,20640,43,138.4286,2.5059,140.9344,0.6143,1.6279,0.1395,1,0,1,0.0233,0.0,0.0233,0,0.7674,0.2326,0.8372,33,36,43,0.5012,0.5012,3.8841,0.1628,0.4286,0.1429,0.4286,0.5714,0,0,0.6429,14,9,0.5562,0.1,0.1163,0.814,0.0465,0.3256,0.0,0.0,0.6429,0.0,0.0,0.0,1.0042,0.0,completed,,0.9056,8.722954
1180,-8.2173,-4.0084,0,0.0,0.0,9,4320,70,150.0,0.0,150.0,1.0,0.0,0.0,1,0,1,0.1111,0.0,0.1111,0,0.8889,0.1111,1.0,8,9,9,0.0,0.0,0.0,0.0,0.0,0.0,0.0,0.0,0,0,0.0,0,0,0.4721,0.1,0.0,0.5556,0.0,0.0,0.0,0.0,0.0,0.0,0.0,0.0,0.0,0.0,outer_patrol_a,road_edge,0.9053,9.060036
1181,86.0,45.0134,1,6.0,1.0,38,18240,38,136.2857,1.4202,137.7059,0.5429,1.8421,0.1579,1,0,1,0.0263,0.0,0.0263,0,0.7632,0.2368,0.8158,29,31,38,0.284,0.284,2.2013,0.1842,0.2857,0.4286,0.2857,0.7143,0,0,0.8462,13,11,0.5707,0.1,0.1316,0.7895,0.0526,0.3421,0.0,0.0,0.8462,0.0,0.0,0.0,1.079,0.0,completed,,0.9051,8.750374
1182,0.0405,0.0197,0,1.0,0.1667,15,7200,70,150.0,0.0,150.0,1.0,0.7778,0.0667,1,0,1,0.0667,0.0,0.0667,0,0.8,0.2,0.9333,12,14,15,0.0,0.0,0.0,0.0667,0.0,1.0,0.0,1.0,0,0,0.75,4,3,0.5139,0.1,0.0667,0.6,0.0,0.2667,0.0,0.0,0.75,0.0,0.0,0.0,-0.0,0.0,enter_inner,obstacle,0.9048,9.070678
1183,86.0,42.3722,1,6.0,1.0,42,20160,42,138.0,1.7469,139.7469,0.6,1.6667,0.1429,1,0,1,0.0238,0.0,0.0238,0,0.7857,0.2143,0.8571,33,36,42,0.3494,0.3494,2.7077,0.1429,0.3333,0.3333,0.3333,0.6667,0,0,0.7857,14,11,0.556,0.1,0.119,0.8571,0.0238,0.3333,0.0,0.0,0.7857,0.0,0.0,0.0,1.0986,0.0,completed,,0.9045,7.848042
1184,-0.8525,-0.4158,0,1.0,0.1667,16,7680,70,150.0,0.0,150.0,1.0,0.7292,0.0625,1,0,1,0.0625,0.0,0.0625,0,0.8125,0.1875,0.9375,13,15,16,0.0,0.0,0.0,0.0625,0.0,1.0,0.0,1.0,0,0,0.0,1,0,0.4905,0.1,0.0625,0.625,0.0,0.0625,0.0,0.0,0.0,0.0,0.0,0.0,-0.0,0.0,enter_inner,obstacle,0.9043,7.946289
1185,28.6847,13.9925,0,4.0,0.6667,27,12960,70,150.0,0.6607,150.6607,1.0,1.7284,0.1481,0,0,0,0.0000,0.0,0.0000,0,0.7407,0.2593,0.8519,20,23,27,0.1652,0.1652,1.0241,0.1481,0.25,0.5,0.25,0.75,0,0,0.7143,7,5,0.5615,0.1,0.0741,0.8889,0.037,0.2593,0.0,0.0,0.7143,0.0,0.0,0.0,1.0397,0.0,outer_patrol_b,road_edge,0.904,8.230656
1186,21.312,10.3961,0,3.0,0.5,25,12000,70,150.0,0.6981,150.6981,1.0,1.4,0.12,1,0,1,0.0400,0.0,0.0400,0,0.72,0.28,0.8,18,20,25,0.2327,0.2327,1.0821,0.2,0.2,0.4,0.4,0.8,0,0,0.6,5,3,0.5537,0.1,0.12,0.76,0.04,0.2,0.0,0.0,0.6,0.0,0.0,0.0,1.0549,0.0,return_outer,obstacle,0.9037,8.281833
1187,41.3956,20.193,0,4.0,0.6667,35,16800,70,150.0,0.6765,150.6765,1.0,1.3333,0.1143,1,0,1,0.0286,0.0,0.0286,0,0.8286,0.1714,0.8857,29,31,35,0.1691,0.1691,1.0485,0.1143,0.25,0.75,0.0,0.75,0,0,0.8571,14,12,0.5551,0.1,0.0571,0.6857,0.0286,0.4,0.0,0.0,0.8571,0.0,0.0,0.0,0.5623,0.0,outer_patrol_b,road_edge,0.9034,9.531757
1188,-0.7636,-0.3725,0,1.0,0.1667,16,7680,70,150.0,0.0,150.0,1.0,0.7292,0.0625,1,0,1,0.0625,0.0,0.0625,0,0.8125,0.1875,0.9375,13,15,16,0.0,0.0,0.0,0.0625,0.0,1.0,0.0,1.0,0,0,0.5,4,2,0.5099,0.1,0.0625,0.75,0.0,0.25,0.0,0.0,0.5,0.0,0.0,0.0,-0.0,0.0,enter_inner,obstacle,0.9032,10.225336
1189,-0.5775,-0.2817,0,1.0,0.1667,16,7680,70,150.0,0.0,150.0,1.0,0.7292,0.0625,1,0,1,0.0625,0.0,0.0625,0,0.875,0.125,0.9375,14,15,16,0.0,0.0,0.0,0.0625,0.0,1.0,0.0,1.0,0,0,0.0,2,0,0.5071,0.1,0.0625,0.375,0.0,0.125,0.0,0.0,0.0,0.0,0.0,0.0,-0.0,0.0,enter_inner,obstacle,0.9029,9.432116
1190,11.4001,5.561,0,2.0,0.3333,15,7200,70,150.0,0.0,150.0,1.0,1.5556,0.1333,1,0,1,0.0667,0.0,0.0667,0,0.8667,0.1333,0.8667,13,13,15,0.0,0.0,0.0,0.1333,0.0,0.5,0.5,1.0,0,0,0.6,5,3,0.5291,0.1,0.0,0.8667,0.0,0.3333,0.0,0.0,0.6,0.0,0.0,0.0,0.6931,0.0,inner_patrol,obstacle,0.9026,8.65462
1191,86.0,44.273,1,6.0,1.0,41,19680,41,137.5714,1.468,139.0394,0.5857,1.7073,0.1463,0,0,0,0.0000,0.0,0.0000,0,0.8293,0.1707,0.878,34,36,41,0.2936,0.2936,2.2753,0.122,0.4,0.2,0.4,0.6,0,0,0.8182,11,9,0.5492,0.1,0.0732,0.7317,0.0244,0.2683,0.0,0.0,0.8182,0.0,0.0,0.0,1.0549,0.0,completed,,0.9024,9.249234
1192,80.2612,39.1518,1,6.0,1.0,49,23520,49,141.0,1.6964,142.6964,0.7,1.4286,0.1224,1,0,1,0.0204,0.0,0.0204,0,0.7347,0.2653,0.898,36,44,49,0.3393,0.3393,2.6294,0.102,0.4,0.2,0.4,0.6,0,0,0.5882,17,10,0.5572,0.1,0.102,0.7755,0.0204,0.3469,0.0,0.0,0.5882,0.0,0.0,0.0,1.0549,0.0,completed,,0.9021,10.107314
1193,-1.1649,-0.5682,0,1.0,0.1667,15,7200,70,150.0,0.7545,150.7545,1.0,0.7778,0.0667,1,0,1,0.0667,0.0,0.0667,0,0.8,0.2,0.8667,12,13,15,0.7545,0.7545,1.1695,0.1333,0.5,0.0,0.5,0.5,0,0,1.0,3,3,0.5216,0.1,0.0667,0.5333,0.0,0.2,0.0,0.0,1.0,0.0,0.0,0.0,0.6931,0.0,enter_inner,obstacle,0.9018,9.365972
1194,86.0,42.1645,1,6.0,1.0,42,20160,42,138.0,2.1013,140.1013,0.6,1.6667,0.1429,0,0,0,0.0000,0.0,0.0000,0,0.7143,0.2857,0.8333,30,35,42,0.4203,0.4203,3.257,0.1667,0.4286,0.4286,0.1429,0.5714,0,0,1.0,8,8,0.5498,0.1,0.0952,0.7143,0.0476,0.1905,0.0,0.0,1.0,0.0,0.0,0.0,1.0042,0.0,completed,,0.9016,9.940516
1195,86.0,44.655,1,6.0,1.0,43,20640,43,138.4286,0.7858,139.2144,0.6143,1.6279,0.1395,0,0,0,0.0000,0.0,0.0000,0,0.7674,0.2326,0.8372,33,36,43,0.1572,0.1572,1.218,0.1628,0.1429,0.1429,0.7143,0.8571,0,0,0.5,12,6,0.5654,0.1,0.1163,0.6744,0.0465,0.2791,0.0,0.0,0.5,0.0,0.0,0.0,0.7963,0.0,completed,,0.9013,9.29991
1196,30.21,14.7366,0,4.0,0.6667,27,12960,70,150.0,0.7702,150.7702,1.0,1.7284,0.1481,1,0,1,0.0370,0.0,0.0370,0,0.7037,0.2963,0.8148,19,22,27,0.1925,0.1925,1.1938,0.1852,0.2,0.2,0.6,0.8,0,0,0.5,4,2,0.5341,0.1,0.037,0.7407,0.0,0.1481,0.0,0.0,0.5,0.0,0.0,0.0,0.9503,0.0,outer_patrol_b,road_edge,0.901,9.521758
1197,22.9883,11.2138,0,3.0,0.5,23,11040,70,150.0,0.7145,150.7145,1.0,1.5217,0.1304,1,0,1,0.0435,0.0,0.0435,0,0.7826,0.2174,0.8261,18,19,23,0.2382,0.2382,1.1075,0.1739,0.25,0.25,0.5,0.75,0,0,1.0,8,8,0.5484,0.1,0.087,0.8696,0.0,0.3478,0.0,0.0,1.0,0.0,0.0,0.0,1.0397,0.0,return_outer,obstacle,0.9007,9.56979
1198,53.6787,26.1847,0,5.0,0.8333,39,18720,70,150.0,0.7049,150.7049,1.0,1.4957,0.1282,1,0,1,0.0256,0.0,0.0256,0,0.7949,0.2051,0.8462,31,33,39,0.141,0.141,1.0926,0.1538,0.1667,0.1667,0.6667,0.8333,0,0,0.6667,12,8,0.5588,0.1,0.1026,0.641,0.0256,0.3077,0.0,0.0,0.6667,0.0,0.0,0.0,0.8676,0.0,final_park,wall,0.9005,8.764619
1199,86.0,45.8551,1,6.0,1.0,39,18720,39,136.7143,0.7085,137.4227,0.5571,1.7949,0.1538,1,0,1,0.0256,0.0,0.0256,0,0.7436,0.2564,0.8462,29,33,39,0.1417,0.1417,1.0981,0.1538,0.1667,0.3333,0.5,0.8333,0,0,1.0,9,9,0.5467,0.1,0.0769,0.7692,0.0256,0.2308,0.0,0.0,1.0,0.0,0.0,0.0,1.0114,0.0,completed,,0.9002,8.155998
1200,86.0,44.9904,1,6.0,1.0,40,19200,40,137.1429,1.6603,138.8031,0.5714,1.75,0.15,1,0,1,0.0250,0.0,0.0250,0,0.75,0.25,0.8,30,32,40,0.3321,0.3321,2.5734,0.2,0.25,0.25,0.5,0.75,0,0,0.8667,15,13,0.5719,0.1,0.1,0.75,0.05,0.375,0.0,0.0,0.8667,0.0,0.0,0.0,1.0397,0.0,completed,,0.8999,9.338403
1201,86.0,43.901,1,6.0,1.0,43,20640,43,138.4286,0.7687,139.1973,0.6143,1.6279,0.1395,1,0,1,0.0233,0.0,0.0233,0,0.7674,0.2326,0.8837,33,38,43,0.1537,0.1537,1.1916,0.1163,0.2,0.4,0.4,0.8,0,0,0.8,10,8,0.5376,0.1,0.0465,0.7907,0.0,0.2326,0.0,0.0,0.8,0.0,0.0,0.0,1.0549,0.0,completed,,0.8997,10.124972
1202,-2.9593,-1.4435,0,1.0,0.1667,18,8640,70,150.0,0.6199,150.6199,1.0,0.6481,0.0556,1,0,1,0.0556,0.0,0.0556,0,0.7222,0.2778,0.8889,13,16,18,0.6199,0.6199,0.9608,0.1111,0.5,0.0,0.5,0.5,0,0,0.6,5,3,0.5223,0.1,0.0556,0.7222,0.0,0.2778,0.0,0.0,0.6,0.0,0.0,0.0,0.6931,0.0,enter_inner,obstacle,0.8994,10.940853
1203,86.0,42.4421,1,6.0,1.0,43,20640,43,138.4286,2.1969,140.6255,0.6143,1.6279,0.1395,0,0,0,0.0000,0.0,0.0000,0,0.7674,0.2326,0.8372,33,36,43,0.4394,0.4394,3.4052,0.1628,0.4286,0.2857,0.2857,0.5714,0,0,0.8,15,12,0.5626,0.1,0.1163,0.7674,0.0465,0.3488,0.0,0.0,0.8,0.0,0.0,0.0,1.079,0.0,completed,,0.8991,11.227463
1204,35.5385,17.3359,0,4.0,0.6667,23,11040,70,150.0,0.0,150.0,1.0,2.029,0.1739,1,0,1,0.0435,0.0,0.0435,0,0.7826,0.2174,0.8261,18,19,23,0.0,0.0,0.0,0.1739,0.0,0.0,1.0,1.0,0,0,1.0,5,5,0.5545,0.1,0.0435,0.8696,0.0435,0.2174,0.0,0.0,1.0,0.0,0.0,0.0,-0.0,0.0,outer_patrol_b,road_edge,0.8989,11.057794
1205,86.0,44.5775,1,6.0,1.0,39,18720,39,136.7143,2.164,138.8783,0.5571,1.7949,0.1538,0,0,0,0.0000,0.0,0.0000,0,0.7949,0.2051,0.8462,31,33,39,0.4328,0.4328,3.3542,0.1538,0.5,0.3333,0.1667,0.5,0,0,1.0,9,9,0.5497,0.1,0.0769,0.7436,0.0,0.2308,0.0,0.0,1.0,0.0,0.0,0.0,1.0114,0.0,completed,,0.8986,10.867716
1206,23.3429,11.3868,0,3.0,0.5,24,11520,70,150.0,0.0,150.0,1.0,1.4583,0.125,1,0,1,0.0417,0.0,0.0417,0,0.7917,0.2083,0.875,19,21,24,0.0,0.0,0.0,0.125,0.0,0.6667,0.3333,1.0,0,0,0.5714,7,4,0.5507,0.1,0.125,0.7917,0.0417,0.2917,0.0,0.0,0.5714,0.0,0.0,0.0,0.6365,0.0,return_outer,obstacle,0.8983,10.49168
1207,14.5386,7.092,0,3.0,0.5,30,14400,70,150.0,2.2107,152.2107,1.0,1.1667,0.1,1,0,1,0.0333,0.0,0.0333,0,0.7667,0.2333,0.8333,23,25,30,0.7369,0.7369,3.4266,0.1667,0.6,0.2,0.2,0.4,0,0,0.5455,11,6,0.5965,0.1,0.2,0.8333,0.1333,0.3667,0.0,0.0,0.5455,0.0,0.0,0.0,0.9503,0.0,return_outer,obstacle,0.8981,9.423703
1208,10.4142,5.0801,0,2.0,0.3333,16,7680,70,150.0,0.0,150.0,1.0,1.4583,0.125,1,0,1,0.0625,0.0,0.0625,0,0.75,0.25,0.875,12,14,16,0.0,0.0,0.0,0.125,0.0,1.0,0.0,1.0,0,0,1.0,3,3,0.512,0.1,0.0625,0.625,0.0,0.1875,0.0,0.0,1.0,0.0,0.0,0.0,-0.0,0.0,inner_patrol,obstacle,0.8978,9.775934
1209,45.6797,22.2828,0,5.0,0.8333,43,20640,70,150.0,1.7455,151.7455,1.0,1.3566,0.1163,1,0,1,0.0233,0.0,0.0233,0,0.7442,0.2558,0.8605,32,37,43,0.3491,0.3491,2.7056,0.1395,0.3333,0.5,0.1667,0.6667,0,0,0.6154,13,8,0.5498,0.1,0.0465,0.7907,0.0233,0.3023,0.0,0.0,0.6154,0.0,0.0,0.0,1.0114,0.0,final_park,wall,0.8975,9.962449
1210,86.0,45.6692,1,6.0,1.0,41,19680,41,137.5714,0.8004,138.3718,0.5857,1.7073,0.1463,1,0,1,0.0244,0.0,0.0244,0,0.7317,0.2683,0.8293,30,34,41,0.1601,0.1601,1.2405,0.1707,0.1429,0.4286,0.4286,0.8571,0,0,0.75,8,6,0.5557,0.1,0.0488,0.6829,0.0488,0.1951,0.0,0.0,0.75,0.0,0.0,0.0,1.0042,0.0,completed,,0.8972,10.629956
1211,23.1235,11.2798,0,4.0,0.6667,35,16800,70,150.0,3.4573,153.4573,1.0,1.3333,0.1143,0,0,0,0.0000,0.0,0.0000,0,0.6857,0.3143,0.7714,24,27,35,0.8643,0.8643,5.3589,0.2286,0.625,0.125,0.25,0.375,0,0,0.5385,13,7,0.5958,0.1,0.2286,0.8286,0.1143,0.3714,0.0,0.0,0.5385,0.0,0.0,0.0,0.9003,0.0,outer_patrol_b,road_edge,0.897,11.090979
1212,25.5092,12.4435,0,4.0,0.6667,27,12960,70,150.0,2.4497,152.4497,1.0,1.7284,0.1481,1,0,1,0.0370,0.0,0.0370,0,0.7037,0.2963,0.7778,19,21,27,0.6124,0.6124,3.797,0.2222,0.5,0.3333,0.1667,0.5,0,0,1.0,10,10,0.5816,0.1,0.1481,0.7778,0.037,0.3704,0.0,0.0,1.0,0.0,0.0,0.0,1.0114,0.0,outer_patrol_b,road_edge,0.8967,9.732305
1213,84.772,41.3522,1,6.0,1.0,45,21600,45,139.2857,2.3642,141.6499,0.6429,1.5556,0.1333,1,0,1,0.0222,0.0,0.0222,0,0.7778,0.2222,0.8667,35,39,45,0.4728,0.4728,3.6644,0.1333,0.5,0.1667,0.3333,0.5,0,0,0.7222,18,13,0.5666,0.1,0.1111,0.8222,0.0444,0.4,0.0,0.0,0.7222,0.0,0.0,0.0,1.0114,0.0,completed,,0.8964,9.047015
1214,20.6811,10.0883,0,3.0,0.5,24,11520,70,150.0,1.4099,151.4099,1.0,1.4583,0.125,1,0,1,0.0417,0.0,0.0417,0,0.8333,0.1667,0.8333,20,20,24,0.47,0.47,2.1854,0.1667,0.5,0.5,0.0,0.5,0,0,0.7143,7,5,0.5512,0.1,0.1667,0.8333,0.0,0.2917,0.0,0.0,0.7143,0.0,0.0,0.0,0.6931,0.0,return_outer,obstacle,0.8962,7.878291
1215,86.0,43.7396,1,6.0,1.0,40,19200,40,137.1429,2.9551,140.098,0.5714,1.75,0.15,1,0,1,0.0250,0.0,0.0250,0,0.8,0.2,0.825,32,33,40,0.591,0.591,4.5804,0.175,0.5714,0.2857,0.1429,0.4286,0,0,0.875,8,7,0.5421,0.1,0.075,0.7,0.0,0.2,0.0,0.0,0.875,0.0,0.0,0.0,0.9557,0.0,completed,,0.8959,9.656294
1216,12.6541,6.1727,0,2.0,0.3333,14,6720,70,150.0,0.0,150.0,1.0,1.6667,0.1429,0,0,0,0.0000,0.0,0.0000,0,0.7857,0.2143,0.8571,11,12,14,0.0,0.0,0.0,0.1429,0.0,0.5,0.5,1.0,0,0,1.0,6,6,0.5492,0.1,0.0714,0.9286,0.0714,0.4286,0.0,0.0,1.0,0.0,0.0,0.0,0.6931,0.0,inner_patrol,obstacle,0.8956,9.044911
1217,11.1611,5.4444,0,2.0,0.3333,22,10560,70,150.0,0.0,150.0,1.0,1.0606,0.0909,1,0,1,0.0455,0.0,0.0455,0,0.6818,0.3182,0.9091,15,20,22,0.0,0.0,0.0,0.0909,0.0,0.0,1.0,1.0,0,0,0.5714,7,4,0.5292,0.1,0.0909,0.8636,0.0,0.3182,0.0,0.0,0.5714,0.0,0.0,0.0,-0.0,0.0,inner_patrol,obstacle,0.8954,8.61708
1218,14.4294,7.0387,0,3.0,0.5,26,12480,70,150.0,3.4256,153.4256,1.0,1.3462,0.1154,1,0,1,0.0385,0.0,0.0385,0,0.8077,0.1923,0.8077,21,21,26,1.1419,1.1419,5.3097,0.1923,0.8,0.0,0.2,0.2,0,0,0.75,8,6,0.594,0.1,0.1923,0.7692,0.1154,0.3077,0.0,0.0,0.75,0.0,0.0,0.0,0.5004,0.0,return_outer,obstacle,0.8951,8.131097
1219,54.3003,26.4879,0,5.0,0.8333,39,18720,70,150.0,0.8114,150.8114,1.0,1.4957,0.1282,0,0,0,0.0000,0.0,0.0000,0,0.8462,0.1538,0.8718,33,34,39,0.1623,0.1623,1.2577,0.1282,0.2,0.2,0.6,0.8,0,0,0.6667,9,6,0.5307,0.1,0.0513,0.7436,0.0,0.2308,0.0,0.0,0.6667,0.0,0.0,0.0,0.9503,0.0,final_park,wall,0.8948,7.923624
1220,1.9565,0.9544,0,1.0,0.1667,15,7200,70,150.0,0.0,150.0,1.0,0.7778,0.0667,1,0,1,0.0667,0.0,0.0667,0,0.8,0.2,0.8667,12,13,15,0.0,0.0,0.0,0.1333,0.0,0.0,1.0,1.0,0,0,0.25,4,1,0.5591,0.1,0.1333,0.6,0.0667,0.2667,0.0,0.0,0.25,0.0,0.0,0.0,-0.0,0.0,enter_inner,obstacle,0.8945,7.896399
1221,0.8322,0.4059,0,1.0,0.1667,15,7200,70,150.0,0.0,150.0,1.0,0.7778,0.0667,0,0,0,0.0000,0.0,0.0000,0,0.8,0.2,0.9333,12,14,15,0.0,0.0,0.0,0.0667,0.0,1.0,0.0,1.0,0,0,0.6667,3,2,0.5348,0.1,0.0667,0.7333,0.0667,0.2,0.0,0.0,0.6667,0.0,0.0,0.0,-0.0,0.0,enter_inner,obstacle,0.8943,8.153031
1222,86.0,46.1298,1,6.0,1.0,40,19200,40,137.1429,0.8823,138.0251,0.5714,1.75,0.15,1,0,1,0.0250,0.0,0.0250,0,0.825,0.175,0.875,33,35,40,0.1765,0.1765,1.3675,0.125,0.2,0.2,0.6,0.8,0,0,0.875,8,7,0.543,0.1,0.025,0.8,0.0,0.2,0.0,0.0,0.875,0.0,0.0,0.0,0.9503,0.0,completed,,0.894,8.731011
1223,33.9884,16.5797,0,4.0,0.6667,25,12000,70,150.0,0.0,150.0,1.0,1.8667,0.16,1,0,1,0.0400,0.0,0.0400,0,0.72,0.28,0.84,18,21,25,0.0,0.0,0.0,0.16,0.0,0.25,0.75,1.0,0,0,0.7,10,7,0.5487,0.1,0.08,0.88,0.0,0.4,0.0,0.0,0.7,0.0,0.0,0.0,0.5623,0.0,outer_patrol_b,road_edge,0.8937,7.815277
1224,25.3405,12.3612,0,3.0,0.5,24,11520,70,150.0,0.0,150.0,1.0,1.4583,0.125,0,0,0,0.0000,0.0,0.0000,0,0.8333,0.1667,0.8333,20,20,24,0.0,0.0,0.0,0.1667,0.0,0.5,0.5,1.0,0,0,0.5714,7,4,0.5685,0.1,0.0833,0.9167,0.0417,0.2917,0.0,0.0,0.5714,0.0,0.0,0.0,0.6931,0.0,return_outer,obstacle,0.8935,7.91409
1225,86.0,45.7532,1,6.0,1.0,42,20160,42,138.0,0.7045,138.7045,0.6,1.6667,0.1429,1,0,1,0.0238,0.0,0.0238,0,0.7619,0.2381,0.8333,32,35,42,0.1409,0.1409,1.092,0.1667,0.1429,0.4286,0.4286,0.8571,0,0,0.7143,14,10,0.5605,0.1,0.119,0.8333,0.0714,0.3333,0.0,0.0,0.7143,0.0,0.0,0.0,1.0042,0.0,completed,,0.8932,8.251721
1226,86.0,42.6231,1,6.0,1.0,45,21600,45,139.2857,2.1518,141.4375,0.6429,1.5556,0.1333,0,0,0,0.0000,0.0,0.0000,0,0.7556,0.2444,0.8444,34,38,45,0.4304,0.4304,3.3353,0.1556,0.4286,0.2857,0.2857,0.5714,0,0,0.7143,14,10,0.5604,0.1,0.1556,0.6667,0.0222,0.3111,0.0,0.0,0.7143,0.0,0.0,0.0,1.079,0.0,completed,,0.8929,9.215571
1227,2.154,1.0507,0,1.0,0.1667,14,6720,70,150.0,0.0,150.0,1.0,0.8333,0.0714,1,0,1,0.0714,0.0,0.0714,0,0.9286,0.0714,0.9286,13,13,14,0.0,0.0,0.0,0.0714,0.0,1.0,0.0,1.0,0,0,0.75,4,3,0.5256,0.1,0.0714,0.6429,0.0,0.2857,0.0,0.0,0.75,0.0,0.0,0.0,-0.0,0.0,enter_inner,obstacle,0.8927,10.61861
1228,16.5267,8.0618,0,2.0,0.3333,24,11520,70,150.0,0.0,150.0,1.0,0.9722,0.0833,1,0,1,0.0417,0.0,0.0417,0,0.75,0.25,0.875,18,21,24,0.0,0.0,0.0,0.125,0.0,0.3333,0.6667,1.0,0,0,0.4,5,2,0.5446,0.1,0.0833,0.6667,0.0417,0.2083,0.0,0.0,0.4,0.0,0.0,0.0,0.6365,0.0,inner_patrol,obstacle,0.8924,9.349728
1229,43.6704,21.3026,0,4.0,0.6667,39,18720,70,150.0,0.0,150.0,1.0,1.1966,0.1026,1,0,1,0.0256,0.0,0.0256,0,0.7436,0.2564,0.8974,29,35,39,0.0,0.0,0.0,0.1026,0.0,0.75,0.25,1.0,0,0,0.7778,9,7,0.5421,0.1,0.0256,0.7436,0.0,0.2308,0.0,0.0,0.7778,0.0,0.0,0.0,0.5623,0.0,outer_patrol_b,road_edge,0.8921,8.266396
1230,19.4707,9.4979,0,3.0,0.5,25,12000,70,150.0,1.6839,151.6839,1.0,1.4,0.12,0,0,0,0.0000,0.0,0.0000,0,0.72,0.28,0.8,18,20,25,0.5613,0.5613,2.6101,0.2,0.4,0.4,0.2,0.6,0,0,0.75,4,3,0.5808,0.1,0.12,0.76,0.12,0.16,0.0,0.0,0.75,0.0,0.0,0.0,1.0549,0.0,return_outer,obstacle,0.8919,8.784308
1231,86.0,45.1445,1,6.0,1.0,42,20160,42,138.0,1.549,139.549,0.6,1.6667,0.1429,1,0,1,0.0238,0.0,0.0238,0,0.6905,0.3095,0.8095,29,34,42,0.3098,0.3098,2.401,0.1905,0.25,0.0,0.75,0.75,0,0,0.8,10,8,0.5743,0.1,0.119,0.7381,0.0714,0.2381,0.0,0.0,0.8,0.0,0.0,0.0,0.5623,0.0,completed,,0.8916,10.315557
1232,86.0,47.3811,1,6.0,1.0,40,19200,40,137.1429,0.0,137.1429,0.5714,1.75,0.15,1,0,1,0.0250,0.0,0.0250,0,0.775,0.225,0.85,31,34,40,0.0,0.0,0.0,0.15,0.0,0.1667,0.8333,1.0,0,0,0.6667,9,6,0.5652,0.1,0.075,0.725,0.05,0.225,0.0,0.0,0.6667,0.0,0.0,0.0,0.4506,0.0,completed,,0.8913,13.263933
1233,-0.452,-0.2205,0,1.0,0.1667,15,7200,70,150.0,0.7934,150.7934,1.0,0.7778,0.0667,1,0,1,0.0667,0.0,0.0667,0,0.8667,0.1333,0.8667,13,13,15,0.7934,0.7934,1.2297,0.1333,0.5,0.5,0.0,0.5,0,0,0.6667,3,2,0.5229,0.1,0.1333,0.7333,0.0667,0.2,0.0,0.0,0.6667,0.0,0.0,0.0,0.6931,0.0,enter_inner,obstacle,0.891,11.579908
1234,37.1599,18.1268,0,4.0,0.6667,28,13440,70,150.0,1.5053,151.5053,1.0,1.6667,0.1429,1,0,1,0.0357,0.0,0.0357,0,0.75,0.25,0.8214,21,23,28,0.3763,0.3763,2.3332,0.2143,0.3333,0.1667,0.5,0.6667,0,0,1.0,9,9,0.5726,0.1,0.1429,0.7857,0.1071,0.3214,0.0,0.0,1.0,0.0,0.0,0.0,1.0114,0.0,outer_patrol_b,road_edge,0.8908,10.384471
1235,14.3295,6.99,0,2.0,0.3333,25,12000,70,150.0,1.2953,151.2953,1.0,0.9333,0.08,1,0,1,0.0400,0.0,0.0400,0,0.84,0.16,0.84,21,21,25,0.6477,0.6477,2.0077,0.16,0.5,0.25,0.25,0.5,0,0,0.375,8,3,0.5893,0.1,0.24,0.8,0.12,0.32,0.0,0.0,0.375,0.0,0.0,0.0,1.0397,0.0,inner_patrol,obstacle,0.8905,10.456361
1236,86.0,45.4141,1,6.0,1.0,42,20160,42,138.0,0.7689,138.7689,0.6,1.6667,0.1429,1,0,1,0.0238,0.0,0.0238,0,0.7143,0.2857,0.8333,30,35,42,0.1538,0.1538,1.1918,0.1667,0.1429,0.4286,0.4286,0.8571,0,0,0.7059,17,12,0.5705,0.1,0.119,0.7381,0.0238,0.4048,0.0,0.0,0.7059,0.0,0.0,0.0,1.0042,0.0,completed,,0.8902,8.531487
1237,-0.7593,-0.3704,0,1.0,0.1667,18,8640,70,150.0,0.0,150.0,1.0,0.6481,0.0556,1,0,1,0.0556,0.0,0.0556,0,0.7222,0.2778,0.8889,13,16,18,0.0,0.0,0.0,0.1111,0.0,0.5,0.5,1.0,0,0,0.5,8,4,0.5585,0.1,0.1111,0.8333,0.1111,0.4444,0.0,0.0,0.5,0.0,0.0,0.0,0.6931,0.0,enter_inner,obstacle,0.89,9.694455
1238,-4.3922,-2.1425,0,1.0,0.1667,19,9120,70,150.0,1.3447,151.3447,1.0,0.614,0.0526,1,0,1,0.0526,0.0,0.0526,0,0.7368,0.2632,0.8421,14,16,19,1.3447,1.3447,2.0842,0.1053,1.0,0.0,0.0,0.0,0,0,0.5556,9,5,0.6037,0.1,0.2105,0.8947,0.2105,0.4737,0.0,0.0,0.5556,0.0,0.0,0.0,-0.0,0.0,enter_inner,red_light,0.8897,9.957454
1239,86.0,44.2977,1,6.0,1.0,41,19680,41,137.5714,2.1974,139.7689,0.5857,1.7073,0.1463,0,0,0,0.0000,0.0,0.0000,0,0.6829,0.3171,0.8049,28,33,41,0.4395,0.4395,3.406,0.1951,0.375,0.125,0.5,0.625,0,0,0.9444,18,17,0.5512,0.1,0.122,0.878,0.0,0.439,0.0,0.0,0.9444,0.0,0.0,0.0,0.9743,0.0,completed,,0.8894,10.197057
1240,86.0,45.6606,1,6.0,1.0,39,18720,39,136.7143,1.5804,138.2947,0.5571,1.7949,0.1538,1,0,1,0.0256,0.0,0.0256,0,0.7949,0.2051,0.8205,31,32,39,0.3161,0.3161,2.4497,0.1795,0.2857,0.2857,0.4286,0.7143,0,0,0.8571,7,6,0.56,0.1,0.1026,0.7179,0.0769,0.1795,0.0,0.0,0.8571,0.0,0.0,0.0,1.079,0.0,completed,,0.8892,10.638564
1241,32.7969,15.9985,0,4.0,0.6667,28,13440,70,150.0,0.0,150.0,1.0,1.6667,0.1429,0,0,0,0.0000,0.0,0.0000,0,0.75,0.25,0.8214,21,23,28,0.0,0.0,0.0,0.1786,0.0,0.4,0.6,1.0,0,0,0.5455,11,6,0.5688,0.1,0.1071,0.7857,0.0714,0.3929,0.0,0.0,0.5455,0.0,0.0,0.0,0.673,0.0,outer_patrol_b,road_edge,0.8889,11.00579
1242,28.0682,13.6918,0,4.0,0.6667,29,13920,70,150.0,1.5363,151.5363,1.0,1.6092,0.1379,1,0,1,0.0345,0.0,0.0345,0,0.7931,0.2069,0.8276,23,24,29,0.3841,0.3841,2.3812,0.1724,0.4,0.4,0.2,0.6,0,0,0.7,10,7,0.6052,0.1,0.1724,0.6207,0.1379,0.3448,0.0,0.0,0.7,0.0,0.0,0.0,1.0549,0.0,outer_patrol_b,road_edge,0.8886,10.059953
1243,26.6132,12.982,0,3.0,0.5,22,10560,70,150.0,0.0,150.0,1.0,1.5909,0.1364,0,0,0,0.0000,0.0,0.0000,0,0.8182,0.1818,0.8636,18,19,22,0.0,0.0,0.0,0.1364,0.0,0.6667,0.3333,1.0,0,0,0.875,8,7,0.5472,0.1,0.0455,0.8182,0.0,0.3636,0.0,0.0,0.875,0.0,0.0,0.0,0.6365,0.0,return_outer,obstacle,0.8883,10.735488
1244,86.0,45.649,1,6.0,1.0,44,21120,44,138.8571,0.685,139.5421,0.6286,1.5909,0.1364,1,0,1,0.0227,0.0,0.0227,0,0.7273,0.2727,0.8636,32,38,44,0.137,0.137,1.0617,0.1364,0.1667,0.1667,0.6667,0.8333,0,0,0.7,10,7,0.5469,0.1,0.0455,0.6136,0.0227,0.2273,0.0,0.0,0.7,0.0,0.0,0.0,0.8676,0.0,completed,,0.8881,9.027247
1245,85.9886,41.9456,1,6.0,1.0,47,22560,47,140.1429,2.663,142.8059,0.6714,1.4894,0.1277,0,0,0,0.0000,0.0,0.0000,0,0.6809,0.3191,0.8298,32,39,47,0.5326,0.5326,4.1277,0.1702,0.5,0.125,0.375,0.5,0,0,0.6923,13,9,0.5655,0.1,0.1489,0.766,0.0638,0.2766,0.0,0.0,0.6923,0.0,0.0,0.0,0.9743,0.0,completed,,0.8878,9.067252
1246,0.2421,0.1181,0,1.0,0.1667,16,7680,70,150.0,0.7048,150.7048,1.0,0.7292,0.0625,0,0,0,0.0000,0.0,0.0000,0,0.8125,0.1875,0.875,13,14,16,0.7048,0.7048,1.0924,0.125,0.5,0.0,0.5,0.5,0,0,0.5,4,2,0.5327,0.1,0.1875,0.75,0.0625,0.25,0.0,0.0,0.5,0.0,0.0,0.0,0.6931,0.0,enter_inner,obstacle,0.8875,8.98171
1247,0.6532,0.3186,0,0.0,0.0,13,6240,70,150.0,0.0,150.0,1.0,0.0,0.0,1,0,1,0.0769,0.0,0.0769,0,0.9231,0.0769,1.0,12,13,13,0.0,0.0,0.0,0.0,0.0,0.0,0.0,0.0,0,0,1.0,4,4,0.4876,0.1,0.0,0.7692,0.0,0.3077,0.0,0.0,1.0,0.0,0.0,0.0,0.0,0.0,outer_patrol_a,road_edge,0.8873,9.165374
1248,-10.0,-8.0447,0,0.0,0.0,3,1440,70,150.0,0.0,150.0,1.0,0.0,0.0,0,0,0,0.0000,0.0,0.0000,0,1.0,0.0,1.0,3,3,3,0.0,0.0,0.0,0.0,0.0,0.0,0.0,0.0,0,0,1.0,1,1,0.555,0.1,0.0,0.3333,0.0,0.3333,0.0,0.0,1.0,0.0,0.0,0.0,0.0,0.0,outer_patrol_a,road_edge,0.887,9.098536
1249,86.0,44.7318,1,6.0,1.0,43,20640,43,138.4286,0.7831,139.2117,0.6143,1.6279,0.1395,1,0,1,0.0233,0.0,0.0233,0,0.6977,0.3023,0.8837,30,38,43,0.1566,0.1566,1.2138,0.1163,0.2,0.4,0.4,0.8,0,0,0.875,8,7,0.5372,0.1,0.0465,0.7209,0.0,0.186,0.0,0.0,0.875,0.0,0.0,0.0,1.0549,0.0,completed,,0.8867,10.554135
1250,21.58,10.5268,0,3.0,0.5,25,12000,70,150.0,0.8264,150.8264,1.0,1.4,0.12,1,0,1,0.0400,0.0,0.0400,0,0.76,0.24,0.84,19,21,25,0.2755,0.2755,1.2809,0.16,0.25,0.5,0.25,0.75,0,0,0.7143,7,5,0.5447,0.1,0.08,0.76,0.0,0.28,0.0,0.0,0.7143,0.0,0.0,0.0,1.0397,0.0,return_outer,obstacle,0.8865,10.513689
1251,56.0658,27.3492,0,5.0,0.8333,37,17760,70,150.0,1.6931,151.6931,1.0,1.5766,0.1351,1,0,1,0.0270,0.0,0.0270,0,0.8108,0.1892,0.8378,30,31,37,0.3386,0.3386,2.6243,0.1622,0.3333,0.3333,0.3333,0.6667,0,0,1.0,4,4,0.5431,0.1,0.0,0.6216,0.0,0.1081,0.0,0.0,1.0,0.0,0.0,0.0,1.0986,0.0,final_park,wall,0.8862,11.055114
1252,-10.0,-8.45,0,0.0,0.0,4,1920,70,150.0,0.0,150.0,1.0,0.0,0.0,1,0,1,0.2500,0.0,0.2500,0,1.0,0.0,1.0,4,4,4,0.0,0.0,0.0,0.0,0.0,0.0,0.0,0.0,0,0,0.0,0,0,0.4995,0.1,0.0,0.5,0.0,0.0,0.0,0.0,0.0,0.0,0.0,0.0,0.0,0.0,outer_patrol_a,road_edge,0.8859,11.298279
1253,0.7165,0.3495,0,1.0,0.1667,16,7680,70,150.0,0.0,150.0,1.0,0.7292,0.0625,1,0,1,0.0625,0.0,0.0625,0,0.8125,0.1875,0.9375,13,15,16,0.0,0.0,0.0,0.0625,0.0,0.0,1.0,1.0,0,0,1.0,2,2,0.5162,0.1,0.0,0.625,0.0,0.125,0.0,0.0,1.0,0.0,0.0,0.0,-0.0,0.0,enter_inner,obstacle,0.8857,11.341799
1254,54.6734,26.6699,0,5.0,0.8333,40,19200,70,150.0,0.7132,150.7132,1.0,1.4583,0.125,1,0,1,0.0250,0.0,0.0250,0,0.775,0.225,0.875,31,35,40,0.1426,0.1426,1.1055,0.125,0.2,0.2,0.6,0.8,0,0,0.75,12,9,0.5472,0.1,0.075,0.875,0.0,0.3,0.0,0.0,0.75,0.0,0.0,0.0,0.9503,0.0,final_park,wall,0.8854,10.11692
1255,13.233,6.4551,0,2.0,0.3333,15,7200,70,150.0,0.0,150.0,1.0,1.5556,0.1333,0,0,0,0.0000,0.0,0.0000,0,0.8667,0.1333,0.8667,13,13,15,0.0,0.0,0.0,0.1333,0.0,0.5,0.5,1.0,0,0,1.0,5,5,0.5626,0.1,0.0667,0.6667,0.0667,0.3333,0.0,0.0,1.0,0.0,0.0,0.0,0.6931,0.0,inner_patrol,obstacle,0.8851,8.976072
1256,86.0,46.7907,1,6.0,1.0,40,19200,40,137.1429,0.7057,137.8486,0.5714,1.75,0.15,1,0,1,0.0250,0.0,0.0250,0,0.8,0.2,0.85,32,34,40,0.1411,0.1411,1.0939,0.15,0.1667,0.5,0.3333,0.8333,0,0,0.5556,9,5,0.5643,0.1,0.075,0.75,0.05,0.225,0.0,0.0,0.5556,0.0,0.0,0.0,1.0114,0.0,completed,,0.8848,10.050005
1257,25.9073,12.6377,0,4.0,0.6667,29,13920,70,150.0,2.3196,152.3196,1.0,1.6092,0.1379,1,0,1,0.0345,0.0,0.0345,0,0.6897,0.3103,0.8276,20,24,29,0.5799,0.5799,3.5954,0.2069,0.5,0.1667,0.3333,0.5,0,0,0.9,10,9,0.5729,0.1,0.2069,0.7241,0.069,0.3448,0.0,0.0,0.9,0.0,0.0,0.0,1.0114,0.0,outer_patrol_b,road_edge,0.8846,9.809878
1258,86.0,44.6195,1,6.0,1.0,41,19680,41,137.5714,2.4407,140.0121,0.5857,1.7073,0.1463,1,0,1,0.0244,0.0,0.0244,0,0.7805,0.2195,0.8293,32,34,41,0.4881,0.4881,3.7831,0.1707,0.4286,0.1429,0.4286,0.5714,0,0,0.9231,13,12,0.5589,0.1,0.0976,0.8049,0.0488,0.3171,0.0,0.0,0.9231,0.0,0.0,0.0,1.0042,0.0,completed,,0.8843,11.130179
1259,2.5475,1.2427,0,1.0,0.1667,14,6720,70,150.0,0.0,150.0,1.0,0.8333,0.0714,0,0,0,0.0000,0.0,0.0000,0,0.8571,0.1429,0.9286,12,13,14,0.0,0.0,0.0,0.0714,0.0,1.0,0.0,1.0,0,0,0.0,2,0,0.5325,0.1,0.0714,0.7143,0.0714,0.1429,0.0,0.0,0.0,0.0,0.0,0.0,-0.0,0.0,enter_inner,obstacle,0.884,10.067554
1260,17.7879,8.677,0,3.0,0.5,28,13440,70,150.0,2.2082,152.2082,1.0,1.25,0.1071,1,0,1,0.0357,0.0,0.0357,0,0.75,0.25,0.7857,21,22,28,0.7361,0.7361,3.4227,0.2143,0.5,0.1667,0.3333,0.5,0,0,0.6364,11,7,0.5741,0.1,0.1786,0.8571,0.0357,0.3929,0.0,0.0,0.6364,0.0,0.0,0.0,1.0114,0.0,return_outer,obstacle,0.8838,9.108843
1261,32.2452,15.7294,0,4.0,0.6667,26,12480,70,150.0,0.7439,150.7439,1.0,1.7949,0.1538,0,0,0,0.0000,0.0,0.0000,0,0.7692,0.2308,0.8462,20,22,26,0.186,0.186,1.1531,0.1538,0.25,0.5,0.25,0.75,0,0,0.8333,6,5,0.5552,0.1,0.1154,0.7308,0.0385,0.2308,0.0,0.0,0.8333,0.0,0.0,0.0,1.0397,0.0,outer_patrol_b,road_edge,0.8835,8.641881
1262,26.5558,12.954,0,3.0,0.5,22,10560,70,150.0,0.0,150.0,1.0,1.5909,0.1364,1,0,1,0.0455,0.0,0.0455,0,0.8182,0.1818,0.8636,18,19,22,0.0,0.0,0.0,0.1364,0.0,0.6667,0.3333,1.0,0,0,0.6667,6,4,0.5655,0.1,0.0909,0.8182,0.0909,0.2727,0.0,0.0,0.6667,0.0,0.0,0.0,0.6365,0.0,return_outer,obstacle,0.8832,8.537265
1263,86.0,42.599,1,6.0,1.0,45,21600,45,139.2857,2.4442,141.7299,0.6429,1.5556,0.1333,1,0,1,0.0222,0.0,0.0222,0,0.7333,0.2667,0.8444,33,38,45,0.4888,0.4888,3.7885,0.1556,0.4286,0.2857,0.2857,0.5714,0,0,0.8,10,8,0.5559,0.1,0.1333,0.6667,0.0222,0.2222,0.0,0.0,0.8,0.0,0.0,0.0,1.079,0.0,completed,,0.883,7.833172
1264,86.0,44.7728,1,6.0,1.0,46,22080,46,139.7143,0.6536,140.3679,0.6571,1.5217,0.1304,0,0,0,0.0000,0.0,0.0000,0,0.7609,0.2391,0.8913,35,41,46,0.1307,0.1307,1.0131,0.1304,0.1667,0.1667,0.6667,0.8333,0,0,0.6429,14,9,0.5479,0.1,0.1087,0.7391,0.0217,0.3043,0.0,0.0,0.6429,0.0,0.0,0.0,0.8676,0.0,completed,,0.8827,7.918928
1265,-10.0,-10.0049,0,0.0,0.0,1,480,70,150.0,0.0,150.0,1.0,0.0,0.0,1,0,1,1.0000,0.0,1.0000,0,1.0,0.0,1.0,1,1,1,0.0,0.0,0.0,0.0,0.0,0.0,0.0,0.0,0,0,0.0,0,0,0.4738,0.1,0.0,1.0,0.0,0.0,0.0,0.0,0.0,0.0,0.0,0.0,0.0,0.0,outer_patrol_a,road_edge,0.8824,7.730369
1266,86.0,45.7871,1,6.0,1.0,42,20160,42,138.0,1.5077,139.5077,0.6,1.6667,0.1429,1,0,1,0.0238,0.0,0.0238,0,0.7143,0.2857,0.8571,30,36,42,0.3015,0.3015,2.3369,0.1429,0.3333,0.1667,0.5,0.6667,0,0,0.9167,12,11,0.5516,0.1,0.119,0.881,0.0,0.2857,0.0,0.0,0.9167,0.0,0.0,0.0,1.0114,0.0,completed,,0.8821,7.517787
1267,-1.7524,-0.8548,0,1.0,0.1667,17,8160,70,150.0,0.7232,150.7232,1.0,0.6863,0.0588,1,0,1,0.0588,0.0,0.0588,0,0.7059,0.2941,0.8824,12,15,17,0.7232,0.7232,1.1209,0.1176,0.5,0.5,0.0,0.5,0,0,0.75,4,3,0.5484,0.1,0.1176,0.7059,0.1176,0.2353,0.0,0.0,0.75,0.0,0.0,0.0,0.6931,0.0,enter_inner,obstacle,0.8819,7.938283
1268,9.4783,4.6236,0,2.0,0.3333,16,7680,70,150.0,1.3067,151.3067,1.0,1.4583,0.125,0,0,0,0.0000,0.0,0.0000,0,0.8125,0.1875,0.8125,13,13,16,0.6533,0.6533,2.0254,0.1875,0.6667,0.3333,0.0,0.3333,0,0,1.0,6,6,0.5506,0.1,0.125,0.875,0.0625,0.375,0.0,0.0,1.0,0.0,0.0,0.0,0.6365,0.0,inner_patrol,obstacle,0.8816,7.3643
1269,54.0856,26.3832,0,5.0,0.8333,43,20640,70,150.0,0.0,150.0,1.0,1.3566,0.1163,1,0,1,0.0233,0.0,0.0233,0,0.7907,0.2093,0.8837,34,38,43,0.0,0.0,0.0,0.1163,0.0,0.4,0.6,1.0,0,0,0.5,16,8,0.5531,0.1,0.1163,0.7209,0.0,0.3721,0.0,0.0,0.5,0.0,0.0,0.0,0.673,0.0,final_park,wall,0.8813,8.259454
1270,42.8133,20.8845,0,5.0,0.8333,46,22080,70,150.0,4.2703,154.2703,1.0,1.2681,0.1087,1,0,1,0.0217,0.0,0.0217,0,0.7391,0.2609,0.8261,34,38,46,0.8541,0.8541,6.6189,0.1739,0.75,0.125,0.125,0.25,0,0,0.7692,13,10,0.5598,0.1,0.1087,0.8261,0.0,0.2826,0.0,0.0,0.7692,0.0,0.0,0.0,0.7356,0.0,final_park,wall,0.8811,9.854971
1271,0.1121,0.0547,0,1.0,0.1667,17,8160,70,150.0,0.0,150.0,1.0,0.6863,0.0588,1,0,1,0.0588,0.0,0.0588,0,0.8235,0.1765,0.9412,14,16,17,0.0,0.0,0.0,0.0588,0.0,1.0,0.0,1.0,0,0,0.5,6,3,0.5406,0.1,0.0588,0.7059,0.0588,0.3529,0.0,0.0,0.5,0.0,0.0,0.0,-0.0,0.0,enter_inner,obstacle,0.8808,9.315144
1272,51.1252,24.9391,0,5.0,0.8333,43,20640,70,150.0,1.4716,151.4716,1.0,1.3566,0.1163,1,0,1,0.0233,0.0,0.0233,0,0.7442,0.2558,0.8605,32,37,43,0.2943,0.2943,2.281,0.1395,0.3333,0.3333,0.3333,0.6667,0,0,0.75,16,12,0.5578,0.1,0.1395,0.814,0.0,0.3721,0.0,0.0,0.75,0.0,0.0,0.0,1.0986,0.0,final_park,wall,0.8805,8.936256
1273,21.0193,10.2533,0,3.0,0.5,27,12960,70,150.0,0.6109,150.6109,1.0,1.2963,0.1111,1,0,1,0.0370,0.0,0.0370,0,0.7407,0.2593,0.8889,20,24,27,0.2036,0.2036,0.9468,0.1111,0.3333,0.6667,0.0,0.6667,0,0,0.7143,7,5,0.5532,0.1,0.0741,0.8519,0.037,0.2593,0.0,0.0,0.7143,0.0,0.0,0.0,0.6365,0.0,return_outer,obstacle,0.8803,9.307673
1274,15.6541,7.6362,0,2.0,0.3333,23,11040,70,150.0,0.6828,150.6828,1.0,1.0145,0.087,1,0,1,0.0435,0.0,0.0435,0,0.7391,0.2609,0.8696,17,20,23,0.3414,0.3414,1.0583,0.1304,0.3333,0.6667,0.0,0.6667,0,0,0.8571,7,6,0.5465,0.1,0.1739,0.8261,0.0,0.3043,0.0,0.0,0.8571,0.0,0.0,0.0,0.6365,0.0,inner_patrol,obstacle,0.88,9.544938
1275,29.6516,14.4642,0,4.0,0.6667,28,13440,70,150.0,1.4019,151.4019,1.0,1.6667,0.1429,1,0,1,0.0357,0.0,0.0357,0,0.6786,0.3214,0.7857,19,22,28,0.3505,0.3505,2.1729,0.2143,0.3333,0.3333,0.3333,0.6667,0,0,0.8,5,4,0.5501,0.1,0.1071,0.6786,0.0357,0.1786,0.0,0.0,0.8,0.0,0.0,0.0,1.0986,0.0,outer_patrol_b,road_edge,0.8797,10.082276
1276,3.6429,1.777,0,1.0,0.1667,13,6240,70,150.0,0.0,150.0,1.0,0.8974,0.0769,0,0,0,0.0000,0.0,0.0000,0,0.8462,0.1538,0.9231,11,12,13,0.0,0.0,0.0,0.0769,0.0,1.0,0.0,1.0,0,0,0.8571,7,6,0.5252,0.1,0.0769,0.8462,0.0,0.5385,0.0,0.0,0.8571,0.0,0.0,0.0,-0.0,0.0,enter_inner,obstacle,0.8795,9.202278
1277,2.0254,0.988,0,1.0,0.1667,15,7200,70,150.0,0.0,150.0,1.0,0.7778,0.0667,1,0,1,0.0667,0.0,0.0667,0,0.8667,0.1333,0.9333,13,14,15,0.0,0.0,0.0,0.0667,0.0,1.0,0.0,1.0,0,0,0.6667,3,2,0.5166,0.1,0.0667,0.8,0.0667,0.2,0.0,0.0,0.6667,0.0,0.0,0.0,-0.0,0.0,enter_inner,obstacle,0.8792,9.905815
1278,2.0424,0.9963,0,1.0,0.1667,15,7200,70,150.0,0.0,150.0,1.0,0.7778,0.0667,0,0,0,0.0000,0.0,0.0000,0,0.8667,0.1333,0.9333,13,14,15,0.0,0.0,0.0,0.0667,0.0,1.0,0.0,1.0,0,0,0.3333,3,1,0.5245,0.1,0.0667,0.9333,0.0667,0.2,0.0,0.0,0.3333,0.0,0.0,0.0,-0.0,0.0,enter_inner,obstacle,0.8789,11.11011
1279,-8.9713,-4.3762,0,0.0,0.0,8,3840,70,150.0,0.0,150.0,1.0,0.0,0.0,1,0,1,0.1250,0.0,0.1250,0,1.0,0.0,1.0,8,8,8,0.0,0.0,0.0,0.0,0.0,0.0,0.0,0.0,0,0,0.5,4,2,0.5282,0.1,0.0,0.75,0.0,0.5,0.0,0.0,0.5,0.0,0.0,0.0,0.0,0.0,outer_patrol_a,road_edge,0.8786,10.963601
1280,33.0474,16.1207,0,4.0,0.6667,26,12480,70,150.0,0.816,150.816,1.0,1.7949,0.1538,1,0,1,0.0385,0.0,0.0385,0,0.6154,0.3846,0.7692,16,20,26,0.204,0.204,1.2649,0.2308,0.1667,0.5,0.3333,0.8333,0,0,0.8571,7,6,0.5629,0.1,0.1538,0.7308,0.0385,0.2692,0.0,0.0,0.8571,0.0,0.0,0.0,1.0114,0.0,outer_patrol_b,road_edge,0.8784,9.229283
1281,21.7014,10.5861,0,3.0,0.5,26,12480,70,150.0,0.8192,150.8192,1.0,1.3462,0.1154,1,0,1,0.0385,0.0,0.0385,0,0.7692,0.2308,0.8846,20,23,26,0.2731,0.2731,1.2697,0.1154,0.3333,0.3333,0.3333,0.6667,0,0,0.6667,9,6,0.5628,0.1,0.1154,0.8462,0.0385,0.3462,0.0,0.0,0.6667,0.0,0.0,0.0,1.0986,0.0,return_outer,obstacle,0.8781,8.80523
1282,13.8265,6.7446,0,2.0,0.3333,14,6720,70,150.0,0.0,150.0,1.0,1.6667,0.1429,1,0,1,0.0714,0.0,0.0714,0,0.8571,0.1429,0.8571,12,12,14,0.0,0.0,0.0,0.1429,0.0,1.0,0.0,1.0,0,0,0.6667,3,2,0.5163,0.1,0.0714,0.8571,0.0,0.2143,0.0,0.0,0.6667,0.0,0.0,0.0,-0.0,0.0,inner_patrol,obstacle,0.8778,9.916466
1283,55.1162,26.8859,0,5.0,0.8333,41,19680,70,150.0,0.7391,150.7391,1.0,1.4228,0.122,1,0,1,0.0244,0.0,0.0244,0,0.7805,0.2195,0.878,32,36,41,0.1478,0.1478,1.1456,0.122,0.2,0.2,0.6,0.8,0,0,0.7273,11,8,0.5548,0.1,0.0732,0.7805,0.0244,0.2683,0.0,0.0,0.7273,0.0,0.0,0.0,0.9503,0.0,final_park,wall,0.8776,8.450882
1284,-0.7735,-0.3773,0,1.0,0.1667,18,8640,70,150.0,0.0,150.0,1.0,0.6481,0.0556,0,0,0,0.0000,0.0,0.0000,0,0.7222,0.2778,0.9444,13,17,18,0.0,0.0,0.0,0.0556,0.0,1.0,0.0,1.0,0,0,0.3333,3,1,0.5144,0.1,0.0556,0.7222,0.0556,0.1667,0.0,0.0,0.3333,0.0,0.0,0.0,-0.0,0.0,enter_inner,obstacle,0.8773,8.033306
1285,3.2542,1.5874,0,1.0,0.1667,14,6720,70,150.0,0.0,150.0,1.0,0.8333,0.0714,1,0,1,0.0714,0.0,0.0714,0,0.9286,0.0714,0.9286,13,13,14,0.0,0.0,0.0,0.0714,0.0,0.0,1.0,1.0,0,0,0.6,5,3,0.5194,0.1,0.0714,0.7857,0.0,0.3571,0.0,0.0,0.6,0.0,0.0,0.0,-0.0,0.0,enter_inner,obstacle,0.877,7.530548
1286,86.0,49.8638,1,6.0,1.0,38,18240,38,136.2857,0.0,136.2857,0.5429,1.8421,0.1579,1,0,1,0.0263,0.0,0.0263,0,0.8158,0.1842,0.8421,31,32,38,0.0,0.0,0.0,0.1579,0.0,0.5,0.5,1.0,0,0,0.75,12,9,0.5646,0.1,0.1579,0.7895,0.0263,0.3158,0.0,0.0,0.75,0.0,0.0,0.0,0.6931,0.0,completed,,0.8768,8.679093
1287,0.5422,0.2645,0,1.0,0.1667,17,8160,70,150.0,0.0,150.0,1.0,0.6863,0.0588,0,0,0,0.0000,0.0,0.0000,0,0.8235,0.1765,0.9412,14,16,17,0.0,0.0,0.0,0.0588,0.0,0.0,1.0,1.0,0,0,0.0,3,0,0.5192,0.1,0.0588,0.6471,0.0588,0.1765,0.0,0.0,0.0,0.0,0.0,0.0,-0.0,0.0,enter_inner,obstacle,0.8765,8.487226
1288,11.3029,5.5136,0,2.0,0.3333,17,8160,70,150.0,0.0,150.0,1.0,1.3725,0.1176,1,0,1,0.0588,0.0,0.0588,0,0.7647,0.2353,0.8824,13,15,17,0.0,0.0,0.0,0.1176,0.0,0.5,0.5,1.0,0,0,0.3333,3,1,0.5127,0.1,0.0,0.9412,0.0,0.1765,0.0,0.0,0.3333,0.0,0.0,0.0,0.6931,0.0,inner_patrol,obstacle,0.8762,9.559865
1289,86.0,44.7403,1,6.0,1.0,45,21600,45,139.2857,0.8629,140.1486,0.6429,1.5556,0.1333,1,0,1,0.0222,0.0,0.0222,0,0.7333,0.2667,0.8889,33,40,45,0.1726,0.1726,1.3374,0.1111,0.2,0.6,0.2,0.8,0,0,0.7273,11,8,0.5415,0.1,0.0444,0.6889,0.0,0.2444,0.0,0.0,0.7273,0.0,0.0,0.0,0.9503,0.0,completed,,0.8759,11.169186
1290,-10.0,-5.3507,0,0.0,0.0,10,4800,70,150.0,0.0,150.0,1.0,0.0,0.0,0,0,0,0.0000,0.0,0.0000,0,0.7,0.3,1.0,7,10,10,0.0,0.0,0.0,0.0,0.0,0.0,0.0,0.0,0,0,1.0,1,1,0.4902,0.1,0.0,0.9,0.0,0.1,0.0,0.0,1.0,0.0,0.0,0.0,0.0,0.0,outer_patrol_a,road_edge,0.8757,11.008454
1291,86.0,46.438,1,6.0,1.0,40,19200,40,137.1429,1.3292,138.4721,0.5714,1.75,0.15,0,0,0,0.0000,0.0,0.0000,0,0.75,0.25,0.85,30,34,40,0.2658,0.2658,2.0603,0.15,0.3333,0.5,0.1667,0.6667,0,0,0.8333,6,5,0.545,0.1,0.025,0.725,0.025,0.15,0.0,0.0,0.8333,0.0,0.0,0.0,1.0114,0.0,completed,,0.8754,9.93139
1292,3.8495,1.8778,0,1.0,0.1667,14,6720,70,150.0,0.0,150.0,1.0,0.8333,0.0714,0,0,0,0.0000,0.0,0.0000,0,0.8571,0.1429,0.9286,12,13,14,0.0,0.0,0.0,0.0714,0.0,0.0,1.0,1.0,0,0,0.0,0,0,0.4818,0.1,0.0,0.6429,0.0,0.0,0.0,0.0,0.0,0.0,0.0,0.0,-0.0,0.0,enter_inner,obstacle,0.8751,9.784372
1293,19.263,9.3966,0,3.0,0.5,27,12960,70,150.0,1.7079,151.7079,1.0,1.2963,0.1111,1,0,1,0.0370,0.0,0.0370,0,0.7778,0.2222,0.8519,21,23,27,0.5693,0.5693,2.6473,0.1481,0.5,0.25,0.25,0.5,0,0,0.6667,6,4,0.5505,0.1,0.0741,0.7407,0.037,0.2222,0.0,0.0,0.6667,0.0,0.0,0.0,1.0397,0.0,return_outer,obstacle,0.8749,10.085864
1294,25.8433,12.6065,0,4.0,0.6667,34,16320,70,150.0,2.625,152.625,1.0,1.3725,0.1176,0,0,0,0.0000,0.0,0.0000,0,0.6176,0.3824,0.7647,21,26,34,0.6563,0.6563,4.0688,0.2353,0.5,0.125,0.375,0.5,0,0,0.6154,13,8,0.5779,0.1,0.1471,0.9118,0.0588,0.3824,0.0,0.0,0.6154,0.0,0.0,0.0,0.9743,0.0,outer_patrol_b,road_edge,0.8746,9.73592
1295,86.0,45.7693,1,6.0,1.0,41,19680,41,137.5714,1.6534,139.2248,0.5857,1.7073,0.1463,1,0,1,0.0244,0.0,0.0244,0,0.7317,0.2683,0.8293,30,34,41,0.3307,0.3307,2.5628,0.1707,0.2857,0.4286,0.2857,0.7143,0,0,1.0,13,13,0.557,0.1,0.0976,0.7317,0.0244,0.3171,0.0,0.0,1.0,0.0,0.0,0.0,1.079,0.0,completed,,0.8743,11.05641
1296,-2.4412,-1.1908,0,0.0,0.0,14,6720,70,150.0,0.0,150.0,1.0,0.0,0.0,1,0,1,0.0714,0.0,0.0714,0,0.8571,0.1429,1.0,12,14,14,0.0,0.0,0.0,0.0,0.0,0.0,0.0,0.0,0,0,0.5,2,1,0.5068,0.1,0.0,0.7857,0.0,0.1429,0.0,0.0,0.5,0.0,0.0,0.0,0.0,0.0,outer_patrol_a,road_edge,0.8741,11.559487
1297,86.0,44.1213,1,6.0,1.0,43,20640,43,138.4286,3.1075,141.5361,0.6143,1.6279,0.1395,1,0,1,0.0233,0.0,0.0233,0,0.7442,0.2558,0.814,32,35,43,0.6215,0.6215,4.8167,0.186,0.5,0.0,0.5,0.5,0,0,0.9167,12,11,0.567,0.1,0.0698,0.7907,0.0465,0.2791,0.0,0.0,0.9167,0.0,0.0,0.0,0.6931,0.0,completed,,0.8738,11.612909
1298,3.1646,1.5437,0,1.0,0.1667,14,6720,70,150.0,0.0,150.0,1.0,0.8333,0.0714,0,0,0,0.0000,0.0,0.0000,0,0.8571,0.1429,0.9286,12,13,14,0.0,0.0,0.0,0.0714,0.0,1.0,0.0,1.0,0,0,0.3333,3,1,0.5207,0.1,0.0714,0.7143,0.0,0.2143,0.0,0.0,0.3333,0.0,0.0,0.0,-0.0,0.0,enter_inner,obstacle,0.8735,11.044476
1299,86.0,42.7926,1,6.0,1.0,51,24480,51,141.8571,2.0432,143.9004,0.7286,1.3725,0.1176,1,0,1,0.0196,0.0,0.0196,0,0.6863,0.3137,0.8431,35,43,51,0.4086,0.4086,3.167,0.1569,0.375,0.125,0.5,0.625,0,0,0.6667,21,14,0.5935,0.1,0.2157,0.8235,0.098,0.4118,0.0,0.0,0.6667,0.0,0.0,0.0,0.9743,0.0,completed,,0.8733,9.263049
1300,34.5794,16.868,0,4.0,0.6667,26,12480,70,150.0,0.0,150.0,1.0,1.7949,0.1538,1,0,1,0.0385,0.0,0.0385,0,0.7308,0.2692,0.8462,19,22,26,0.0,0.0,0.0,0.1538,0.0,0.75,0.25,1.0,0,0,0.875,8,7,0.546,0.1,0.0769,0.7692,0.0,0.3077,0.0,0.0,0.875,0.0,0.0,0.0,0.5623,0.0,outer_patrol_b,road_edge,0.873,8.466154
1301,0.5029,0.2453,0,0.0,0.0,14,6720,70,150.0,0.0,150.0,1.0,0.0,0.0,1,0,1,0.0714,0.0,0.0714,0,0.8571,0.1429,1.0,12,14,14,0.0,0.0,0.0,0.0,0.0,0.0,0.0,0.0,0,0,0.5,6,3,0.5319,0.1,0.0,0.7857,0.0,0.4286,0.0,0.0,0.5,0.0,0.0,0.0,0.0,0.0,outer_patrol_a,road_edge,0.8727,7.755394
1302,24.0503,11.7318,0,3.0,0.5,24,11520,70,150.0,1.4222,151.4222,1.0,1.4583,0.125,1,0,1,0.0417,0.0,0.0417,0,0.75,0.25,0.7917,18,19,24,0.4741,0.4741,2.2044,0.2083,0.4,0.2,0.4,0.6,0,0,0.875,8,7,0.5687,0.1,0.125,0.8333,0.0417,0.3333,0.0,0.0,0.875,0.0,0.0,0.0,1.0549,0.0,return_outer,obstacle,0.8724,9.851372
1303,3.2382,1.5796,0,1.0,0.1667,14,6720,70,150.0,0.0,150.0,1.0,0.8333,0.0714,1,0,1,0.0714,0.0,0.0714,0,0.8571,0.1429,0.9286,12,13,14,0.0,0.0,0.0,0.0714,0.0,1.0,0.0,1.0,0,0,0.75,4,3,0.5128,0.1,0.0714,0.7143,0.0,0.2857,0.0,0.0,0.75,0.0,0.0,0.0,-0.0,0.0,enter_inner,obstacle,0.8722,10.216918
1304,2.3019,1.1229,0,1.0,0.1667,15,7200,70,150.0,0.0,150.0,1.0,0.7778,0.0667,1,0,1,0.0667,0.0,0.0667,0,0.8,0.2,0.9333,12,14,15,0.0,0.0,0.0,0.0667,0.0,1.0,0.0,1.0,0,0,1.0,1,1,0.4828,0.1,0.0,0.6667,0.0,0.0667,0.0,0.0,1.0,0.0,0.0,0.0,-0.0,0.0,enter_inner,obstacle,0.8719,10.627326
1305,86.0,45.0169,1,6.0,1.0,42,20160,42,138.0,2.4545,140.4545,0.6,1.6667,0.1429,0,0,0,0.0000,0.0,0.0000,0,0.7619,0.2381,0.8571,32,36,42,0.4909,0.4909,3.8045,0.1429,0.5,0.3333,0.1667,0.5,0,0,0.75,8,6,0.5499,0.1,0.0714,0.7381,0.0238,0.1905,0.0,0.0,0.75,0.0,0.0,0.0,1.0114,0.0,completed,,0.8716,9.600816
1306,8.6494,4.2192,0,2.0,0.3333,21,10080,70,150.0,0.0,150.0,1.0,1.1111,0.0952,1,0,1,0.0476,0.0,0.0476,0,0.6667,0.3333,0.9048,14,19,21,0.0,0.0,0.0,0.0952,0.0,0.5,0.5,1.0,0,0,0.0,2,0,0.51,0.1,0.0,0.5238,0.0,0.0952,0.0,0.0,0.0,0.0,0.0,0.0,0.6931,0.0,inner_patrol,obstacle,0.8714,10.428774
1307,86.0,49.1327,1,6.0,1.0,38,18240,38,136.2857,0.0,136.2857,0.5429,1.8421,0.1579,0,0,0,0.0000,0.0,0.0000,0,0.8158,0.1842,0.8684,31,33,38,0.0,0.0,0.0,0.1316,0.0,0.4,0.6,1.0,0,0,0.7273,11,8,0.5527,0.1,0.0789,0.8158,0.0263,0.2895,0.0,0.0,0.7273,0.0,0.0,0.0,0.673,0.0,completed,,0.8711,8.930084
1308,86.0,44.2179,1,6.0,1.0,46,22080,46,139.7143,1.5674,141.2816,0.6571,1.5217,0.1304,1,0,1,0.0217,0.0,0.0217,0,0.7174,0.2826,0.8478,33,39,46,0.3135,0.3135,2.4294,0.1522,0.2857,0.4286,0.2857,0.7143,0,0,0.6875,16,11,0.5781,0.1,0.1522,0.8696,0.087,0.3478,0.0,0.0,0.6875,0.0,0.0,0.0,1.079,0.0,completed,,0.8708,8.053685
1309,1.7204,0.8392,0,1.0,0.1667,16,7680,70,150.0,0.0,150.0,1.0,0.7292,0.0625,0,0,0,0.0000,0.0,0.0000,0,0.8125,0.1875,0.9375,13,15,16,0.0,0.0,0.0,0.0625,0.0,0.0,1.0,1.0,0,0,0.5,4,2,0.5062,0.1,0.0625,0.8125,0.0,0.25,0.0,0.0,0.5,0.0,0.0,0.0,-0.0,0.0,enter_inner,obstacle,0.8706,7.715643
1310,86.0,43.2026,1,6.0,1.0,45,21600,45,139.2857,4.2575,143.5433,0.6429,1.5556,0.1333,1,0,1,0.0222,0.0,0.0222,0,0.7778,0.2222,0.8,35,36,45,0.8515,0.8515,6.5992,0.2,0.6667,0.1111,0.2222,0.3333,0,0,0.8421,19,16,0.5875,0.1,0.1556,0.8222,0.0667,0.4222,0.0,0.0,0.8421,0.0,0.0,0.0,0.8487,0.0,completed,,0.8703,8.948313
1311,25.4117,12.3959,0,3.0,0.5,26,12480,70,150.0,0.0,150.0,1.0,1.3462,0.1154,0,0,0,0.0000,0.0,0.0000,0,0.7308,0.2692,0.8462,19,22,26,0.0,0.0,0.0,0.1538,0.0,0.5,0.5,1.0,0,0,0.7,10,7,0.5679,0.1,0.1154,0.8462,0.0385,0.3846,0.0,0.0,0.7,0.0,0.0,0.0,0.6931,0.0,return_outer,obstacle,0.87,9.535717
1312,60.5633,29.5431,0,5.0,0.8333,39,18720,70,150.0,0.0,150.0,1.0,1.4957,0.1282,1,0,1,0.0256,0.0,0.0256,0,0.7949,0.2051,0.8718,31,34,39,0.0,0.0,0.0,0.1282,0.0,0.2,0.8,1.0,0,0,0.5714,7,4,0.5377,0.1,0.1026,0.641,0.0256,0.1795,0.0,0.0,0.5714,0.0,0.0,0.0,0.5004,0.0,final_park,wall,0.8697,10.099791
1313,57.6942,28.1435,0,5.0,0.8333,41,19680,70,150.0,0.0,150.0,1.0,1.4228,0.122,1,0,1,0.0244,0.0,0.0244,0,0.7561,0.2439,0.878,31,36,41,0.0,0.0,0.0,0.122,0.0,0.4,0.6,1.0,0,0,0.8182,11,9,0.544,0.1,0.0732,0.8049,0.0244,0.2683,0.0,0.0,0.8182,0.0,0.0,0.0,0.673,0.0,final_park,wall,0.8695,9.368764
1314,1.678,0.8185,0,1.0,0.1667,16,7680,70,150.0,0.0,150.0,1.0,0.7292,0.0625,0,0,0,0.0000,0.0,0.0000,0,0.8125,0.1875,0.9375,13,15,16,0.0,0.0,0.0,0.0625,0.0,1.0,0.0,1.0,0,0,0.6,5,3,0.5279,0.1,0.0625,0.625,0.0625,0.3125,0.0,0.0,0.6,0.0,0.0,0.0,-0.0,0.0,enter_inner,obstacle,0.8692,8.98899
1315,-2.2286,-1.0871,0,1.0,0.1667,20,9600,70,150.0,0.0,150.0,1.0,0.5833,0.05,1,0,1,0.0500,0.0,0.0500,0,0.6,0.4,0.95,12,19,20,0.0,0.0,0.0,0.05,0.0,1.0,0.0,1.0,0,0,0.6667,3,2,0.512,0.1,0.05,0.7,0.05,0.15,0.0,0.0,0.6667,0.0,0.0,0.0,-0.0,0.0,enter_inner,obstacle,0.8689,8.414297
1316,30.878,15.0625,0,4.0,0.6667,27,12960,70,150.0,1.7,151.7,1.0,1.7284,0.1481,0,0,0,0.0000,0.0,0.0000,0,0.7778,0.2222,0.8148,21,22,27,0.425,0.425,2.635,0.1852,0.4,0.6,0.0,0.6,0,0,0.7143,7,5,0.5546,0.1,0.1481,0.7037,0.037,0.2593,0.0,0.0,0.7143,0.0,0.0,0.0,0.673,0.0,outer_patrol_b,road_edge,0.8687,8.660708
1317,2.6633,1.2992,0,1.0,0.1667,15,7200,70,150.0,0.0,150.0,1.0,0.7778,0.0667,0,0,0,0.0000,0.0,0.0000,0,0.8667,0.1333,0.9333,13,14,15,0.0,0.0,0.0,0.0667,0.0,1.0,0.0,1.0,0,0,0.75,8,6,0.5555,0.1,0.0667,0.8,0.0667,0.5333,0.0,0.0,0.75,0.0,0.0,0.0,-0.0,0.0,enter_inner,obstacle,0.8684,8.655424
1318,48.5993,23.707,0,5.0,0.8333,45,21600,70,150.0,2.7562,152.7562,1.0,1.2963,0.1111,0,0,0,0.0000,0.0,0.0000,0,0.7556,0.2444,0.8444,34,38,45,0.5512,0.5512,4.2721,0.1556,0.5714,0.2857,0.1429,0.4286,0,0,0.75,16,12,0.5669,0.1,0.1778,0.7778,0.0444,0.3556,0.0,0.0,0.75,0.0,0.0,0.0,0.9557,0.0,final_park,wall,0.8681,7.906587
1319,9.835,4.7976,0,2.0,0.3333,17,8160,70,150.0,0.8084,150.8084,1.0,1.3725,0.1176,0,0,0,0.0000,0.0,0.0000,0,0.7059,0.2941,0.8235,12,14,17,0.4042,0.4042,1.2531,0.1765,0.3333,0.6667,0.0,0.6667,0,0,1.0,6,6,0.5635,0.1,0.1176,0.9412,0.1176,0.3529,0.0,0.0,1.0,0.0,0.0,0.0,0.6365,0.0,inner_patrol,obstacle,0.8679,8.893997
1320,-5.7557,-2.8076,0,0.0,0.0,8,3840,70,150.0,0.0,150.0,1.0,0.0,0.0,0,0,0,0.0000,0.0,0.0000,0,1.0,0.0,1.0,8,8,8,0.0,0.0,0.0,0.0,0.0,0.0,0.0,0.0,0,0,0.0,0,0,0.5027,0.1,0.0,0.75,0.0,0.0,0.0,0.0,0.0,0.0,0.0,0.0,0.0,0.0,outer_patrol_a,road_edge,0.8676,8.758145
1321,42.7131,20.8357,0,4.0,0.6667,27,12960,70,150.0,0.7202,150.7202,1.0,1.7284,0.1481,0,0,0,0.0000,0.0,0.0000,0,0.8148,0.1852,0.8148,22,22,27,0.1801,0.1801,1.1164,0.1852,0.2,0.4,0.4,0.8,0,0,0.875,8,7,0.5584,0.1,0.1111,0.7037,0.037,0.2963,0.0,0.0,0.875,0.0,0.0,0.0,1.0549,0.0,outer_patrol_b,road_edge,0.8673,9.719517
1322,1.04,0.5073,0,1.0,0.1667,15,7200,70,150.0,0.7984,150.7984,1.0,0.7778,0.0667,0,0,0,0.0000,0.0,0.0000,0,0.8667,0.1333,0.8667,13,13,15,0.7984,0.7984,1.2375,0.1333,0.5,0.5,0.0,0.5,0,0,0.5,4,2,0.5417,0.1,0.1333,0.8,0.0667,0.2667,0.0,0.0,0.5,0.0,0.0,0.0,0.6931,0.0,enter_inner,obstacle,0.8671,10.127873
1323,1.0513,0.5128,0,1.0,0.1667,17,8160,70,150.0,0.0,150.0,1.0,0.6863,0.0588,0,0,0,0.0000,0.0,0.0000,0,0.8235,0.1765,0.9412,14,16,17,0.0,0.0,0.0,0.0588,0.0,1.0,0.0,1.0,0,0,0.6,5,3,0.5247,0.1,0.0,0.7647,0.0,0.2941,0.0,0.0,0.6,0.0,0.0,0.0,-0.0,0.0,enter_inner,obstacle,0.8668,10.160897
1324,6.0335,2.9432,0,2.0,0.3333,20,9600,70,150.0,1.6229,151.6229,1.0,1.1667,0.1,0,0,0,0.0000,0.0,0.0000,0,0.75,0.25,0.85,15,17,20,0.8114,0.8114,2.5154,0.15,0.6667,0.3333,0.0,0.3333,0,0,0.625,8,5,0.5402,0.1,0.1,0.9,0.05,0.4,0.0,0.0,0.625,0.0,0.0,0.0,0.6365,0.0,inner_patrol,obstacle,0.8665,9.910333
1325,27.7674,13.5451,0,3.0,0.5,23,11040,70,150.0,0.0,150.0,1.0,1.5217,0.1304,1,0,1,0.0435,0.0,0.0435,0,0.7826,0.2174,0.8696,18,20,23,0.0,0.0,0.0,0.1304,0.0,0.6667,0.3333,1.0,0,0,0.6667,3,2,0.5363,0.1,0.0435,0.8696,0.0435,0.1304,0.0,0.0,0.6667,0.0,0.0,0.0,0.6365,0.0,return_outer,obstacle,0.8662,9.182634
1326,-10.0,-6.8926,0,0.0,0.0,4,1920,70,150.0,0.0,150.0,1.0,0.0,0.0,0,0,0,0.0000,0.0,0.0000,0,1.0,0.0,1.0,4,4,4,0.0,0.0,0.0,0.0,0.0,0.0,0.0,0.0,0,0,0.0,0,0,0.4839,0.1,0.0,1.0,0.0,0.0,0.0,0.0,0.0,0.0,0.0,0.0,0.0,0.0,outer_patrol_a,road_edge,0.866,8.918886
1327,86.0,46.3652,1,6.0,1.0,46,22080,46,139.7143,2.072,141.7863,0.6571,1.5217,0.1304,1,0,1,0.0217,0.0,0.0217,0,0.7174,0.2826,0.8043,33,37,46,0.4144,0.4144,3.2116,0.1957,0.3333,0.1111,0.5556,0.6667,0,0,0.6923,13,9,0.568,0.1,0.1739,0.8913,0.087,0.2826,0.0,0.0,0.6923,0.0,0.0,0.0,0.9369,0.0,completed,,0.8657,9.112011
1328,86.0,49.1514,1,6.0,1.0,39,18720,39,136.7143,0.0,136.7143,0.5571,1.7949,0.1538,1,0,1,0.0256,0.0,0.0256,0,0.7692,0.2308,0.8462,30,33,39,0.0,0.0,0.0,0.1538,0.0,0.8333,0.1667,1.0,0,0,0.8889,9,8,0.5464,0.1,0.0769,0.7692,0.0256,0.2308,0.0,0.0,0.8889,0.0,0.0,0.0,0.4506,0.0,completed,,0.8654,8.904743
1329,60.1328,29.3331,0,5.0,0.8333,38,18240,70,150.0,0.0,150.0,1.0,1.5351,0.1316,1,0,1,0.0263,0.0,0.0263,0,0.7632,0.2368,0.8684,29,33,38,0.0,0.0,0.0,0.1316,0.0,0.8,0.2,1.0,0,0,0.875,8,7,0.5484,0.1,0.0526,0.7368,0.0263,0.2105,0.0,0.0,0.875,0.0,0.0,0.0,0.5004,0.0,final_park,wall,0.8652,8.974066
1330,86.0,44.8091,1,6.0,1.0,42,20160,42,138.0,2.5716,140.5716,0.6,1.6667,0.1429,1,0,1,0.0238,0.0,0.0238,0,0.7381,0.2619,0.8333,31,35,42,0.5143,0.5143,3.986,0.1667,0.4286,0.5714,0.0,0.5714,0,0,0.8182,11,9,0.5569,0.1,0.0952,0.8095,0.0238,0.2619,0.0,0.0,0.8182,0.0,0.0,0.0,0.6829,0.0,completed,,0.8649,8.591276
1331,24.4829,11.9429,0,3.0,0.5,25,12000,70,150.0,0.707,150.707,1.0,1.4,0.12,0,0,0,0.0000,0.0,0.0000,0,0.8,0.2,0.88,20,22,25,0.2357,0.2357,1.0958,0.12,0.3333,0.3333,0.3333,0.6667,0,0,0.5,4,2,0.5366,0.1,0.08,0.76,0.0,0.16,0.0,0.0,0.5,0.0,0.0,0.0,1.0986,0.0,return_outer,obstacle,0.8646,8.412979
1332,26.4565,12.9056,0,3.0,0.5,26,12480,70,150.0,0.0,150.0,1.0,1.3462,0.1154,0,0,0,0.0000,0.0,0.0000,0,0.7692,0.2308,0.8462,20,22,26,0.0,0.0,0.0,0.1538,0.0,0.25,0.75,1.0,0,0,0.5,8,4,0.5621,0.1,0.1154,0.7692,0.0769,0.3077,0.0,0.0,0.5,0.0,0.0,0.0,0.5623,0.0,return_outer,obstacle,0.8644,9.078236
1333,-0.8883,-0.4333,0,1.0,0.1667,19,9120,70,150.0,0.795,150.795,1.0,0.614,0.0526,1,0,1,0.0526,0.0,0.0526,0,0.7368,0.2632,0.8421,14,16,19,0.795,0.795,1.2323,0.1053,0.5,0.0,0.5,0.5,0,0,0.375,8,3,0.5923,0.1,0.1579,0.8421,0.1579,0.4211,0.0,0.0,0.375,0.0,0.0,0.0,0.6931,0.0,enter_inner,red_light,0.8641,8.831261
1334,25.732,12.5522,0,3.0,0.5,23,11040,70,150.0,0.8124,150.8124,1.0,1.5217,0.1304,1,0,1,0.0435,0.0,0.0435,0,0.8261,0.1739,0.8696,19,20,23,0.2708,0.2708,1.2592,0.1304,0.3333,0.3333,0.3333,0.6667,0,0,0.8,5,4,0.5641,0.1,0.087,0.8261,0.087,0.2174,0.0,0.0,0.8,0.0,0.0,0.0,1.0986,0.0,return_outer,obstacle,0.8638,8.911419
1335,16.3674,7.9841,0,2.0,0.3333,15,7200,70,150.0,0.0,150.0,1.0,1.5556,0.1333,0,0,0,0.0000,0.0,0.0000,0,0.8,0.2,0.8667,12,13,15,0.0,0.0,0.0,0.1333,0.0,1.0,0.0,1.0,0,0,0.75,4,3,0.5363,0.1,0.1333,0.6,0.0,0.2667,0.0,0.0,0.75,0.0,0.0,0.0,-0.0,0.0,inner_patrol,obstacle,0.8635,10.074652
1336,11.4554,5.588,0,2.0,0.3333,18,8640,70,150.0,0.6225,150.6225,1.0,1.2963,0.1111,1,0,1,0.0556,0.0,0.0556,0,0.8333,0.1667,0.8333,15,15,18,0.3113,0.3113,0.9649,0.1667,0.3333,0.3333,0.3333,0.6667,0,0,0.625,8,5,0.5527,0.1,0.1667,0.6667,0.0556,0.4444,0.0,0.0,0.625,0.0,0.0,0.0,1.0986,0.0,inner_patrol,obstacle,0.8633,9.75458
1337,86.0,46.6105,1,6.0,1.0,43,20640,43,138.4286,1.4103,139.8389,0.6143,1.6279,0.1395,1,0,1,0.0233,0.0,0.0233,0,0.7442,0.2558,0.8605,32,37,43,0.2821,0.2821,2.186,0.1395,0.3333,0.1667,0.5,0.6667,0,0,0.7778,9,7,0.5376,0.1,0.0698,0.814,0.0,0.2093,0.0,0.0,0.7778,0.0,0.0,0.0,1.0114,0.0,completed,,0.863,9.471843
1338,3.5711,1.742,0,1.0,0.1667,15,7200,70,150.0,0.0,150.0,1.0,0.7778,0.0667,1,0,1,0.0667,0.0,0.0667,0,0.8,0.2,0.9333,12,14,15,0.0,0.0,0.0,0.0667,0.0,0.0,1.0,1.0,0,0,0.4,5,2,0.5183,0.1,0.0667,0.5333,0.0,0.3333,0.0,0.0,0.4,0.0,0.0,0.0,-0.0,0.0,enter_inner,obstacle,0.8627,10.463606
1339,1.1001,0.5366,0,1.0,0.1667,18,8640,70,150.0,0.0,150.0,1.0,0.6481,0.0556,1,0,1,0.0556,0.0,0.0556,0,0.7778,0.2222,0.8889,14,16,18,0.0,0.0,0.0,0.1111,0.0,0.5,0.5,1.0,0,0,0.0,2,0,0.5232,0.1,0.0556,0.6111,0.0,0.1111,0.0,0.0,0.0,0.0,0.0,0.0,0.6931,0.0,enter_inner,obstacle,0.8625,10.051282
1340,86.0,48.7897,1,6.0,1.0,40,19200,40,137.1429,0.8399,137.9828,0.5714,1.75,0.15,1,0,1,0.0250,0.0,0.0250,0,0.75,0.25,0.825,30,33,40,0.168,0.168,1.3019,0.175,0.1429,0.0,0.8571,0.8571,0,0,0.8235,17,14,0.5601,0.1,0.125,0.75,0.025,0.425,0.0,0.0,0.8235,0.0,0.0,0.0,0.4101,0.0,completed,,0.8622,12.384656
1341,28.6387,13.9701,0,3.0,0.5,23,11040,70,150.0,0.0,150.0,1.0,1.5217,0.1304,1,0,1,0.0435,0.0,0.0435,0,0.8261,0.1739,0.8696,19,20,23,0.0,0.0,0.0,0.1739,0.0,0.5,0.5,1.0,0,0,0.7778,9,7,0.5982,0.1,0.1304,0.913,0.1304,0.3913,0.0,0.0,0.7778,0.0,0.0,0.0,0.6931,0.0,return_outer,obstacle,0.8619,12.086881
1342,86.0,48.2536,1,6.0,1.0,41,19680,41,137.5714,0.7229,138.2943,0.5857,1.7073,0.1463,0,0,0,0.0000,0.0,0.0000,0,0.8049,0.1951,0.878,33,36,41,0.1446,0.1446,1.1204,0.122,0.2,0.2,0.6,0.8,0,0,0.7143,14,10,0.5602,0.1,0.0732,0.7317,0.0244,0.3415,0.0,0.0,0.7143,0.0,0.0,0.0,0.9503,0.0,completed,,0.8617,11.72034
1343,18.5181,9.0332,0,2.0,0.3333,18,8640,70,150.0,0.7719,150.7719,1.0,1.2963,0.1111,0,0,0,0.0000,0.0,0.0000,0,0.8333,0.1667,0.8889,15,16,18,0.386,0.386,1.1964,0.1111,0.5,0.5,0.0,0.5,0,0,0.8,5,4,0.5434,0.1,0.1111,0.7778,0.0556,0.2778,0.0,0.0,0.8,0.0,0.0,0.0,0.6931,0.0,inner_patrol,obstacle,0.8614,11.225994
1344,86.0,44.9921,1,6.0,1.0,46,22080,46,139.7143,1.6394,141.3537,0.6571,1.5217,0.1304,0,0,0,0.0000,0.0,0.0000,0,0.7391,0.2609,0.8478,34,39,46,0.3279,0.3279,2.5411,0.1522,0.2857,0.4286,0.2857,0.7143,0,0,0.7143,14,10,0.5585,0.1,0.1522,0.7174,0.0217,0.3043,0.0,0.0,0.7143,0.0,0.0,0.0,1.079,0.0,completed,,0.8611,9.446586
1345,3.7253,1.8172,0,1.0,0.1667,15,7200,70,150.0,0.0,150.0,1.0,0.7778,0.0667,1,0,1,0.0667,0.0,0.0667,0,0.8,0.2,0.8667,12,13,15,0.0,0.0,0.0,0.1333,0.0,0.0,1.0,1.0,0,0,0.5,2,1,0.5177,0.1,0.0667,0.6,0.0,0.1333,0.0,0.0,0.5,0.0,0.0,0.0,-0.0,0.0,enter_inner,obstacle,0.8609,8.909746
1346,29.2493,14.268,0,4.0,0.6667,27,12960,70,150.0,2.3264,152.3264,1.0,1.7284,0.1481,1,0,1,0.0370,0.0,0.0370,0,0.5926,0.4074,0.7407,16,20,27,0.5816,0.5816,3.6059,0.2593,0.4286,0.2857,0.2857,0.5714,0,0,0.8889,9,8,0.5799,0.1,0.1481,0.8519,0.037,0.3333,0.0,0.0,0.8889,0.0,0.0,0.0,1.079,0.0,outer_patrol_b,road_edge,0.8606,8.977431
1347,86.0,42.9262,1,6.0,1.0,46,22080,46,139.7143,3.7582,143.4724,0.6571,1.5217,0.1304,1,0,1,0.0217,0.0,0.0217,0,0.7609,0.2391,0.8261,35,38,46,0.7516,0.7516,5.8251,0.1739,0.625,0.125,0.25,0.375,0,0,0.6667,9,6,0.5537,0.1,0.1087,0.8913,0.0217,0.1957,0.0,0.0,0.6667,0.0,0.0,0.0,0.9003,0.0,completed,,0.8603,10.434126
1348,11.5886,5.653,0,2.0,0.3333,17,8160,70,150.0,0.733,150.733,1.0,1.3725,0.1176,1,0,1,0.0588,0.0,0.0588,0,0.7647,0.2353,0.8235,13,14,17,0.3665,0.3665,1.1362,0.1765,0.3333,0.0,0.6667,0.6667,0,0,0.5,4,2,0.5267,0.1,0.1176,0.8235,0.0,0.2353,0.0,0.0,0.5,0.0,0.0,0.0,0.6365,0.0,inner_patrol,obstacle,0.86,10.2775
1349,86.0,49.1649,1,6.0,1.0,39,18720,39,136.7143,0.8414,137.5557,0.5571,1.7949,0.1538,0,0,0,0.0000,0.0,0.0000,0,0.8462,0.1538,0.8462,33,33,39,0.1683,0.1683,1.3042,0.1538,0.1667,0.3333,0.5,0.8333,0,0,0.8571,14,12,0.5616,0.1,0.1282,0.7949,0.0256,0.359,0.0,0.0,0.8571,0.0,0.0,0.0,1.0114,0.0,completed,,0.8598,9.922382
1350,86.0,51.1252,1,6.0,1.0,36,17280,36,135.4286,0.0,135.4286,0.5143,1.9444,0.1667,1,0,1,0.0278,0.0,0.0278,0,0.8333,0.1667,0.8611,30,31,36,0.0,0.0,0.0,0.1389,0.0,0.4,0.6,1.0,0,0,0.9,10,9,0.5421,0.1,0.0833,0.6944,0.0,0.2778,0.0,0.0,0.9,0.0,0.0,0.0,0.673,0.0,completed,,0.8595,8.720571
1351,86.0,51.2979,1,6.0,1.0,36,17280,36,135.4286,0.0,135.4286,0.5143,1.9444,0.1667,1,0,1,0.0278,0.0,0.0278,0,0.8333,0.1667,0.8611,30,31,36,0.0,0.0,0.0,0.1667,0.0,0.5,0.5,1.0,0,0,0.8333,6,5,0.5552,0.1,0.0556,0.75,0.0556,0.1667,0.0,0.0,0.8333,0.0,0.0,0.0,0.6931,0.0,completed,,0.8592,9.598618
1352,0.5401,0.2635,0,1.0,0.1667,19,9120,70,150.0,0.0,150.0,1.0,0.614,0.0526,1,0,1,0.0526,0.0,0.0526,0,0.6842,0.3158,0.8947,13,17,19,0.0,0.0,0.0,0.1053,0.0,0.5,0.5,1.0,0,0,0.25,4,1,0.5378,0.1,0.0526,0.6316,0.0526,0.2105,0.0,0.0,0.25,0.0,0.0,0.0,0.6931,0.0,enter_inner,obstacle,0.859,9.597008
1353,1.3257,0.6467,0,1.0,0.1667,15,7200,70,150.0,0.8272,150.8272,1.0,0.7778,0.0667,0,0,0,0.0000,0.0,0.0000,0,0.8,0.2,0.8667,12,13,15,0.8272,0.8272,1.2822,0.1333,0.5,0.0,0.5,0.5,0,0,0.6,5,3,0.5393,0.1,0.1333,0.8667,0.0667,0.3333,0.0,0.0,0.6,0.0,0.0,0.0,0.6931,0.0,enter_inner,obstacle,0.8587,8.669347
1354,3.0029,1.4648,0,1.0,0.1667,15,7200,70,150.0,0.0,150.0,1.0,0.7778,0.0667,1,0,1,0.0667,0.0,0.0667,0,0.8,0.2,0.9333,12,14,15,0.0,0.0,0.0,0.0667,0.0,1.0,0.0,1.0,0,0,0.8,5,4,0.5457,0.1,0.0667,0.6,0.0667,0.3333,0.0,0.0,0.8,0.0,0.0,0.0,-0.0,0.0,enter_inner,obstacle,0.8584,8.913547
1355,24.269,11.8386,0,3.0,0.5,29,13920,70,150.0,0.0,150.0,1.0,1.2069,0.1034,1,0,1,0.0345,0.0,0.0345,0,0.6552,0.3448,0.8276,19,24,29,0.0,0.0,0.0,0.1724,0.0,0.4,0.6,1.0,0,0,0.5,14,7,0.6042,0.1,0.1724,0.9655,0.1034,0.4828,0.0,0.0,0.5,0.0,0.0,0.0,0.673,0.0,return_outer,obstacle,0.8582,8.689552
1356,1.3894,0.6778,0,1.0,0.1667,15,7200,70,150.0,0.78,150.78,1.0,0.7778,0.0667,1,0,1,0.0667,0.0,0.0667,0,0.8,0.2,0.8667,12,13,15,0.78,0.78,1.2091,0.1333,0.5,0.5,0.0,0.5,0,0,0.75,4,3,0.5354,0.1,0.0667,0.8,0.0667,0.2667,0.0,0.0,0.75,0.0,0.0,0.0,0.6931,0.0,enter_inner,obstacle,0.8579,8.790235
1357,3.5081,1.7113,0,2.0,0.3333,24,11520,70,150.0,1.4924,151.4924,1.0,0.9722,0.0833,1,0,1,0.0417,0.0,0.0417,0,0.6667,0.3333,0.875,16,21,24,0.7462,0.7462,2.3132,0.125,0.6667,0.3333,0.0,0.3333,0,0,0.3,10,3,0.5789,0.1,0.25,0.875,0.0833,0.4167,0.0,0.0,0.3,0.0,0.0,0.0,0.6365,0.0,inner_patrol,obstacle,0.8576,7.602511
1358,86.0,43.4626,1,6.0,1.0,48,23040,48,140.5714,3.9546,144.526,0.6857,1.4583,0.125,0,0,0,0.0000,0.0,0.0000,0,0.7292,0.2708,0.7917,35,38,48,0.7909,0.7909,6.1296,0.2083,0.5,0.1,0.4,0.5,0,0,0.65,20,13,0.5952,0.1,0.2292,0.75,0.0833,0.4167,0.0,0.0,0.65,0.0,0.0,0.0,0.9433,0.0,completed,,0.8573,8.850397
1359,4.864,2.3727,0,1.0,0.1667,13,6240,70,150.0,0.0,150.0,1.0,0.8974,0.0769,1,0,1,0.0769,0.0,0.0769,0,0.9231,0.0769,0.9231,12,12,13,0.0,0.0,0.0,0.0769,0.0,1.0,0.0,1.0,0,0,0.6667,3,2,0.505,0.1,0.0769,0.5385,0.0,0.2308,0.0,0.0,0.6667,0.0,0.0,0.0,-0.0,0.0,enter_inner,obstacle,0.8571,8.459105
1360,86.0,47.4943,1,6.0,1.0,44,21120,44,138.8571,0.742,139.5991,0.6286,1.5909,0.1364,1,0,1,0.0227,0.0,0.0227,0,0.75,0.25,0.8864,33,39,44,0.1484,0.1484,1.1501,0.1136,0.2,0.2,0.6,0.8,0,0,0.6154,13,8,0.5402,0.1,0.0455,0.7273,0.0227,0.2955,0.0,0.0,0.6154,0.0,0.0,0.0,0.9503,0.0,completed,,0.8568,9.331527
1361,3.2519,1.5863,0,1.0,0.1667,15,7200,70,150.0,0.0,150.0,1.0,0.7778,0.0667,0,0,0,0.0000,0.0,0.0000,0,0.8667,0.1333,0.9333,13,14,15,0.0,0.0,0.0,0.0667,0.0,1.0,0.0,1.0,0,0,0.75,4,3,0.5338,0.1,0.0667,0.5333,0.0667,0.2667,0.0,0.0,0.75,0.0,0.0,0.0,-0.0,0.0,enter_inner,obstacle,0.8565,9.506982
1362,9.1525,4.4646,0,2.0,0.3333,19,9120,70,150.0,0.7651,150.7651,1.0,1.2281,0.1053,1,0,1,0.0526,0.0,0.0526,0,0.7368,0.2632,0.8947,14,17,19,0.3826,0.3826,1.186,0.1053,0.5,0.5,0.0,0.5,0,0,0.75,4,3,0.5294,0.1,0.1053,0.7368,0.0,0.2105,0.0,0.0,0.75,0.0,0.0,0.0,0.6931,0.0,inner_patrol,obstacle,0.8563,9.441728
1363,86.0,51.8945,1,6.0,1.0,38,18240,38,136.2857,0.0,136.2857,0.5429,1.8421,0.1579,1,0,1,0.0263,0.0,0.0263,0,0.8158,0.1842,0.8158,31,31,38,0.0,0.0,0.0,0.1842,0.0,0.1429,0.8571,1.0,0,0,0.7692,13,10,0.5807,0.1,0.1579,0.7368,0.0789,0.3421,0.0,0.0,0.7692,0.0,0.0,0.0,0.4101,0.0,completed,,0.856,10.508797
1364,-10.0,-5.1797,0,0.0,0.0,7,3360,70,150.0,0.0,150.0,1.0,0.0,0.0,0,0,0,0.0000,0.0,0.0000,0,0.8571,0.1429,1.0,6,7,7,0.0,0.0,0.0,0.0,0.0,0.0,0.0,0.0,0,0,0.0,0,0,0.4751,0.1,0.0,0.7143,0.0,0.0,0.0,0.0,0.0,0.0,0.0,0.0,0.0,0.0,outer_patrol_a,road_edge,0.8557,10.810786
1365,59.0664,28.8129,0,4.0,0.6667,35,16800,70,150.0,0.0,150.0,1.0,1.3333,0.1143,1,0,1,0.0286,0.0,0.0286,0,0.8286,0.1714,0.8857,29,31,35,0.0,0.0,0.0,0.1143,0.0,0.75,0.25,1.0,0,0,0.9167,12,11,0.559,0.1,0.0286,0.8,0.0286,0.3429,0.0,0.0,0.9167,0.0,0.0,0.0,0.5623,0.0,outer_patrol_b,road_edge,0.8555,12.972311
1366,4.0409,1.9712,0,1.0,0.1667,14,6720,70,150.0,0.0,150.0,1.0,0.8333,0.0714,0,0,0,0.0000,0.0,0.0000,0,0.8571,0.1429,0.9286,12,13,14,0.0,0.0,0.0,0.0714,0.0,1.0,0.0,1.0,0,0,0.6667,6,4,0.5327,0.1,0.0714,0.7857,0.0,0.4286,0.0,0.0,0.6667,0.0,0.0,0.0,-0.0,0.0,enter_inner,obstacle,0.8552,13.30511
1367,-10.0,-6.1358,0,0.0,0.0,6,2880,70,150.0,0.0,150.0,1.0,0.0,0.0,1,0,1,0.1667,0.0,0.1667,0,1.0,0.0,1.0,6,6,6,0.0,0.0,0.0,0.0,0.0,0.0,0.0,0.0,0,0,0.5,4,2,0.5253,0.1,0.0,0.8333,0.0,0.6667,0.0,0.0,0.5,0.0,0.0,0.0,0.0,0.0,outer_patrol_a,road_edge,0.8549,14.068752
1368,13.1823,6.4304,0,2.0,0.3333,16,7680,70,150.0,0.0,150.0,1.0,1.4583,0.125,0,0,0,0.0000,0.0,0.0000,0,0.75,0.25,0.875,12,14,16,0.0,0.0,0.0,0.125,0.0,1.0,0.0,1.0,0,0,0.75,4,3,0.5374,0.1,0.0625,0.625,0.0625,0.25,0.0,0.0,0.75,0.0,0.0,0.0,-0.0,0.0,inner_patrol,obstacle,0.8547,12.391901
1369,2.033,0.9917,0,1.0,0.1667,15,7200,70,150.0,0.6257,150.6257,1.0,0.7778,0.0667,0,0,0,0.0000,0.0,0.0000,0,0.8,0.2,0.8667,12,13,15,0.6257,0.6257,0.9698,0.1333,0.5,0.5,0.0,0.5,0,0,0.8,5,4,0.5465,0.1,0.1333,0.8,0.1333,0.3333,0.0,0.0,0.8,0.0,0.0,0.0,0.6931,0.0,enter_inner,obstacle,0.8544,11.96052
1370,10.0331,4.8942,0,2.0,0.3333,17,8160,70,150.0,1.7479,151.7479,1.0,1.3725,0.1176,1,0,1,0.0588,0.0,0.0588,0,0.8235,0.1765,0.8235,14,14,17,0.8739,0.8739,2.7092,0.1765,0.6667,0.0,0.3333,0.3333,0,0,0.7778,9,7,0.5707,0.1,0.2353,0.9412,0.0588,0.5294,0.0,0.0,0.7778,0.0,0.0,0.0,0.6365,0.0,inner_patrol,obstacle,0.8541,12.313125
1371,85.4903,41.7026,1,6.0,1.0,50,24000,50,141.4286,4.2393,145.6678,0.7143,1.4,0.12,0,0,0,0.0000,0.0,0.0000,0,0.72,0.28,0.84,36,42,50,0.8479,0.8479,6.5708,0.16,0.625,0.0,0.375,0.375,0,0,0.6111,18,11,0.5839,0.1,0.18,0.78,0.06,0.36,0.0,0.0,0.6111,0.0,0.0,0.0,0.6616,0.0,completed,,0.8538,11.329455
1372,32.6953,15.9489,0,4.0,0.6667,28,13440,70,150.0,0.8037,150.8037,1.0,1.6667,0.1429,1,0,1,0.0357,0.0,0.0357,0,0.6786,0.3214,0.8214,19,23,28,0.2009,0.2009,1.2457,0.1786,0.2,0.2,0.6,0.8,0,0,0.8889,9,8,0.5551,0.1,0.1071,0.8214,0.0357,0.3214,0.0,0.0,0.8889,0.0,0.0,0.0,0.9503,0.0,outer_patrol_b,road_edge,0.8536,10.289299
1373,-7.0063,-3.4177,0,0.0,0.0,10,4800,70,150.0,0.0,150.0,1.0,0.0,0.0,1,0,1,0.1000,0.0,0.1000,0,0.9,0.1,1.0,9,10,10,0.0,0.0,0.0,0.0,0.0,0.0,0.0,0.0,0,0,0.0,0,0,0.4928,0.1,0.0,0.4,0.0,0.0,0.0,0.0,0.0,0.0,0.0,0.0,0.0,0.0,outer_patrol_a,road_edge,0.8533,10.960686
1374,86.0,49.1334,1,6.0,1.0,41,19680,41,137.5714,0.7219,138.2933,0.5857,1.7073,0.1463,1,0,1,0.0244,0.0,0.0244,0,0.7561,0.2439,0.8537,31,35,41,0.1444,0.1444,1.1189,0.1463,0.1667,0.3333,0.5,0.8333,0,0,0.7333,15,11,0.5437,0.1,0.122,0.8293,0.0,0.3659,0.0,0.0,0.7333,0.0,0.0,0.0,1.0114,0.0,completed,,0.853,10.970716
1375,86.0,44.3655,1,6.0,1.0,44,21120,44,138.8571,3.8902,142.7473,0.6286,1.5909,0.1364,1,0,1,0.0227,0.0,0.0227,0,0.7727,0.2273,0.8182,34,36,44,0.778,0.778,6.0298,0.1818,0.625,0.125,0.25,0.375,0,0,0.6667,12,8,0.5586,0.1,0.0909,0.8182,0.0227,0.2727,0.0,0.0,0.6667,0.0,0.0,0.0,0.9003,0.0,completed,,0.8528,10.656518
1376,-7.5213,-3.6689,0,0.0,0.0,7,3360,70,150.0,0.0,150.0,1.0,0.0,0.0,0,0,0,0.0000,0.0,0.0000,0,1.0,0.0,1.0,7,7,7,0.0,0.0,0.0,0.0,0.0,0.0,0.0,0.0,0,0,0.5,2,1,0.5116,0.1,0.0,0.5714,0.0,0.2857,0.0,0.0,0.5,0.0,0.0,0.0,0.0,0.0,outer_patrol_a,road_edge,0.8525,10.662617
1377,1.1019,0.5375,0,1.0,0.1667,18,8640,70,150.0,0.0,150.0,1.0,0.6481,0.0556,1,0,1,0.0556,0.0,0.0556,0,0.8333,0.1667,0.9444,15,17,18,0.0,0.0,0.0,0.0556,0.0,1.0,0.0,1.0,0,0,0.4,5,2,0.5211,0.1,0.0556,0.8333,0.0,0.2778,0.0,0.0,0.4,0.0,0.0,0.0,-0.0,0.0,enter_inner,obstacle,0.8522,10.457231
1378,86.0,44.8963,1,6.0,1.0,46,22080,46,139.7143,2.2914,142.0056,0.6571,1.5217,0.1304,1,0,1,0.0217,0.0,0.0217,0,0.7174,0.2826,0.8696,33,40,46,0.4583,0.4583,3.5516,0.1522,0.4286,0.1429,0.4286,0.5714,0,0,0.6667,15,10,0.5549,0.1,0.0652,0.913,0.0,0.3261,0.0,0.0,0.6667,0.0,0.0,0.0,1.0042,0.0,completed,,0.852,10.081497
1379,25.5392,12.4582,0,3.0,0.5,25,12000,70,150.0,0.6197,150.6197,1.0,1.4,0.12,1,0,1,0.0400,0.0,0.0400,0,0.8,0.2,0.84,20,21,25,0.2066,0.2066,0.9605,0.16,0.25,0.25,0.5,0.75,0,0,0.7778,9,7,0.5794,0.1,0.16,0.88,0.04,0.36,0.0,0.0,0.7778,0.0,0.0,0.0,1.0397,0.0,return_outer,obstacle,0.8517,10.510801
1380,86.0,50.996,1,6.0,1.0,38,18240,38,136.2857,0.0,136.2857,0.5429,1.8421,0.1579,1,0,1,0.0263,0.0,0.0263,0,0.8158,0.1842,0.8684,31,33,38,0.0,0.0,0.0,0.1316,0.0,0.6,0.4,1.0,0,0,0.7647,17,13,0.5674,0.1,0.0789,0.8947,0.0526,0.4474,0.0,0.0,0.7647,0.0,0.0,0.0,0.673,0.0,completed,,0.8514,9.602243
1381,86.0,51.0843,1,6.0,1.0,36,17280,36,135.4286,0.0,135.4286,0.5143,1.9444,0.1667,1,0,1,0.0278,0.0,0.0278,0,0.8333,0.1667,0.8611,30,31,36,0.0,0.0,0.0,0.1389,0.0,1.0,0.0,1.0,0,0,1.0,7,7,0.5564,0.1,0.0556,0.75,0.0556,0.1944,0.0,0.0,1.0,0.0,0.0,0.0,-0.0,0.0,completed,,0.8511,8.357209
1382,55.0486,26.853,0,5.0,0.8333,43,20640,70,150.0,1.7208,151.7208,1.0,1.3566,0.1163,1,0,1,0.0233,0.0,0.0233,0,0.7674,0.2326,0.8605,33,37,43,0.3442,0.3442,2.6672,0.1395,0.3333,0.5,0.1667,0.6667,0,0,0.8889,9,8,0.5499,0.1,0.0465,0.6279,0.0233,0.2093,0.0,0.0,0.8889,0.0,0.0,0.0,1.0114,0.0,final_park,wall,0.8509,8.947169
1383,1.7317,0.8447,0,1.0,0.1667,17,8160,70,150.0,0.0,150.0,1.0,0.6863,0.0588,1,0,1,0.0588,0.0,0.0588,0,0.7647,0.2353,0.9412,13,16,17,0.0,0.0,0.0,0.0588,0.0,1.0,0.0,1.0,0,0,0.3333,6,2,0.5163,0.1,0.0588,0.7059,0.0,0.3529,0.0,0.0,0.3333,0.0,0.0,0.0,-0.0,0.0,enter_inner,obstacle,0.8506,9.379408
1384,0.8618,0.4204,0,1.0,0.1667,18,8640,70,150.0,0.0,150.0,1.0,0.6481,0.0556,0,0,0,0.0000,0.0,0.0000,0,0.7222,0.2778,0.9444,13,17,18,0.0,0.0,0.0,0.0556,0.0,1.0,0.0,1.0,0,0,0.8,5,4,0.5176,0.1,0.0,0.8889,0.0,0.2778,0.0,0.0,0.8,0.0,0.0,0.0,-0.0,0.0,enter_inner,obstacle,0.8503,10.1355
1385,-0.663,-0.3234,0,1.0,0.1667,18,8640,70,150.0,0.7998,150.7998,1.0,0.6481,0.0556,0,0,0,0.0000,0.0,0.0000,0,0.7778,0.2222,0.8889,14,16,18,0.7998,0.7998,1.2397,0.1111,0.5,0.5,0.0,0.5,0,0,0.6,5,3,0.5222,0.1,0.0556,0.7222,0.0,0.2778,0.0,0.0,0.6,0.0,0.0,0.0,0.6931,0.0,enter_inner,obstacle,0.8501,9.752579
1386,62.6374,30.5548,0,5.0,0.8333,37,17760,70,150.0,0.0,150.0,1.0,1.5766,0.1351,0,0,0,0.0000,0.0,0.0000,0,0.7838,0.2162,0.8649,29,32,37,0.0,0.0,0.0,0.1351,0.0,1.0,0.0,1.0,0,0,0.8889,9,8,0.5398,0.1,0.0541,0.8649,0.027,0.2432,0.0,0.0,0.8889,0.0,0.0,0.0,-0.0,0.0,final_park,wall,0.8498,9.267462
1387,86.0,45.453,1,6.0,1.0,49,23520,49,141.0,0.6236,141.6236,0.7,1.4286,0.1224,1,0,1,0.0204,0.0,0.0204,0,0.7347,0.2653,0.8776,36,43,49,0.1247,0.1247,0.9666,0.1224,0.1667,0.5,0.3333,0.8333,0,0,0.6,10,6,0.5395,0.1,0.0816,0.551,0.0,0.2041,0.0,0.0,0.6,0.0,0.0,0.0,1.0114,0.0,completed,,0.8495,6.965278
1388,48.416,23.6176,0,4.0,0.6667,33,15840,70,150.0,0.8267,150.8267,1.0,1.4141,0.1212,1,0,1,0.0303,0.0,0.0303,0,0.7879,0.2121,0.8485,26,28,33,0.2067,0.2067,1.2815,0.1515,0.2,0.0,0.8,0.8,0,0,0.7273,11,8,0.556,0.1,0.1515,0.8485,0.0,0.3333,0.0,0.0,0.7273,0.0,0.0,0.0,0.5004,0.0,outer_patrol_b,road_edge,0.8493,4.991302
1389,86.0,47.9678,1,6.0,1.0,41,19680,41,137.5714,1.3485,138.9199,0.5857,1.7073,0.1463,1,0,1,0.0244,0.0,0.0244,0,0.7805,0.2195,0.878,32,36,41,0.2697,0.2697,2.0901,0.1463,0.3333,0.3333,0.3333,0.6667,0,0,1.0,12,12,0.557,0.1,0.0976,0.6585,0.0244,0.2927,0.0,0.0,1.0,0.0,0.0,0.0,1.0986,0.0,completed,,0.849,7.815089
1390,24.1932,11.8015,0,3.0,0.5,28,13440,70,150.0,0.6463,150.6463,1.0,1.25,0.1071,0,0,0,0.0000,0.0,0.0000,0,0.8214,0.1786,0.8929,23,25,28,0.2154,0.2154,1.0018,0.1071,0.3333,0.3333,0.3333,0.6667,0,0,0.7692,13,10,0.5586,0.1,0.1071,0.8571,0.0,0.4643,0.0,0.0,0.7692,0.0,0.0,0.0,1.0986,0.0,return_outer,obstacle,0.8487,9.290175
1391,36.1835,17.6505,0,4.0,0.6667,26,12480,70,150.0,0.7856,150.7856,1.0,1.7949,0.1538,0,0,0,0.0000,0.0,0.0000,0,0.7692,0.2308,0.8077,20,21,26,0.1964,0.1964,1.2176,0.1923,0.2,0.2,0.6,0.8,0,0,0.6667,6,4,0.5402,0.1,0.0769,0.7692,0.0,0.2308,0.0,0.0,0.6667,0.0,0.0,0.0,0.9503,0.0,outer_patrol_b,road_edge,0.8485,10.961319
1392,3.161,1.542,0,1.0,0.1667,16,7680,70,150.0,0.0,150.0,1.0,0.7292,0.0625,1,0,1,0.0625,0.0,0.0625,0,0.9375,0.0625,0.9375,15,15,16,0.0,0.0,0.0,0.0625,0.0,0.0,1.0,1.0,0,0,0.5,2,1,0.5321,0.1,0.0625,0.6875,0.0625,0.125,0.0,0.0,0.5,0.0,0.0,0.0,-0.0,0.0,enter_inner,obstacle,0.8482,11.99409
1393,4.4303,2.1611,0,1.0,0.1667,14,6720,70,150.0,0.0,150.0,1.0,0.8333,0.0714,1,0,1,0.0714,0.0,0.0714,0,0.8571,0.1429,0.9286,12,13,14,0.0,0.0,0.0,0.0714,0.0,0.0,1.0,1.0,0,0,0.6667,3,2,0.5387,0.1,0.0714,0.6429,0.0714,0.2143,0.0,0.0,0.6667,0.0,0.0,0.0,-0.0,0.0,enter_inner,obstacle,0.8479,12.464112
1394,14.4699,7.0585,0,2.0,0.3333,15,7200,70,150.0,0.0,150.0,1.0,1.5556,0.1333,1,0,1,0.0667,0.0,0.0667,0,0.8,0.2,0.8667,12,13,15,0.0,0.0,0.0,0.1333,0.0,0.5,0.5,1.0,0,0,1.0,2,2,0.5048,0.1,0.0667,0.6667,0.0,0.1333,0.0,0.0,1.0,0.0,0.0,0.0,0.6931,0.0,inner_patrol,obstacle,0.8476,12.150042
1395,16.3597,7.9803,0,2.0,0.3333,19,9120,70,150.0,0.8419,150.8419,1.0,1.2281,0.1053,0,0,0,0.0000,0.0,0.0000,0,0.8421,0.1579,0.8947,16,17,19,0.4209,0.4209,1.3049,0.1053,0.5,0.0,0.5,0.5,0,0,0.5,2,1,0.5251,0.1,0.0526,0.7368,0.0,0.1053,0.0,0.0,0.5,0.0,0.0,0.0,0.6931,0.0,inner_patrol,obstacle,0.8474,11.988614
1396,26.6303,12.9904,0,3.0,0.5,24,11520,70,150.0,0.6652,150.6652,1.0,1.4583,0.125,0,0,0,0.0000,0.0,0.0000,0,0.8333,0.1667,0.875,20,21,24,0.2217,0.2217,1.0311,0.125,0.3333,0.6667,0.0,0.6667,0,0,0.7778,9,7,0.5584,0.1,0.125,0.875,0.0,0.375,0.0,0.0,0.7778,0.0,0.0,0.0,0.6365,0.0,return_outer,obstacle,0.8471,10.563751
1397,86.0,44.4157,1,6.0,1.0,44,21120,44,138.8571,3.9909,142.848,0.6286,1.5909,0.1364,1,0,1,0.0227,0.0,0.0227,0,0.75,0.25,0.8182,33,36,44,0.7982,0.7982,6.1858,0.1818,0.625,0.125,0.25,0.375,0,0,0.8462,13,11,0.5669,0.1,0.1364,0.75,0.0227,0.2955,0.0,0.0,0.8462,0.0,0.0,0.0,0.9003,0.0,completed,,0.8468,7.837563
1398,13.5106,6.5906,0,2.0,0.3333,16,7680,70,150.0,0.0,150.0,1.0,1.4583,0.125,1,0,1,0.0625,0.0,0.0625,0,0.75,0.25,0.875,12,14,16,0.0,0.0,0.0,0.125,0.0,1.0,0.0,1.0,0,0,1.0,3,3,0.502,0.1,0.0625,0.6875,0.0,0.1875,0.0,0.0,1.0,0.0,0.0,0.0,-0.0,0.0,inner_patrol,obstacle,0.8466,6.858956
1399,3.4528,1.6843,0,1.0,0.1667,16,7680,70,150.0,0.0,150.0,1.0,0.7292,0.0625,0,0,0,0.0000,0.0,0.0000,0,0.75,0.25,0.875,12,14,16,0.0,0.0,0.0,0.125,0.0,0.0,1.0,1.0,0,0,0.6,5,3,0.511,0.1,0.125,0.6875,0.0,0.3125,0.0,0.0,0.6,0.0,0.0,0.0,-0.0,0.0,enter_inner,obstacle,0.8463,7.001876
1400,86.0,47.5243,1,6.0,1.0,43,20640,43,138.4286,2.0253,140.4539,0.6143,1.6279,0.1395,1,0,1,0.0233,0.0,0.0233,0,0.7442,0.2558,0.8372,32,36,43,0.4051,0.4051,3.1393,0.1628,0.4286,0.2857,0.2857,0.5714,0,0,0.8824,17,15,0.5596,0.1,0.093,0.814,0.0233,0.3953,0.0,0.0,0.8824,0.0,0.0,0.0,1.079,0.0,completed,,0.846,7.5488
1401,19.0245,9.2802,0,3.0,0.5,30,14400,70,150.0,1.5863,151.5863,1.0,1.1667,0.1,1,0,1,0.0333,0.0,0.0333,0,0.6667,0.3333,0.8333,20,25,30,0.5288,0.5288,2.4588,0.1333,0.5,0.25,0.25,0.5,0,0,0.6667,9,6,0.5787,0.1,0.1333,0.8667,0.1,0.3,0.0,0.0,0.6667,0.0,0.0,0.0,1.0397,0.0,return_outer,red_light,0.8458,10.548848
1402,55.9037,27.2701,0,4.0,0.6667,38,18240,70,150.0,0.0,150.0,1.0,1.2281,0.1053,1,0,1,0.0263,0.0,0.0263,0,0.7895,0.2105,0.8947,30,34,38,0.0,0.0,0.0,0.1053,0.0,0.0,1.0,1.0,0,0,0.6,15,9,0.5488,0.1,0.0526,0.8158,0.0,0.3947,0.0,0.0,0.6,0.0,0.0,0.0,-0.0,0.0,outer_patrol_b,road_edge,0.8455,9.705153
1403,86.0,47.4728,1,6.0,1.0,45,21600,45,139.2857,0.0,139.2857,0.6429,1.5556,0.1333,1,0,1,0.0222,0.0,0.0222,0,0.7111,0.2889,0.8889,32,40,45,0.0,0.0,0.0,0.1111,0.0,0.6,0.4,1.0,0,0,0.7692,13,10,0.546,0.1,0.0444,0.8444,0.0,0.2889,0.0,0.0,0.7692,0.0,0.0,0.0,0.673,0.0,completed,,0.8452,11.041128
1404,86.0,49.5888,1,6.0,1.0,41,19680,41,137.5714,0.8215,138.3929,0.5857,1.7073,0.1463,0,0,0,0.0000,0.0,0.0000,0,0.7561,0.2439,0.878,31,36,41,0.1643,0.1643,1.2733,0.122,0.2,0.0,0.8,0.8,0,0,0.8,5,4,0.5321,0.1,0.0244,0.8293,0.0,0.122,0.0,0.0,0.8,0.0,0.0,0.0,0.5004,0.0,completed,,0.8449,10.625498
1405,11.8399,5.7756,0,2.0,0.3333,18,8640,70,150.0,0.0,150.0,1.0,1.2963,0.1111,0,0,0,0.0000,0.0,0.0000,0,0.6667,0.3333,0.8889,12,16,18,0.0,0.0,0.0,0.1111,0.0,1.0,0.0,1.0,0,0,0.8,5,4,0.5239,0.1,0.0556,0.6667,0.0556,0.2778,0.0,0.0,0.8,0.0,0.0,0.0,-0.0,0.0,inner_patrol,obstacle,0.8447,11.172353
1406,2.2056,1.0759,0,1.0,0.1667,16,7680,70,150.0,0.7096,150.7096,1.0,0.7292,0.0625,1,0,1,0.0625,0.0,0.0625,0,0.8125,0.1875,0.875,13,14,16,0.7096,0.7096,1.0998,0.125,0.5,0.0,0.5,0.5,0,0,0.75,8,6,0.5294,0.1,0.0625,0.875,0.0,0.5,0.0,0.0,0.75,0.0,0.0,0.0,0.6931,0.0,enter_inner,obstacle,0.8444,10.731305
1407,26.1475,12.7549,0,3.0,0.5,27,12960,70,150.0,0.0,150.0,1.0,1.2963,0.1111,1,0,1,0.0370,0.0,0.0370,0,0.7778,0.2222,0.8889,21,24,27,0.0,0.0,0.0,0.1111,0.0,0.6667,0.3333,1.0,0,0,0.7,10,7,0.5669,0.1,0.1111,0.7407,0.0,0.3704,0.0,0.0,0.7,0.0,0.0,0.0,0.6365,0.0,return_outer,obstacle,0.8441,9.866469
1408,86.0,44.7561,1,6.0,1.0,45,21600,45,139.2857,3.0124,142.2981,0.6429,1.5556,0.1333,0,0,0,0.0000,0.0,0.0000,0,0.7333,0.2667,0.8222,33,37,45,0.6025,0.6025,4.6692,0.1778,0.5,0.5,0.0,0.5,0,0,0.7778,18,14,0.5667,0.1,0.1556,0.8222,0.0222,0.4,0.0,0.0,0.7778,0.0,0.0,0.0,0.6931,0.0,completed,,0.8439,10.111166
1409,18.0298,8.795,0,3.0,0.5,31,14880,70,150.0,1.7214,151.7214,1.0,1.129,0.0968,1,0,1,0.0323,0.0,0.0323,0,0.6452,0.3548,0.8387,20,26,31,0.5738,0.5738,2.6682,0.1613,0.4,0.4,0.2,0.6,0,0,0.9,10,9,0.5553,0.1,0.0645,0.8387,0.0,0.3226,0.0,0.0,0.9,0.0,0.0,0.0,1.0549,0.0,return_outer,obstacle,0.8436,10.995471
1410,11.6408,5.6785,0,2.0,0.3333,19,9120,70,150.0,0.0,150.0,1.0,1.2281,0.1053,1,0,1,0.0526,0.0,0.0526,0,0.7895,0.2105,0.8947,15,17,19,0.0,0.0,0.0,0.1053,0.0,0.5,0.5,1.0,0,0,0.4,5,2,0.5264,0.1,0.0526,0.5789,0.0526,0.2632,0.0,0.0,0.4,0.0,0.0,0.0,0.6931,0.0,inner_patrol,obstacle,0.8433,11.473414
1411,58.1235,28.3529,0,4.0,0.6667,40,19200,70,150.0,0.6959,150.6959,1.0,1.1667,0.1,1,0,1,0.0250,0.0,0.0250,0,0.775,0.225,0.875,31,35,40,0.174,0.174,1.0786,0.125,0.2,0.2,0.6,0.8,0,0,0.7778,9,7,0.56,0.1,0.075,0.675,0.025,0.225,0.0,0.0,0.7778,0.0,0.0,0.0,0.9503,0.0,outer_patrol_b,road_edge,0.8431,10.523309
1412,26.053,12.7088,0,3.0,0.5,25,12000,70,150.0,1.4747,151.4747,1.0,1.4,0.12,1,0,1,0.0400,0.0,0.0400,0,0.8,0.2,0.8,20,20,25,0.4916,0.4916,2.2858,0.16,0.5,0.0,0.5,0.5,0,0,0.625,8,5,0.5925,0.1,0.2,0.84,0.12,0.32,0.0,0.0,0.625,0.0,0.0,0.0,0.6931,0.0,return_outer,red_light,0.8428,9.784597
1413,27.0589,13.1994,0,3.0,0.5,24,11520,70,150.0,0.8357,150.8357,1.0,1.4583,0.125,0,0,0,0.0000,0.0,0.0000,0,0.8333,0.1667,0.875,20,21,24,0.2786,0.2786,1.2953,0.125,0.3333,0.0,0.6667,0.6667,0,0,0.75,8,6,0.5505,0.1,0.125,0.8333,0.0,0.3333,0.0,0.0,0.75,0.0,0.0,0.0,0.6365,0.0,return_outer,obstacle,0.8425,7.46558
1414,13.6789,6.6726,0,2.0,0.3333,21,10080,70,150.0,0.0,150.0,1.0,1.1111,0.0952,0,0,0,0.0000,0.0,0.0000,0,0.7619,0.2381,0.9048,16,19,21,0.0,0.0,0.0,0.0952,0.0,0.0,1.0,1.0,0,0,0.5,4,2,0.5258,0.1,0.0476,0.6667,0.0476,0.1905,0.0,0.0,0.5,0.0,0.0,0.0,-0.0,0.0,inner_patrol,obstacle,0.8423,6.959604
1415,86.0,44.4909,1,6.0,1.0,47,22560,47,140.1429,3.0539,143.1968,0.6714,1.4894,0.1277,0,0,0,0.0000,0.0,0.0000,0,0.7234,0.2766,0.8298,34,39,47,0.6108,0.6108,4.7336,0.1702,0.5,0.0,0.5,0.5,0,0,0.6842,19,13,0.5705,0.1,0.1702,0.8723,0.0426,0.4043,0.0,0.0,0.6842,0.0,0.0,0.0,0.6931,0.0,completed,,0.842,7.143564
1416,27.9313,13.625,0,3.0,0.5,24,11520,70,150.0,0.0,150.0,1.0,1.4583,0.125,1,0,1,0.0417,0.0,0.0417,0,0.75,0.25,0.875,18,21,24,0.0,0.0,0.0,0.125,0.0,0.3333,0.6667,1.0,0,0,0.6,5,3,0.5515,0.1,0.0833,0.9167,0.0417,0.2083,0.0,0.0,0.6,0.0,0.0,0.0,0.6365,0.0,return_outer,obstacle,0.8417,7.768309
1417,61.4299,29.9658,0,5.0,0.8333,40,19200,70,150.0,0.7119,150.7119,1.0,1.4583,0.125,0,0,0,0.0000,0.0,0.0000,0,0.75,0.25,0.85,30,34,40,0.1424,0.1424,1.1034,0.15,0.1667,0.1667,0.6667,0.8333,0,0,0.8889,9,8,0.5499,0.1,0.075,0.825,0.05,0.225,0.0,0.0,0.8889,0.0,0.0,0.0,0.8676,0.0,final_park,wall,0.8414,7.719792
1418,5.5268,2.696,0,1.0,0.1667,14,6720,70,150.0,0.0,150.0,1.0,0.8333,0.0714,1,0,1,0.0714,0.0,0.0714,0,0.8571,0.1429,0.8571,12,12,14,0.0,0.0,0.0,0.1429,0.0,0.5,0.5,1.0,0,0,0.5,4,2,0.5527,0.1,0.1429,0.6429,0.0714,0.2857,0.0,0.0,0.5,0.0,0.0,0.0,0.6931,0.0,enter_inner,obstacle,0.8412,7.790866
1419,-10.0,-8.8798,0,0.0,0.0,2,960,70,150.0,0.0,150.0,1.0,0.0,0.0,0,0,0,0.0000,0.0,0.0000,0,1.0,0.0,1.0,2,2,2,0.0,0.0,0.0,0.0,0.0,0.0,0.0,0.0,0,0,0.0,0,0,0.5097,0.1,0.0,1.0,0.0,0.0,0.0,0.0,0.0,0.0,0.0,0.0,0.0,0.0,outer_patrol_a,road_edge,0.8409,7.589184
1420,-1.1135,-0.5432,0,1.0,0.1667,21,10080,70,150.0,0.7472,150.7472,1.0,0.5556,0.0476,1,0,1,0.0476,0.0,0.0476,0,0.7143,0.2857,0.8571,15,18,21,0.7472,0.7472,1.1582,0.0952,0.5,0.0,0.5,0.5,0,0,0.3333,9,3,0.5728,0.1,0.1905,0.619,0.1429,0.4286,0.0,0.0,0.3333,0.0,0.0,0.0,0.6931,0.0,enter_inner,red_light,0.8406,7.437396
1421,1.3656,0.6661,0,0.0,0.0,11,5280,70,150.0,0.0,150.0,1.0,0.0,0.0,1,0,1,0.0909,0.0,0.0909,0,1.0,0.0,1.0,11,11,11,0.0,0.0,0.0,0.0,0.0,0.0,0.0,0.0,0,0,1.0,4,4,0.5096,0.1,0.0,0.8182,0.0,0.3636,0.0,0.0,1.0,0.0,0.0,0.0,0.0,0.0,outer_patrol_a,road_edge,0.8404,7.805043
1422,86.0,47.5741,1,6.0,1.0,44,21120,44,138.8571,1.2609,140.1181,0.6286,1.5909,0.1364,1,0,1,0.0227,0.0,0.0227,0,0.7045,0.2955,0.8636,31,38,44,0.2522,0.2522,1.9544,0.1591,0.2857,0.4286,0.2857,0.7143,0,0,0.7778,9,7,0.5378,0.1,0.0455,0.8182,0.0,0.2045,0.0,0.0,0.7778,0.0,0.0,0.0,1.079,0.0,completed,,0.8401,9.471655
1423,86.0,45.3022,1,6.0,1.0,46,22080,46,139.7143,2.2536,141.9679,0.6571,1.5217,0.1304,1,0,1,0.0217,0.0,0.0217,0,0.7391,0.2609,0.8696,34,40,46,0.4507,0.4507,3.4932,0.1304,0.5,0.5,0.0,0.5,0,0,0.9,10,9,0.5461,0.1,0.087,0.8043,0.0217,0.2174,0.0,0.0,0.9,0.0,0.0,0.0,0.6931,0.0,completed,,0.8398,10.003315
1424,27.7758,13.5492,0,3.0,0.5,24,11520,70,150.0,0.0,150.0,1.0,1.4583,0.125,0,0,0,0.0000,0.0,0.0000,0,0.7917,0.2083,0.875,19,21,24,0.0,0.0,0.0,0.125,0.0,1.0,0.0,1.0,0,0,0.5714,7,4,0.5683,0.1,0.125,0.8333,0.0833,0.2917,0.0,0.0,0.5714,0.0,0.0,0.0,-0.0,0.0,return_outer,obstacle,0.8396,10.228947
1425,-0.0597,-0.0291,0,1.0,0.1667,16,7680,70,150.0,1.595,151.595,1.0,0.7292,0.0625,1,0,1,0.0625,0.0,0.0625,0,0.875,0.125,0.875,14,14,16,1.595,1.595,2.4722,0.125,1.0,0.0,0.0,0.0,0,0,0.8333,6,5,0.5508,0.1,0.125,0.75,0.0,0.375,0.0,0.0,0.8333,0.0,0.0,0.0,-0.0,0.0,enter_inner,obstacle,0.8393,10.95728
1426,86.0,47.8487,1,6.0,1.0,42,20160,42,138.0,1.6209,139.6209,0.6,1.6667,0.1429,0,0,0,0.0000,0.0,0.0000,0,0.7619,0.2381,0.8333,32,35,42,0.3242,0.3242,2.5124,0.1667,0.2857,0.4286,0.2857,0.7143,0,0,0.7692,13,10,0.5649,0.1,0.119,0.8333,0.0238,0.3095,0.0,0.0,0.7692,0.0,0.0,0.0,1.079,0.0,completed,,0.839,9.958973
1427,86.0,50.0341,1,6.0,1.0,40,19200,40,137.1429,0.6348,137.7777,0.5714,1.75,0.15,0,0,0,0.0000,0.0,0.0000,0,0.825,0.175,0.875,33,35,40,0.127,0.127,0.9839,0.125,0.2,0.2,0.6,0.8,0,0,0.5,10,5,0.5547,0.1,0.075,0.7,0.025,0.25,0.0,0.0,0.5,0.0,0.0,0.0,0.9503,0.0,completed,,0.8387,10.431158
1428,29.7009,14.4882,0,3.0,0.5,24,11520,70,150.0,0.0,150.0,1.0,1.4583,0.125,1,0,1,0.0417,0.0,0.0417,0,0.8333,0.1667,0.875,20,21,24,0.0,0.0,0.0,0.125,0.0,0.3333,0.6667,1.0,0,0,0.5714,7,4,0.5512,0.1,0.125,0.75,0.0,0.2917,0.0,0.0,0.5714,0.0,0.0,0.0,0.6365,0.0,return_outer,obstacle,0.8385,11.35957
1429,22.3533,10.904,0,3.0,0.5,28,13440,70,150.0,1.6771,151.6771,1.0,1.25,0.1071,1,0,1,0.0357,0.0,0.0357,0,0.7857,0.2143,0.8571,22,24,28,0.559,0.559,2.5995,0.1429,0.5,0.25,0.25,0.5,0,0,0.7,10,7,0.5658,0.1,0.1071,0.8929,0.0357,0.3571,0.0,0.0,0.7,0.0,0.0,0.0,1.0397,0.0,return_outer,obstacle,0.8382,11.135179
1430,6.9919,3.4107,0,2.0,0.3333,20,9600,70,150.0,1.7933,151.7933,1.0,1.1667,0.1,1,0,1,0.0500,0.0,0.0500,0,0.75,0.25,0.85,15,17,20,0.8967,0.8967,2.7796,0.15,0.6667,0.3333,0.0,0.3333,0,0,0.7,10,7,0.5627,0.1,0.1,0.8,0.05,0.5,0.0,0.0,0.7,0.0,0.0,0.0,0.6365,0.0,inner_patrol,obstacle,0.8379,11.55465
1431,86.0,49.2993,1,6.0,1.0,38,18240,38,136.2857,1.5516,137.8374,0.5429,1.8421,0.1579,1,0,1,0.0263,0.0,0.0263,0,0.7895,0.2105,0.8421,30,32,38,0.3103,0.3103,2.4051,0.1579,0.3333,0.5,0.1667,0.6667,0,0,0.8889,9,8,0.5547,0.1,0.0789,0.6842,0.0526,0.2368,0.0,0.0,0.8889,0.0,0.0,0.0,1.0114,0.0,completed,,0.8377,9.921164
1432,25.214,12.2995,0,3.0,0.5,25,12000,70,150.0,1.466,151.466,1.0,1.4,0.12,0,0,0,0.0000,0.0,0.0000,0,0.76,0.24,0.8,19,20,25,0.4887,0.4887,2.2723,0.2,0.4,0.4,0.2,0.6,0,0,0.7778,9,7,0.5988,0.1,0.16,0.8,0.12,0.36,0.0,0.0,0.7778,0.0,0.0,0.0,1.0549,0.0,return_outer,obstacle,0.8374,8.440023
1433,86.0,50.959,1,6.0,1.0,36,17280,36,135.4286,0.752,136.1805,0.5143,1.9444,0.1667,0,0,0,0.0000,0.0,0.0000,0,0.8333,0.1667,0.8333,30,30,36,0.1504,0.1504,1.1656,0.1667,0.1667,0.5,0.3333,0.8333,0,0,1.0,7,7,0.5414,0.1,0.0833,0.8611,0.0278,0.1944,0.0,0.0,1.0,0.0,0.0,0.0,1.0114,0.0,completed,,0.8371,8.37864
1434,86.0,48.851,1,6.0,1.0,44,21120,44,138.8571,1.6731,140.5302,0.6286,1.5909,0.1364,1,0,1,0.0227,0.0,0.0227,0,0.7045,0.2955,0.8182,31,36,44,0.3346,0.3346,2.5933,0.1818,0.25,0.0,0.75,0.75,0,0,0.6471,17,11,0.5769,0.1,0.1818,0.8182,0.0682,0.3864,0.0,0.0,0.6471,0.0,0.0,0.0,0.5623,0.0,completed,,0.8369,10.879336
1435,20.0045,9.7583,0,2.0,0.3333,17,8160,70,150.0,0.0,150.0,1.0,1.3725,0.1176,0,0,0,0.0000,0.0,0.0000,0,0.8824,0.1176,0.8824,15,15,17,0.0,0.0,0.0,0.1176,0.0,0.0,1.0,1.0,0,0,0.6667,3,2,0.5281,0.1,0.0588,0.6471,0.0,0.1765,0.0,0.0,0.6667,0.0,0.0,0.0,-0.0,0.0,inner_patrol,obstacle,0.8366,11.334183
1436,-10.0,-4.9536,0,0.0,0.0,7,3360,70,150.0,0.0,150.0,1.0,0.0,0.0,1,0,1,0.1429,0.0,0.1429,0,1.0,0.0,1.0,7,7,7,0.0,0.0,0.0,0.0,0.0,0.0,0.0,0.0,0,0,0.5,2,1,0.5024,0.1,0.0,0.7143,0.0,0.2857,0.0,0.0,0.5,0.0,0.0,0.0,0.0,0.0,outer_patrol_a,road_edge,0.8363,11.34733
1437,86.0,45.3437,1,6.0,1.0,46,22080,46,139.7143,3.0292,142.7435,0.6571,1.5217,0.1304,1,0,1,0.0217,0.0,0.0217,0,0.7174,0.2826,0.8261,33,38,46,0.6058,0.6058,4.6953,0.1739,0.5,0.125,0.375,0.5,0,0,0.7333,15,11,0.5617,0.1,0.1522,0.8043,0.0217,0.3261,0.0,0.0,0.7333,0.0,0.0,0.0,0.9743,0.0,completed,,0.8361,11.343497
1438,86.0,48.4873,1,6.0,1.0,40,19200,40,137.1429,1.5987,138.7415,0.5714,1.75,0.15,1,0,1,0.0250,0.0,0.0250,0,0.75,0.25,0.85,30,34,40,0.3197,0.3197,2.4779,0.15,0.3333,0.5,0.1667,0.6667,0,0,0.9286,14,13,0.5653,0.1,0.125,0.825,0.05,0.35,0.0,0.0,0.9286,0.0,0.0,0.0,1.0114,0.0,completed,,0.8358,9.663758
1439,4.7979,2.3404,0,1.0,0.1667,14,6720,70,150.0,0.0,150.0,1.0,0.8333,0.0714,1,0,1,0.0714,0.0,0.0714,0,0.9286,0.0714,0.9286,13,13,14,0.0,0.0,0.0,0.0714,0.0,1.0,0.0,1.0,0,0,0.3333,3,1,0.537,0.1,0.0714,0.7143,0.0714,0.2143,0.0,0.0,0.3333,0.0,0.0,0.0,-0.0,0.0,enter_inner,obstacle,0.8355,9.610667
1440,86.0,46.7831,1,6.0,1.0,43,20640,43,138.4286,2.5621,140.9907,0.6143,1.6279,0.1395,1,0,1,0.0233,0.0,0.0233,0,0.7442,0.2558,0.8372,32,36,43,0.5124,0.5124,3.9712,0.1628,0.4286,0.2857,0.2857,0.5714,0,0,0.8571,14,12,0.5647,0.1,0.1395,0.8837,0.0698,0.3256,0.0,0.0,0.8571,0.0,0.0,0.0,1.079,0.0,completed,,0.8352,9.09351
1441,86.0,52.0818,1,6.0,1.0,37,17760,37,135.8571,0.0,135.8571,0.5286,1.8919,0.1622,1,0,1,0.0270,0.0,0.0270,0,0.8378,0.1622,0.8649,31,32,37,0.0,0.0,0.0,0.1351,0.0,0.4,0.6,1.0,0,0,0.7778,9,7,0.5452,0.1,0.027,0.7568,0.027,0.2432,0.0,0.0,0.7778,0.0,0.0,0.0,0.673,0.0,completed,,0.835,9.002506
1442,29.7813,14.5275,0,3.0,0.5,22,10560,70,150.0,0.0,150.0,1.0,1.5909,0.1364,0,0,0,0.0000,0.0,0.0000,0,0.8182,0.1818,0.8636,18,19,22,0.0,0.0,0.0,0.1364,0.0,0.6667,0.3333,1.0,0,0,0.8,5,4,0.5467,0.1,0.0909,0.8182,0.0,0.2273,0.0,0.0,0.8,0.0,0.0,0.0,0.6365,0.0,return_outer,obstacle,0.8347,8.775768
1443,86.0,50.5917,1,6.0,1.0,40,19200,40,137.1429,0.6046,137.7474,0.5714,1.75,0.15,1,0,1,0.0250,0.0,0.0250,0,0.8,0.2,0.85,32,34,40,0.1209,0.1209,0.9371,0.15,0.1667,0.1667,0.6667,0.8333,0,0,0.8182,11,9,0.5364,0.1,0.075,0.775,0.0,0.275,0.0,0.0,0.8182,0.0,0.0,0.0,0.8676,0.0,completed,,0.8344,8.492185
1444,11.2525,5.489,0,2.0,0.3333,19,9120,70,150.0,0.7086,150.7086,1.0,1.2281,0.1053,0,0,0,0.0000,0.0,0.0000,0,0.6842,0.3158,0.8421,13,16,19,0.3543,0.3543,1.0984,0.1579,0.3333,0.3333,0.3333,0.6667,0,0,0.5,4,2,0.5374,0.1,0.1053,0.8947,0.0526,0.2105,0.0,0.0,0.5,0.0,0.0,0.0,1.0986,0.0,inner_patrol,obstacle,0.8342,8.262757
1445,14.159,6.9068,0,2.0,0.3333,16,7680,70,150.0,0.0,150.0,1.0,1.4583,0.125,1,0,1,0.0625,0.0,0.0625,0,0.8125,0.1875,0.875,13,14,16,0.0,0.0,0.0,0.125,0.0,0.5,0.5,1.0,0,0,0.6667,3,2,0.5206,0.1,0.0625,0.75,0.0,0.1875,0.0,0.0,0.6667,0.0,0.0,0.0,0.6931,0.0,inner_patrol,obstacle,0.8339,8.147998
1446,86.0,51.3412,1,6.0,1.0,38,18240,38,136.2857,0.0,136.2857,0.5429,1.8421,0.1579,1,0,1,0.0263,0.0,0.0263,0,0.7632,0.2368,0.8684,29,33,38,0.0,0.0,0.0,0.1316,0.0,0.4,0.6,1.0,0,0,1.0,10,10,0.5532,0.1,0.0526,0.6316,0.0,0.2632,0.0,0.0,1.0,0.0,0.0,0.0,0.673,0.0,completed,,0.8336,9.377355
1447,-10.0,-9.9343,0,0.0,0.0,1,480,70,150.0,0.0,150.0,1.0,0.0,0.0,0,0,0,0.0000,0.0,0.0000,0,1.0,0.0,1.0,1,1,1,0.0,0.0,0.0,0.0,0.0,0.0,0.0,0.0,0,0,0.0,0,0,0.4399,0.1,0.0,1.0,0.0,0.0,0.0,0.0,0.0,0.0,0.0,0.0,0.0,0.0,outer_patrol_a,road_edge,0.8334,9.377355
1448,86.0,49.523,1,6.0,1.0,39,18720,39,136.7143,2.2772,138.9914,0.5571,1.7949,0.1538,1,0,1,0.0256,0.0,0.0256,0,0.7949,0.2051,0.8205,31,32,39,0.4554,0.4554,3.5296,0.1795,0.4286,0.1429,0.4286,0.5714,0,0,0.8,10,8,0.5604,0.1,0.1026,0.8462,0.0513,0.2564,0.0,0.0,0.8,0.0,0.0,0.0,1.0042,0.0,completed,,0.8331,9.870064
1449,-10.0,-9.934,0,0.0,0.0,1,480,70,150.0,0.0,150.0,1.0,0.0,0.0,0,0,0,0.0000,0.0,0.0000,0,1.0,0.0,1.0,1,1,1,0.0,0.0,0.0,0.0,0.0,0.0,0.0,0.0,0,0,0.0,1,0,0.5574,0.1,0.0,1.0,0.0,1.0,0.0,0.0,0.0,0.0,0.0,0.0,0.0,0.0,outer_patrol_a,road_edge,0.8328,9.870064
1450,86.0,49.2633,1,6.0,1.0,43,20640,43,138.4286,0.7244,139.1529,0.6143,1.6279,0.1395,1,0,1,0.0233,0.0,0.0233,0,0.7674,0.2326,0.8605,33,37,43,0.1449,0.1449,1.1228,0.1395,0.1667,0.3333,0.5,0.8333,0,0,0.6,15,9,0.5565,0.1,0.093,0.8605,0.0465,0.3488,0.0,0.0,0.6,0.0,0.0,0.0,1.0114,0.0,completed,,0.8325,9.24432
1451,86.0,47.3488,1,6.0,1.0,44,21120,44,138.8571,1.4981,140.3553,0.6286,1.5909,0.1364,1,0,1,0.0227,0.0,0.0227,0,0.7045,0.2955,0.8636,31,38,44,0.2996,0.2996,2.3221,0.1364,0.3333,0.1667,0.5,0.6667,0,0,1.0,11,11,0.5553,0.1,0.0909,0.75,0.0227,0.25,0.0,0.0,1.0,0.0,0.0,0.0,1.0114,0.0,completed,,0.8323,8.603124
1452,57.77,28.1805,0,5.0,0.8333,41,19680,70,150.0,1.6555,151.6555,1.0,1.4228,0.122,1,0,1,0.0244,0.0,0.0244,0,0.8049,0.1951,0.8537,33,35,41,0.3311,0.3311,2.5661,0.1463,0.3333,0.3333,0.3333,0.6667,0,0,0.4444,9,4,0.549,0.1,0.122,0.8049,0.0244,0.2195,0.0,0.0,0.4444,0.0,0.0,0.0,1.0986,0.0,final_park,wall,0.832,7.304595
1453,14.036,6.8468,0,2.0,0.3333,16,7680,70,150.0,0.0,150.0,1.0,1.4583,0.125,1,0,1,0.0625,0.0,0.0625,0,0.75,0.25,0.875,12,14,16,0.0,0.0,0.0,0.125,0.0,0.5,0.5,1.0,0,0,1.0,1,1,0.5157,0.1,0.0,0.625,0.0,0.0625,0.0,0.0,1.0,0.0,0.0,0.0,0.6931,0.0,inner_patrol,obstacle,0.8317,7.702786
1454,40.539,19.7751,0,4.0,0.6667,23,11040,70,150.0,0.0,150.0,1.0,2.029,0.1739,1,0,1,0.0435,0.0,0.0435,0,0.7391,0.2609,0.8261,17,19,23,0.0,0.0,0.0,0.1739,0.0,0.5,0.5,1.0,0,0,0.8889,9,8,0.5549,0.1,0.0435,0.8696,0.0,0.3913,0.0,0.0,0.8889,0.0,0.0,0.0,0.6931,0.0,outer_patrol_b,road_edge,0.8315,8.090819
1455,80.4384,39.2382,1,6.0,1.0,61,29280,61,146.1429,2.7184,148.8612,0.8714,1.1475,0.0984,1,0,1,0.0164,0.0,0.0164,0,0.6393,0.3607,0.8852,39,54,61,0.5437,0.5437,4.2135,0.1311,0.5,0.25,0.25,0.5,0,0,0.6667,18,12,0.5562,0.1,0.082,0.6885,0.0328,0.2951,0.0,0.0,0.6667,0.0,0.0,0.0,1.0397,0.0,completed,,0.8312,10.950298
1456,29.4995,14.39,0,3.0,0.5,24,11520,70,150.0,0.0,150.0,1.0,1.4583,0.125,1,0,1,0.0417,0.0,0.0417,0,0.7917,0.2083,0.8333,19,20,24,0.0,0.0,0.0,0.1667,0.0,0.25,0.75,1.0,0,0,0.5,6,3,0.5786,0.1,0.1667,0.75,0.125,0.25,0.0,0.0,0.5,0.0,0.0,0.0,0.5623,0.0,return_outer,obstacle,0.8309,12.395251
1457,86.0,50.704,1,6.0,1.0,40,19200,40,137.1429,0.0,137.1429,0.5714,1.75,0.15,0,0,0,0.0000,0.0,0.0000,0,0.75,0.25,0.875,30,35,40,0.0,0.0,0.0,0.125,0.0,0.4,0.6,1.0,0,0,0.8462,13,11,0.5453,0.1,0.05,0.8,0.0,0.325,0.0,0.0,0.8462,0.0,0.0,0.0,0.673,0.0,completed,,0.8307,11.888577
1458,13.3085,6.4919,0,2.0,0.3333,18,8640,70,150.0,0.0,150.0,1.0,1.2963,0.1111,1,0,1,0.0556,0.0,0.0556,0,0.7222,0.2778,0.8889,13,16,18,0.0,0.0,0.0,0.1111,0.0,0.0,1.0,1.0,0,0,0.6667,3,2,0.5071,0.1,0.0556,0.7222,0.0,0.1667,0.0,0.0,0.6667,0.0,0.0,0.0,-0.0,0.0,inner_patrol,obstacle,0.8304,11.700881
1459,26.3505,12.8539,0,3.0,0.5,26,12480,70,150.0,0.0,150.0,1.0,1.3462,0.1154,0,0,0,0.0000,0.0,0.0000,0,0.7308,0.2692,0.8846,19,23,26,0.0,0.0,0.0,0.1154,0.0,0.6667,0.3333,1.0,0,0,0.5,6,3,0.5471,0.1,0.0385,0.8077,0.0,0.2308,0.0,0.0,0.5,0.0,0.0,0.0,0.6365,0.0,return_outer,obstacle,0.8301,10.11758
1460,-10.0,-9.2773,0,0.0,0.0,3,1440,70,150.0,0.0,150.0,1.0,0.0,0.0,1,0,1,0.3333,0.0,0.3333,0,0.6667,0.3333,1.0,2,3,3,0.0,0.0,0.0,0.0,0.0,0.0,0.0,0.0,0,0,0.0,0,0,0.5027,0.1,0.0,1.0,0.0,0.0,0.0,0.0,0.0,0.0,0.0,0.0,0.0,0.0,outer_patrol_a,road_edge,0.8299,10.097261
1461,3.5316,1.7227,0,1.0,0.1667,16,7680,70,150.0,0.0,150.0,1.0,0.7292,0.0625,1,0,1,0.0625,0.0,0.0625,0,0.9375,0.0625,0.9375,15,15,16,0.0,0.0,0.0,0.0625,0.0,1.0,0.0,1.0,0,0,0.6,5,3,0.5151,0.1,0.0,0.625,0.0,0.3125,0.0,0.0,0.6,0.0,0.0,0.0,-0.0,0.0,enter_inner,obstacle,0.8296,8.329798
1462,86.0,51.5336,1,6.0,1.0,38,18240,38,136.2857,0.7921,137.0778,0.5429,1.8421,0.1579,0,0,0,0.0000,0.0,0.0000,0,0.8684,0.1316,0.8684,33,33,38,0.1584,0.1584,1.2277,0.1316,0.2,0.2,0.6,0.8,0,0,0.8571,14,12,0.5427,0.1,0.0526,0.7368,0.0,0.3684,0.0,0.0,0.8571,0.0,0.0,0.0,0.9503,0.0,completed,,0.8293,8.18223
1463,86.0,47.9882,1,6.0,1.0,43,20640,43,138.4286,1.4031,139.8316,0.6143,1.6279,0.1395,0,0,0,0.0000,0.0,0.0000,0,0.7442,0.2558,0.8605,32,37,43,0.2806,0.2806,2.1747,0.1395,0.3333,0.1667,0.5,0.6667,0,0,0.6667,15,10,0.5597,0.1,0.0465,0.814,0.0233,0.3488,0.0,0.0,0.6667,0.0,0.0,0.0,1.0114,0.0,completed,,0.829,8.292532
1464,7.1993,3.5118,0,2.0,0.3333,22,10560,70,150.0,1.4931,151.4931,1.0,1.0606,0.0909,0,0,0,0.0000,0.0,0.0000,0,0.6818,0.3182,0.8182,15,18,22,0.7466,0.7466,2.3143,0.1818,0.5,0.0,0.5,0.5,0,0,0.375,8,3,0.5772,0.1,0.2273,0.7727,0.0455,0.3636,0.0,0.0,0.375,0.0,0.0,0.0,0.6931,0.0,inner_patrol,obstacle,0.8288,9.302847
1465,36.6061,17.8567,0,4.0,0.6667,26,12480,70,150.0,1.4411,151.4411,1.0,1.7949,0.1538,0,0,0,0.0000,0.0,0.0000,0,0.7692,0.2308,0.8077,20,21,26,0.3603,0.3603,2.2337,0.1923,0.4,0.0,0.6,0.6,0,0,0.9,10,9,0.5717,0.1,0.1154,0.8077,0.0385,0.3846,0.0,0.0,0.9,0.0,0.0,0.0,0.673,0.0,outer_patrol_b,road_edge,0.8285,11.166654
1466,1.4963,0.7299,0,1.0,0.1667,18,8640,70,150.0,0.0,150.0,1.0,0.6481,0.0556,0,0,0,0.0000,0.0,0.0000,0,0.6667,0.3333,0.9444,12,17,18,0.0,0.0,0.0,0.0556,0.0,0.0,1.0,1.0,0,0,0.5,4,2,0.517,0.1,0.0556,0.6667,0.0,0.2222,0.0,0.0,0.5,0.0,0.0,0.0,-0.0,0.0,enter_inner,obstacle,0.8282,10.393592
1467,86.0,42.5507,1,6.0,1.0,54,25920,54,143.1429,3.8845,147.0273,0.7714,1.2963,0.1111,1,0,1,0.0185,0.0,0.0185,0,0.7222,0.2778,0.8333,39,45,54,0.7769,0.7769,6.0209,0.1667,0.5556,0.0,0.4444,0.4444,0,0,0.5294,17,9,0.5888,0.1,0.1852,0.8148,0.0926,0.3148,0.0,0.0,0.5294,0.0,0.0,0.0,0.687,0.0,completed,,0.828,8.210722
1468,-1.3386,-0.653,0,0.0,0.0,15,7200,70,150.0,0.0,150.0,1.0,0.0,0.0,1,0,1,0.0667,0.0,0.0667,0,0.9333,0.0667,1.0,14,15,15,0.0,0.0,0.0,0.0,0.0,0.0,0.0,0.0,0,0,0.6,5,3,0.5112,0.1,0.0,0.7333,0.0,0.3333,0.0,0.0,0.6,0.0,0.0,0.0,0.0,0.0,outer_patrol_a,road_edge,0.8277,9.097492
1469,20.2518,9.8789,0,3.0,0.5,29,13920,70,150.0,1.9344,151.9344,1.0,1.2069,0.1034,1,0,1,0.0345,0.0,0.0345,0,0.6552,0.3448,0.8276,19,24,29,0.6448,0.6448,2.9983,0.1724,0.6,0.2,0.2,0.4,0,0,0.7273,11,8,0.5759,0.1,0.1379,0.7586,0.0345,0.3793,0.0,0.0,0.7273,0.0,0.0,0.0,0.9503,0.0,return_outer,obstacle,0.8274,9.222514
1470,61.6931,30.0942,0,5.0,0.8333,41,19680,70,150.0,0.8757,150.8757,1.0,1.4228,0.122,1,0,1,0.0244,0.0,0.0244,0,0.7561,0.2439,0.8049,31,33,41,0.1751,0.1751,1.3574,0.1951,0.125,0.5,0.375,0.875,0,0,0.5,8,4,0.5694,0.1,0.0976,0.8049,0.0732,0.1951,0.0,0.0,0.5,0.0,0.0,0.0,0.9743,0.0,final_park,wall,0.8272,11.210544
1471,86.0,48.3114,1,6.0,1.0,43,20640,43,138.4286,1.2571,139.6856,0.6143,1.6279,0.1395,1,0,1,0.0233,0.0,0.0233,0,0.7442,0.2558,0.8605,32,37,43,0.2514,0.2514,1.9484,0.1395,0.3333,0.0,0.6667,0.6667,0,0,0.7692,13,10,0.5497,0.1,0.1163,0.7209,0.0,0.3023,0.0,0.0,0.7692,0.0,0.0,0.0,0.6365,0.0,completed,,0.8269,7.828089
1472,-10.0,-7.7935,0,0.0,0.0,3,1440,70,150.0,0.0,150.0,1.0,0.0,0.0,0,0,0,0.0000,0.0,0.0000,0,1.0,0.0,1.0,3,3,3,0.0,0.0,0.0,0.0,0.0,0.0,0.0,0.0,0,0,0.0,0,0,0.5142,0.1,0.0,0.3333,0.0,0.0,0.0,0.0,0.0,0.0,0.0,0.0,0.0,0.0,outer_patrol_a,road_edge,0.8266,7.804754
1473,86.0,48.6162,1,6.0,1.0,43,20640,43,138.4286,0.6671,139.0957,0.6143,1.6279,0.1395,0,0,0,0.0000,0.0,0.0000,0,0.7442,0.2558,0.8837,32,38,43,0.1334,0.1334,1.034,0.1163,0.2,0.4,0.4,0.8,0,0,0.875,16,14,0.544,0.1,0.0465,0.7442,0.0,0.3721,0.0,0.0,0.875,0.0,0.0,0.0,1.0549,0.0,completed,,0.8263,8.336059
1474,42.8116,20.8837,0,4.0,0.6667,34,16320,70,150.0,1.6656,151.6656,1.0,1.3725,0.1176,1,0,1,0.0294,0.0,0.0294,0,0.7941,0.2059,0.8824,27,30,34,0.4164,0.4164,2.5817,0.1176,0.5,0.25,0.25,0.5,0,0,0.7778,9,7,0.5458,0.1,0.0588,0.7059,0.0294,0.2647,0.0,0.0,0.7778,0.0,0.0,0.0,1.0397,0.0,outer_patrol_b,road_edge,0.8261,8.727065
1475,61.0199,29.7658,0,5.0,0.8333,40,19200,70,150.0,0.7135,150.7135,1.0,1.4583,0.125,0,0,0,0.0000,0.0,0.0000,0,0.75,0.25,0.875,30,35,40,0.1427,0.1427,1.1059,0.125,0.2,0.2,0.6,0.8,0,0,0.9091,11,10,0.5546,0.1,0.05,0.75,0.025,0.275,0.0,0.0,0.9091,0.0,0.0,0.0,0.9503,0.0,final_park,wall,0.8258,8.740506
1476,2.5357,1.2369,0,1.0,0.1667,17,8160,70,150.0,0.0,150.0,1.0,0.6863,0.0588,1,0,1,0.0588,0.0,0.0588,0,0.7647,0.2353,0.9412,13,16,17,0.0,0.0,0.0,0.0588,0.0,0.0,1.0,1.0,0,0,0.6667,6,4,0.5111,0.1,0.0,0.8235,0.0,0.3529,0.0,0.0,0.6667,0.0,0.0,0.0,-0.0,0.0,enter_inner,obstacle,0.8255,10.134752
1477,61.7739,30.1336,0,5.0,0.8333,40,19200,70,150.0,0.7635,150.7635,1.0,1.4583,0.125,1,0,1,0.0250,0.0,0.0250,0,0.775,0.225,0.85,31,34,40,0.1527,0.1527,1.1834,0.15,0.1667,0.3333,0.5,0.8333,0,0,0.75,8,6,0.5539,0.1,0.05,0.775,0.025,0.2,0.0,0.0,0.75,0.0,0.0,0.0,1.0114,0.0,final_park,wall,0.8253,9.732638
1478,86.0,48.339,1,6.0,1.0,42,20160,42,138.0,1.5016,139.5016,0.6,1.6667,0.1429,0,0,0,0.0000,0.0,0.0000,0,0.7619,0.2381,0.8571,32,36,42,0.3003,0.3003,2.3275,0.1429,0.3333,0.5,0.1667,0.6667,0,0,0.8889,9,8,0.5515,0.1,0.0952,0.6905,0.0238,0.2143,0.0,0.0,0.8889,0.0,0.0,0.0,1.0114,0.0,completed,,0.825,12.508733
1479,4.2266,2.0618,0,1.0,0.1667,15,7200,70,150.0,0.0,150.0,1.0,0.7778,0.0667,1,0,1,0.0667,0.0,0.0667,0,0.8667,0.1333,0.9333,13,14,15,0.0,0.0,0.0,0.0667,0.0,0.0,1.0,1.0,0,0,0.0,2,0,0.5268,0.1,0.0667,0.5333,0.0667,0.1333,0.0,0.0,0.0,0.0,0.0,0.0,-0.0,0.0,enter_inner,obstacle,0.8247,10.834639
1480,86.0,48.8408,1,6.0,1.0,44,21120,44,138.8571,0.809,139.6661,0.6286,1.5909,0.1364,1,0,1,0.0227,0.0,0.0227,0,0.7955,0.2045,0.8636,35,38,44,0.1618,0.1618,1.2539,0.1364,0.1667,0.1667,0.6667,0.8333,0,0,0.6429,14,9,0.5532,0.1,0.0682,0.7045,0.0227,0.3182,0.0,0.0,0.6429,0.0,0.0,0.0,0.8676,0.0,completed,,0.8245,10.597549
1481,-10.0,-7.7915,0,0.0,0.0,3,1440,70,150.0,0.0,150.0,1.0,0.0,0.0,1,0,1,0.3333,0.0,0.3333,0,1.0,0.0,1.0,3,3,3,0.0,0.0,0.0,0.0,0.0,0.0,0.0,0.0,0,0,0.0,0,0,0.4516,0.1,0.0,0.0,0.0,0.0,0.0,0.0,0.0,0.0,0.0,0.0,0.0,0.0,outer_patrol_a,road_edge,0.8242,9.983291
1482,6.3178,3.0818,0,1.0,0.1667,15,7200,70,150.0,0.0,150.0,1.0,0.7778,0.0667,1,0,1,0.0667,0.0,0.0667,0,0.8667,0.1333,0.8667,13,13,15,0.0,0.0,0.0,0.1333,0.0,0.0,1.0,1.0,0,0,0.5714,7,4,0.5758,0.1,0.2,0.8667,0.1333,0.4667,0.0,0.0,0.5714,0.0,0.0,0.0,-0.0,0.0,enter_inner,obstacle,0.8239,10.424187
1483,86.0,46.8659,1,6.0,1.0,44,21120,44,138.8571,2.0672,140.9243,0.6286,1.5909,0.1364,1,0,1,0.0227,0.0,0.0227,0,0.75,0.25,0.8636,33,38,44,0.4134,0.4134,3.2042,0.1364,0.5,0.3333,0.1667,0.5,0,0,0.7778,9,7,0.5536,0.1,0.0682,0.7727,0.0455,0.2045,0.0,0.0,0.7778,0.0,0.0,0.0,1.0114,0.0,completed,,0.8237,10.801293
1484,36.6358,17.8711,0,4.0,0.6667,28,13440,70,150.0,0.694,150.694,1.0,1.6667,0.1429,0,0,0,0.0000,0.0,0.0000,0,0.7143,0.2857,0.8214,20,23,28,0.1735,0.1735,1.0757,0.1786,0.2,0.2,0.6,0.8,0,0,0.7143,7,5,0.5778,0.1,0.1786,0.6786,0.1071,0.25,0.0,0.0,0.7143,0.0,0.0,0.0,0.9503,0.0,outer_patrol_b,road_edge,0.8234,12.254486
1485,86.0,49.8864,1,6.0,1.0,38,18240,38,136.2857,1.4449,137.7307,0.5429,1.8421,0.1579,1,0,1,0.0263,0.0,0.0263,0,0.8421,0.1579,0.8421,32,32,38,0.289,0.289,2.2397,0.1579,0.3333,0.5,0.1667,0.6667,0,0,0.8667,15,13,0.56,0.1,0.1053,0.7632,0.0263,0.3947,0.0,0.0,0.8667,0.0,0.0,0.0,1.0114,0.0,completed,,0.8231,10.336609
1486,12.8859,6.2858,0,2.0,0.3333,19,9120,70,150.0,0.0,150.0,1.0,1.2281,0.1053,0,0,0,0.0000,0.0,0.0000,0,0.7895,0.2105,0.8947,15,17,19,0.0,0.0,0.0,0.1053,0.0,0.0,1.0,1.0,0,0,0.5,4,2,0.513,0.1,0.0526,0.8947,0.0,0.2105,0.0,0.0,0.5,0.0,0.0,0.0,-0.0,0.0,inner_patrol,obstacle,0.8228,10.752039
1487,4.0755,1.988,0,1.0,0.1667,15,7200,70,150.0,0.0,150.0,1.0,0.7778,0.0667,0,0,0,0.0000,0.0,0.0000,0,0.8,0.2,0.9333,12,14,15,0.0,0.0,0.0,0.0667,0.0,0.0,1.0,1.0,0,0,0.0,1,0,0.4928,0.1,0.0667,0.6667,0.0,0.0667,0.0,0.0,0.0,0.0,0.0,0.0,-0.0,0.0,enter_inner,obstacle,0.8226,10.737639
1488,-10.0,-9.9302,0,0.0,0.0,1,480,70,150.0,0.0,150.0,1.0,0.0,0.0,1,0,1,1.0000,0.0,1.0000,0,1.0,0.0,1.0,1,1,1,0.0,0.0,0.0,0.0,0.0,0.0,0.0,0.0,0,0,0.0,0,0,0.5192,0.1,0.0,1.0,0.0,0.0,0.0,0.0,0.0,0.0,0.0,0.0,0.0,0.0,outer_patrol_a,road_edge,0.8223,10.525287
1489,3.1093,1.5168,0,1.0,0.1667,16,7680,70,150.0,0.0,150.0,1.0,0.7292,0.0625,1,0,1,0.0625,0.0,0.0625,0,0.75,0.25,0.9375,12,15,16,0.0,0.0,0.0,0.0625,0.0,1.0,0.0,1.0,0,0,0.6667,3,2,0.514,0.1,0.0625,0.625,0.0625,0.1875,0.0,0.0,0.6667,0.0,0.0,0.0,-0.0,0.0,enter_inner,obstacle,0.822,9.79322
1490,86.0,51.8641,1,6.0,1.0,37,17760,37,135.8571,0.0,135.8571,0.5286,1.8919,0.1622,1,0,1,0.0270,0.0,0.0270,0,0.8108,0.1892,0.8649,30,32,37,0.0,0.0,0.0,0.1351,0.0,0.6,0.4,1.0,0,0,0.8889,9,8,0.543,0.1,0.0811,0.8108,0.0,0.2432,0.0,0.0,0.8889,0.0,0.0,0.0,0.673,0.0,completed,,0.8218,9.30636
1491,-10.0,-6.7204,0,0.0,0.0,4,1920,70,150.0,0.0,150.0,1.0,0.0,0.0,0,0,0,0.0000,0.0,0.0000,0,1.0,0.0,1.0,4,4,4,0.0,0.0,0.0,0.0,0.0,0.0,0.0,0.0,0,0,0.0,0,0,0.5112,0.1,0.0,0.5,0.0,0.0,0.0,0.0,0.0,0.0,0.0,0.0,0.0,0.0,outer_patrol_a,road_edge,0.8215,9.626949
1492,59.084,28.8215,0,5.0,0.8333,42,20160,70,150.0,0.863,150.863,1.0,1.3889,0.119,1,0,1,0.0238,0.0,0.0238,0,0.7143,0.2857,0.8571,30,36,42,0.1726,0.1726,1.3377,0.1429,0.1667,0.3333,0.5,0.8333,0,0,0.8125,16,13,0.5607,0.1,0.0952,0.7381,0.0476,0.381,0.0,0.0,0.8125,0.0,0.0,0.0,1.0114,0.0,final_park,wall,0.8212,10.248928
1493,11.8766,5.7935,0,2.0,0.3333,17,8160,70,150.0,0.7763,150.7763,1.0,1.3725,0.1176,0,0,0,0.0000,0.0,0.0000,0,0.8235,0.1765,0.8235,14,14,17,0.3882,0.3882,1.2033,0.1765,0.3333,0.6667,0.0,0.6667,0,0,0.5,4,2,0.5282,0.1,0.1176,0.7059,0.0,0.2353,0.0,0.0,0.5,0.0,0.0,0.0,0.6365,0.0,inner_patrol,obstacle,0.821,9.886769
1494,21.4802,10.4781,0,3.0,0.5,31,14880,70,150.0,0.7344,150.7344,1.0,1.129,0.0968,1,0,1,0.0323,0.0,0.0323,0,0.7742,0.2258,0.9032,24,28,31,0.2448,0.2448,1.1383,0.0968,0.3333,0.6667,0.0,0.6667,0,0,0.0,5,0,0.5536,0.1,0.129,0.7419,0.0323,0.1613,0.0,0.0,0.0,0.0,0.0,0.0,0.6365,0.0,return_outer,obstacle,0.8207,11.800395
1495,57.483,28.0405,0,5.0,0.8333,39,18720,70,150.0,2.8941,152.8941,1.0,1.4957,0.1282,1,0,1,0.0256,0.0,0.0256,0,0.7436,0.2564,0.8462,29,33,39,0.5788,0.5788,4.4858,0.1795,0.5714,0.1429,0.2857,0.4286,0,0,0.875,16,14,0.5626,0.1,0.1538,0.7436,0.0256,0.4103,0.0,0.0,0.875,0.0,0.0,0.0,0.9557,0.0,final_park,wall,0.8204,12.770607
1496,4.0824,1.9914,0,1.0,0.1667,15,7200,70,150.0,0.0,150.0,1.0,0.7778,0.0667,0,0,0,0.0000,0.0,0.0000,0,0.8,0.2,0.9333,12,14,15,0.0,0.0,0.0,0.0667,0.0,0.0,1.0,1.0,0,0,0.5,2,1,0.509,0.1,0.0667,0.8,0.0667,0.1333,0.0,0.0,0.5,0.0,0.0,0.0,-0.0,0.0,enter_inner,obstacle,0.8201,10.843054
1497,35.9996,17.5608,0,4.0,0.6667,26,12480,70,150.0,0.8053,150.8053,1.0,1.7949,0.1538,0,0,0,0.0000,0.0,0.0000,0,0.7692,0.2308,0.8462,20,22,26,0.2013,0.2013,1.2483,0.1538,0.25,0.5,0.25,0.75,0,0,0.875,8,7,0.5457,0.1,0.0385,0.8462,0.0,0.3077,0.0,0.0,0.875,0.0,0.0,0.0,1.0397,0.0,outer_patrol_b,road_edge,0.8199,11.779388
1498,11.8251,5.7683,0,2.0,0.3333,19,9120,70,150.0,0.0,150.0,1.0,1.2281,0.1053,0,0,0,0.0000,0.0,0.0000,0,0.7368,0.2632,0.8947,14,17,19,0.0,0.0,0.0,0.1053,0.0,1.0,0.0,1.0,0,0,0.6,5,3,0.5138,0.1,0.0526,0.8421,0.0,0.2632,0.0,0.0,0.6,0.0,0.0,0.0,-0.0,0.0,inner_patrol,obstacle,0.8196,10.614226
1499,86.0,45.6874,1,6.0,1.0,49,23520,49,141.0,1.6773,142.6773,0.7,1.4286,0.1224,0,0,0,0.0000,0.0,0.0000,0,0.6531,0.3469,0.8571,32,42,49,0.3355,0.3355,2.5998,0.1429,0.2857,0.4286,0.2857,0.7143,0,0,0.75,12,9,0.5647,0.1,0.1224,0.7347,0.0612,0.2449,0.0,0.0,0.75,0.0,0.0,0.0,1.079,0.0,completed,,0.8193,11.11798
1500,86.0,46.3532,1,6.0,1.0,48,23040,48,140.5714,1.6412,142.2126,0.6857,1.4583,0.125,0,0,0,0.0000,0.0,0.0000,0,0.7083,0.2917,0.875,34,42,48,0.3282,0.3282,2.5438,0.125,0.3333,0.0,0.6667,0.6667,0,0,0.7273,11,8,0.5314,0.1,0.0208,0.7708,0.0,0.2292,0.0,0.0,0.7273,0.0,0.0,0.0,0.6365,0.0,completed,,0.8191,10.984932
1501,3.9548,1.9292,0,1.0,0.1667,15,7200,70,150.0,0.0,150.0,1.0,0.7778,0.0667,0,0,0,0.0000,0.0,0.0000,0,0.8,0.2,0.9333,12,14,15,0.0,0.0,0.0,0.0667,0.0,1.0,0.0,1.0,0,0,0.6667,3,2,0.5211,0.1,0.0667,0.5333,0.0,0.2,0.0,0.0,0.6667,0.0,0.0,0.0,-0.0,0.0,enter_inner,obstacle,0.8188,10.564893
1502,39.2127,19.1282,0,4.0,0.6667,29,13920,70,150.0,1.5475,151.5475,1.0,1.6092,0.1379,1,0,1,0.0345,0.0,0.0345,0,0.7931,0.2069,0.8276,23,24,29,0.3869,0.3869,2.3987,0.1724,0.4,0.2,0.4,0.6,0,0,1.0,7,7,0.5511,0.1,0.069,0.7241,0.0345,0.2414,0.0,0.0,1.0,0.0,0.0,0.0,1.0549,0.0,outer_patrol_b,road_edge,0.8185,10.503214
1503,86.0,47.5646,1,6.0,1.0,48,23040,48,140.5714,1.4542,142.0256,0.6857,1.4583,0.125,1,0,1,0.0208,0.0,0.0208,0,0.7083,0.2917,0.8125,34,39,48,0.2908,0.2908,2.254,0.1875,0.2222,0.3333,0.4444,0.7778,0,0,0.6,20,12,0.5989,0.1,0.2083,0.8542,0.125,0.4167,0.0,0.0,0.6,0.0,0.0,0.0,1.0609,0.0,completed,,0.8183,11.757717
1504,45.7351,22.3098,0,4.0,0.6667,26,12480,70,150.0,0.8628,150.8628,1.0,1.7949,0.1538,1,0,1,0.0385,0.0,0.0385,0,0.8462,0.1538,0.8462,22,22,26,0.2157,0.2157,1.3373,0.1538,0.25,0.5,0.25,0.75,0,0,1.0,7,7,0.5484,0.1,0.0385,0.7692,0.0,0.2692,0.0,0.0,1.0,0.0,0.0,0.0,1.0397,0.0,outer_patrol_b,road_edge,0.818,11.88992
1505,86.0,50.4956,1,6.0,1.0,36,17280,36,135.4286,1.6385,137.0671,0.5143,1.9444,0.1667,1,0,1,0.0278,0.0,0.0278,0,0.8056,0.1944,0.8333,29,30,36,0.3277,0.3277,2.5397,0.1667,0.3333,0.5,0.1667,0.6667,0,0,1.0,7,7,0.5404,0.1,0.0556,0.8333,0.0,0.1944,0.0,0.0,1.0,0.0,0.0,0.0,1.0114,0.0,completed,,0.8177,11.464124
1506,12.9578,6.3209,0,2.0,0.3333,18,8640,70,150.0,0.0,150.0,1.0,1.2963,0.1111,0,0,0,0.0000,0.0,0.0000,0,0.8333,0.1667,0.8889,15,16,18,0.0,0.0,0.0,0.1111,0.0,0.5,0.5,1.0,0,0,0.6,5,3,0.5403,0.1,0.0556,0.8333,0.0556,0.2778,0.0,0.0,0.6,0.0,0.0,0.0,0.6931,0.0,inner_patrol,obstacle,0.8175,10.920324
1507,52.3716,25.5471,0,4.0,0.6667,31,14880,70,150.0,0.0,150.0,1.0,1.5054,0.129,0,0,0,0.0000,0.0,0.0000,0,0.8065,0.1935,0.871,25,27,31,0.0,0.0,0.0,0.129,0.0,0.75,0.25,1.0,0,0,0.875,8,7,0.5459,0.1,0.0968,0.7742,0.0,0.2581,0.0,0.0,0.875,0.0,0.0,0.0,0.5623,0.0,outer_patrol_b,road_edge,0.8172,9.82935
1508,-10.0,-8.86,0,0.0,0.0,2,960,70,150.0,0.0,150.0,1.0,0.0,0.0,1,0,1,0.5000,0.0,0.5000,0,1.0,0.0,1.0,2,2,2,0.0,0.0,0.0,0.0,0.0,0.0,0.0,0.0,0,0,0.0,1,0,0.5012,0.1,0.0,0.5,0.0,0.5,0.0,0.0,0.0,0.0,0.0,0.0,0.0,0.0,outer_patrol_a,road_edge,0.8169,9.84452
1509,2.7303,1.3318,0,1.0,0.1667,17,8160,70,150.0,0.0,150.0,1.0,0.6863,0.0588,0,0,0,0.0000,0.0,0.0000,0,0.8235,0.1765,0.9412,14,16,17,0.0,0.0,0.0,0.0588,0.0,0.0,1.0,1.0,0,0,0.6,5,3,0.532,0.1,0.0588,0.7059,0.0588,0.2941,0.0,0.0,0.6,0.0,0.0,0.0,-0.0,0.0,enter_inner,obstacle,0.8166,10.047653
1510,86.0,49.9926,1,6.0,1.0,39,18720,39,136.7143,0.8961,137.6104,0.5571,1.7949,0.1538,1,0,1,0.0256,0.0,0.0256,0,0.7692,0.2308,0.8462,30,33,39,0.1792,0.1792,1.3889,0.1538,0.1667,0.1667,0.6667,0.8333,0,0,0.8667,15,13,0.547,0.1,0.0769,0.8718,0.0256,0.3846,0.0,0.0,0.8667,0.0,0.0,0.0,0.8676,0.0,completed,,0.8164,8.799021
1511,1.6438,0.8019,0,1.0,0.1667,16,7680,70,150.0,0.7782,150.7782,1.0,0.7292,0.0625,1,0,1,0.0625,0.0,0.0625,0,0.8125,0.1875,0.875,13,14,16,0.7782,0.7782,1.2063,0.125,0.5,0.5,0.0,0.5,0,0,0.5,4,2,0.5247,0.1,0.125,0.8125,0.0,0.25,0.0,0.0,0.5,0.0,0.0,0.0,0.6931,0.0,enter_inner,obstacle,0.8161,9.096782
1512,15.3357,7.4808,0,2.0,0.3333,16,7680,70,150.0,0.0,150.0,1.0,1.4583,0.125,1,0,1,0.0625,0.0,0.0625,0,0.8125,0.1875,0.8125,13,13,16,0.0,0.0,0.0,0.1875,0.0,0.3333,0.6667,1.0,0,0,0.6,5,3,0.576,0.1,0.125,0.625,0.125,0.3125,0.0,0.0,0.6,0.0,0.0,0.0,0.6365,0.0,inner_patrol,obstacle,0.8158,8.740581
1513,23.0122,11.2255,0,2.0,0.3333,27,12960,70,150.0,0.6158,150.6158,1.0,0.8642,0.0741,0,0,0,0.0000,0.0,0.0000,0,0.7037,0.2963,0.8519,19,23,27,0.3079,0.3079,0.9545,0.1481,0.25,0.25,0.5,0.75,0,0,0.5,6,3,0.5473,0.1,0.1111,0.8519,0.037,0.2222,0.0,0.0,0.5,0.0,0.0,0.0,1.0397,0.0,inner_patrol,obstacle,0.8156,9.74763
1514,60.6346,29.5778,0,5.0,0.8333,40,19200,70,150.0,1.5684,151.5684,1.0,1.4583,0.125,1,0,1,0.0250,0.0,0.0250,0,0.725,0.275,0.825,29,33,40,0.3137,0.3137,2.431,0.175,0.2857,0.1429,0.5714,0.7143,0,0,0.8889,9,8,0.549,0.1,0.1,0.75,0.025,0.225,0.0,0.0,0.8889,0.0,0.0,0.0,0.9557,0.0,final_park,wall,0.8153,9.808993
1515,11.5548,5.6365,0,2.0,0.3333,17,8160,70,150.0,1.4126,151.4126,1.0,1.3725,0.1176,0,0,0,0.0000,0.0,0.0000,0,0.8235,0.1765,0.8235,14,14,17,0.7063,0.7063,2.1895,0.1765,0.6667,0.0,0.3333,0.3333,0,0,0.6667,3,2,0.5287,0.1,0.0588,0.8235,0.0,0.1765,0.0,0.0,0.6667,0.0,0.0,0.0,0.6365,0.0,inner_patrol,obstacle,0.815,9.269726
1516,86.0,49.5211,1,6.0,1.0,40,19200,40,137.1429,0.8657,138.0086,0.5714,1.75,0.15,0,0,0,0.0000,0.0,0.0000,0,0.775,0.225,0.85,31,34,40,0.1731,0.1731,1.3419,0.15,0.1667,0.6667,0.1667,0.8333,0,0,0.8333,12,10,0.5394,0.1,0.05,0.85,0.0,0.3,0.0,0.0,0.8333,0.0,0.0,0.0,0.8676,0.0,completed,,0.8148,10.051552
1517,56.6775,27.6476,0,5.0,0.8333,43,20640,70,150.0,2.7029,152.7029,1.0,1.3566,0.1163,1,0,1,0.0233,0.0,0.0233,0,0.7442,0.2558,0.814,32,35,43,0.5406,0.5406,4.1894,0.186,0.5,0.125,0.375,0.5,0,0,0.7647,17,13,0.5603,0.1,0.1628,0.8837,0.0233,0.3953,0.0,0.0,0.7647,0.0,0.0,0.0,0.9743,0.0,final_park,wall,0.8145,12.075717
1518,12.6629,6.177,0,2.0,0.3333,18,8640,70,150.0,1.3284,151.3284,1.0,1.2963,0.1111,1,0,1,0.0556,0.0,0.0556,0,0.6667,0.3333,0.7778,12,14,18,0.6642,0.6642,2.059,0.2222,0.5,0.5,0.0,0.5,0,0,0.8571,7,6,0.5523,0.1,0.1111,0.8889,0.0,0.3889,0.0,0.0,0.8571,0.0,0.0,0.0,0.6931,0.0,inner_patrol,obstacle,0.8142,12.769955
1519,86.0,50.8307,1,6.0,1.0,39,18720,39,136.7143,0.6073,137.3216,0.5571,1.7949,0.1538,1,0,1,0.0256,0.0,0.0256,0,0.7949,0.2051,0.8462,31,33,39,0.1215,0.1215,0.9414,0.1538,0.1667,0.1667,0.6667,0.8333,0,0,0.7,10,7,0.5531,0.1,0.1026,0.7692,0.0256,0.2564,0.0,0.0,0.7,0.0,0.0,0.0,0.8676,0.0,completed,,0.8139,13.037587
1520,-10.0,-7.79,0,0.0,0.0,3,1440,70,150.0,0.0,150.0,1.0,0.0,0.0,0,0,0,0.0000,0.0,0.0000,0,1.0,0.0,1.0,3,3,3,0.0,0.0,0.0,0.0,0.0,0.0,0.0,0.0,0,0,0.0,1,0,0.5009,0.1,0.0,1.0,0.0,0.3333,0.0,0.0,0.0,0.0,0.0,0.0,0.0,0.0,outer_patrol_a,road_edge,0.8137,13.037587
1521,11.56,5.639,0,2.0,0.3333,21,10080,70,150.0,0.7735,150.7735,1.0,1.1111,0.0952,0,0,0,0.0000,0.0,0.0000,0,0.7143,0.2857,0.9048,15,19,21,0.3868,0.3868,1.1989,0.0952,0.5,0.5,0.0,0.5,0,0,0.6667,9,6,0.5382,0.1,0.0952,0.7143,0.0,0.4286,0.0,0.0,0.6667,0.0,0.0,0.0,0.6931,0.0,inner_patrol,obstacle,0.8134,11.803811
1522,57.1645,27.8851,0,5.0,0.8333,43,20640,70,150.0,1.5464,151.5464,1.0,1.3566,0.1163,0,0,0,0.0000,0.0,0.0000,0,0.7209,0.2791,0.8372,31,36,43,0.3093,0.3093,2.397,0.1628,0.2857,0.2857,0.4286,0.7143,0,0,0.7273,11,8,0.5423,0.1,0.093,0.7907,0.0,0.2558,0.0,0.0,0.7273,0.0,0.0,0.0,1.079,0.0,final_park,wall,0.8131,10.949182
1523,62.4862,30.4811,0,5.0,0.8333,40,19200,70,150.0,0.0,150.0,1.0,1.4583,0.125,0,0,0,0.0000,0.0,0.0000,0,0.8,0.2,0.875,32,35,40,0.0,0.0,0.0,0.125,0.0,0.6,0.4,1.0,0,0,0.6,10,6,0.5414,0.1,0.075,0.7,0.025,0.25,0.0,0.0,0.6,0.0,0.0,0.0,0.673,0.0,final_park,wall,0.8129,9.627604
1524,13.3644,6.5192,0,2.0,0.3333,20,9600,70,150.0,0.0,150.0,1.0,1.1667,0.1,1,0,1,0.0500,0.0,0.0500,0,0.75,0.25,0.85,15,17,20,0.0,0.0,0.0,0.15,0.0,0.3333,0.6667,1.0,0,0,0.375,8,3,0.5572,0.1,0.15,0.85,0.1,0.4,0.0,0.0,0.375,0.0,0.0,0.0,0.6365,0.0,inner_patrol,obstacle,0.8126,9.452653
1525,86.0,48.8699,1,6.0,1.0,43,20640,43,138.4286,0.7658,139.1944,0.6143,1.6279,0.1395,0,0,0,0.0000,0.0,0.0000,0,0.7442,0.2558,0.8372,32,36,43,0.1532,0.1532,1.187,0.1628,0.1429,0.5714,0.2857,0.8571,0,0,0.6429,14,9,0.5721,0.1,0.1628,0.814,0.093,0.3256,0.0,0.0,0.6429,0.0,0.0,0.0,0.9557,0.0,completed,,0.8123,9.226914
1526,4.1827,2.0403,0,1.0,0.1667,17,8160,70,150.0,0.0,150.0,1.0,0.6863,0.0588,0,0,0,0.0000,0.0,0.0000,0,0.7647,0.2353,0.8235,13,14,17,0.0,0.0,0.0,0.1176,0.0,0.0,1.0,1.0,0,0,0.4286,7,3,0.5674,0.1,0.1765,0.6471,0.0588,0.4118,0.0,0.0,0.4286,0.0,0.0,0.0,-0.0,0.0,enter_inner,obstacle,0.8121,9.509765
1527,-10.0,-9.93,0,0.0,0.0,1,480,70,150.0,0.0,150.0,1.0,0.0,0.0,0,0,0,0.0000,0.0,0.0000,0,1.0,0.0,1.0,1,1,1,0.0,0.0,0.0,0.0,0.0,0.0,0.0,0.0,0,0,0.0,0,0,0.5477,0.1,0.0,0.0,0.0,0.0,0.0,0.0,0.0,0.0,0.0,0.0,0.0,0.0,outer_patrol_a,road_edge,0.8118,9.777076
1528,3.4417,1.6789,0,1.0,0.1667,16,7680,70,150.0,0.0,150.0,1.0,0.7292,0.0625,0,0,0,0.0000,0.0,0.0000,0,0.875,0.125,0.9375,14,15,16,0.0,0.0,0.0,0.0625,0.0,1.0,0.0,1.0,0,0,0.6667,3,2,0.5151,0.1,0.0625,0.4375,0.0,0.1875,0.0,0.0,0.6667,0.0,0.0,0.0,-0.0,0.0,enter_inner,obstacle,0.8115,10.156969
1529,86.0,49.8211,1,6.0,1.0,41,19680,41,137.5714,0.0,137.5714,0.5857,1.7073,0.1463,1,0,1,0.0244,0.0,0.0244,0,0.7317,0.2683,0.878,30,36,41,0.0,0.0,0.0,0.122,0.0,0.6,0.4,1.0,0,0,0.8889,9,8,0.5365,0.1,0.0488,0.8537,0.0,0.2195,0.0,0.0,0.8889,0.0,0.0,0.0,0.673,0.0,completed,,0.8113,9.600525
1530,86.0,50.3553,1,6.0,1.0,42,20160,42,138.0,0.0,138.0,0.6,1.6667,0.1429,0,0,0,0.0000,0.0,0.0000,0,0.7143,0.2857,0.881,30,37,42,0.0,0.0,0.0,0.119,0.0,0.0,1.0,1.0,0,0,0.9,10,9,0.537,0.1,0.0476,0.7619,0.0,0.2381,0.0,0.0,0.9,0.0,0.0,0.0,-0.0,0.0,completed,,0.811,8.392065
1531,4.7361,2.3103,0,1.0,0.1667,15,7200,70,150.0,0.0,150.0,1.0,0.7778,0.0667,0,0,0,0.0000,0.0,0.0000,0,0.8,0.2,0.9333,12,14,15,0.0,0.0,0.0,0.0667,0.0,0.0,1.0,1.0,0,0,0.6667,3,2,0.5093,0.1,0.0667,0.6667,0.0,0.2,0.0,0.0,0.6667,0.0,0.0,0.0,-0.0,0.0,enter_inner,obstacle,0.8107,8.830029
1532,86.0,49.5719,1,6.0,1.0,43,20640,43,138.4286,0.8045,139.2331,0.6143,1.6279,0.1395,0,0,0,0.0000,0.0,0.0000,0,0.7674,0.2326,0.8605,33,37,43,0.1609,0.1609,1.247,0.1395,0.1667,0.1667,0.6667,0.8333,0,0,0.625,8,5,0.5489,0.1,0.0698,0.6977,0.0465,0.186,0.0,0.0,0.625,0.0,0.0,0.0,0.8676,0.0,completed,,0.8104,7.515243
1533,-1.4555,-0.71,0,0.0,0.0,11,5280,70,150.0,0.0,150.0,1.0,0.0,0.0,0,0,0,0.0000,0.0,0.0000,0,0.9091,0.0909,1.0,10,11,11,0.0,0.0,0.0,0.0,0.0,0.0,0.0,0.0,0,0,0.75,4,3,0.5104,0.1,0.0,0.8182,0.0,0.3636,0.0,0.0,0.75,0.0,0.0,0.0,0.0,0.0,outer_patrol_a,road_edge,0.8102,8.664991
1534,20.4336,9.9676,0,3.0,0.5,30,14400,70,150.0,1.6331,151.6331,1.0,1.1667,0.1,0,0,0,0.0000,0.0,0.0000,0,0.7,0.3,0.8667,21,26,30,0.5444,0.5444,2.5312,0.1333,0.5,0.25,0.25,0.5,0,0,0.7778,9,7,0.5618,0.1,0.1,0.8667,0.0333,0.3,0.0,0.0,0.7778,0.0,0.0,0.0,1.0397,0.0,return_outer,obstacle,0.8099,9.943232
1535,53.1745,25.9388,0,5.0,0.8333,47,22560,70,150.0,1.6475,151.6475,1.0,1.2411,0.1064,1,0,1,0.0213,0.0,0.0213,0,0.7447,0.2553,0.8511,35,40,47,0.3295,0.3295,2.5536,0.1489,0.2857,0.2857,0.4286,0.7143,0,0,0.5833,12,7,0.5526,0.1,0.1064,0.7234,0.0213,0.2553,0.0,0.0,0.5833,0.0,0.0,0.0,1.079,0.0,final_park,wall,0.8096,11.855884
1536,57.7074,28.15,0,5.0,0.8333,41,19680,70,150.0,1.6137,151.6137,1.0,1.4228,0.122,1,0,1,0.0244,0.0,0.0244,0,0.7561,0.2439,0.878,31,36,41,0.3227,0.3227,2.5012,0.122,0.4,0.2,0.4,0.6,0,0,0.7273,11,8,0.5346,0.1,0.0732,0.7561,0.0,0.2683,0.0,0.0,0.7273,0.0,0.0,0.0,1.0549,0.0,final_park,wall,0.8094,11.03425
1537,5.471,2.6688,0,1.0,0.1667,13,6240,70,150.0,0.0,150.0,1.0,0.8974,0.0769,0,0,0,0.0000,0.0,0.0000,0,0.8462,0.1538,0.9231,11,12,13,0.0,0.0,0.0,0.0769,0.0,1.0,0.0,1.0,0,0,0.6667,3,2,0.5206,0.1,0.0769,0.6923,0.0,0.2308,0.0,0.0,0.6667,0.0,0.0,0.0,-0.0,0.0,enter_inner,obstacle,0.8091,11.811472
1538,4.925,2.4024,0,1.0,0.1667,14,6720,70,150.0,0.0,150.0,1.0,0.8333,0.0714,0,0,0,0.0000,0.0,0.0000,0,0.8571,0.1429,0.9286,12,13,14,0.0,0.0,0.0,0.0714,0.0,0.0,1.0,1.0,0,0,0.3333,3,1,0.5359,0.1,0.0714,0.5714,0.0714,0.2143,0.0,0.0,0.3333,0.0,0.0,0.0,-0.0,0.0,enter_inner,obstacle,0.8088,12.144688
1539,0.8751,0.4269,0,1.0,0.1667,19,9120,70,150.0,0.6789,150.6789,1.0,0.614,0.0526,1,0,1,0.0526,0.0,0.0526,0,0.6842,0.3158,0.8421,13,16,19,0.6789,0.6789,1.0523,0.1053,0.5,0.0,0.5,0.5,0,0,0.4286,7,3,0.5915,0.1,0.2105,0.6842,0.2105,0.3684,0.0,0.0,0.4286,0.0,0.0,0.0,0.6931,0.0,enter_inner,red_light,0.8086,9.991744
1540,86.0,49.6141,1,6.0,1.0,39,18720,39,136.7143,1.5197,138.234,0.5571,1.7949,0.1538,1,0,1,0.0256,0.0,0.0256,0,0.7949,0.2051,0.8462,31,33,39,0.3039,0.3039,2.3556,0.1538,0.3333,0.1667,0.5,0.6667,0,0,0.9,10,9,0.5574,0.1,0.1026,0.7179,0.0513,0.2564,0.0,0.0,0.9,0.0,0.0,0.0,1.0114,0.0,completed,,0.8083,9.335967
1541,0.0461,0.0225,0,1.0,0.1667,20,9600,70,150.0,0.0,150.0,1.0,0.5833,0.05,1,0,1,0.0500,0.0,0.0500,0,0.65,0.35,0.95,13,19,20,0.0,0.0,0.0,0.05,0.0,0.0,1.0,1.0,0,0,0.6667,3,2,0.5037,0.1,0.05,0.6,0.0,0.15,0.0,0.0,0.6667,0.0,0.0,0.0,-0.0,0.0,enter_inner,obstacle,0.808,9.400362
1542,3.2774,1.5987,0,1.0,0.1667,16,7680,70,150.0,0.0,150.0,1.0,0.7292,0.0625,0,0,0,0.0000,0.0,0.0000,0,0.8125,0.1875,0.9375,13,15,16,0.0,0.0,0.0,0.0625,0.0,1.0,0.0,1.0,0,0,0.5,4,2,0.5386,0.1,0.0625,0.6875,0.0625,0.25,0.0,0.0,0.5,0.0,0.0,0.0,-0.0,0.0,enter_inner,obstacle,0.8077,8.500017
1543,86.0,50.1771,1,6.0,1.0,39,18720,39,136.7143,0.781,137.4952,0.5571,1.7949,0.1538,0,0,0,0.0000,0.0,0.0000,0,0.7692,0.2308,0.8462,30,33,39,0.1562,0.1562,1.2105,0.1538,0.1667,0.1667,0.6667,0.8333,0,0,0.9167,12,11,0.556,0.1,0.1026,0.8205,0.0513,0.3077,0.0,0.0,0.9167,0.0,0.0,0.0,0.8676,0.0,completed,,0.8075,8.83215
1544,19.3477,9.4379,0,3.0,0.5,29,13920,70,150.0,2.3061,152.3061,1.0,1.2069,0.1034,0,0,0,0.0000,0.0,0.0000,0,0.6897,0.3103,0.7931,20,23,29,0.7687,0.7687,3.5745,0.2069,0.5,0.5,0.0,0.5,0,0,0.6667,12,8,0.5812,0.1,0.1379,0.7241,0.0345,0.4138,0.0,0.0,0.6667,0.0,0.0,0.0,0.6931,0.0,return_outer,obstacle,0.8072,10.858113
1545,0.9057,0.4418,0,1.0,0.1667,17,8160,70,150.0,0.694,150.694,1.0,0.6863,0.0588,1,0,1,0.0588,0.0,0.0588,0,0.7059,0.2941,0.8824,12,15,17,0.694,0.694,1.0756,0.1176,0.5,0.5,0.0,0.5,0,0,0.4,5,2,0.5201,0.1,0.0588,0.8235,0.0,0.2941,0.0,0.0,0.4,0.0,0.0,0.0,0.6931,0.0,enter_inner,obstacle,0.8069,9.94204
1546,86.0,45.5426,1,6.0,1.0,47,22560,47,140.1429,3.0055,143.1484,0.6714,1.4894,0.1277,1,0,1,0.0213,0.0,0.0213,0,0.6809,0.3191,0.8298,32,39,47,0.6011,0.6011,4.6586,0.1702,0.5,0.0,0.5,0.5,0,0,0.6667,15,10,0.561,0.1,0.0851,0.7872,0.0213,0.3191,0.0,0.0,0.6667,0.0,0.0,0.0,0.6931,0.0,completed,,0.8067,10.152651
1547,86.0,50.3813,1,6.0,1.0,41,19680,41,137.5714,0.0,137.5714,0.5857,1.7073,0.1463,1,0,1,0.0244,0.0,0.0244,0,0.8049,0.1951,0.878,33,36,41,0.0,0.0,0.0,0.122,0.0,0.6,0.4,1.0,0,0,0.6,10,6,0.5511,0.1,0.0732,0.7317,0.0,0.2439,0.0,0.0,0.6,0.0,0.0,0.0,0.673,0.0,completed,,0.8064,9.253489
1548,15.2805,7.4539,0,2.0,0.3333,17,8160,70,150.0,0.0,150.0,1.0,1.3725,0.1176,0,0,0,0.0000,0.0,0.0000,0,0.7647,0.2353,0.8235,13,14,17,0.0,0.0,0.0,0.1765,0.0,0.0,1.0,1.0,0,0,0.6,5,3,0.5328,0.1,0.0588,0.9412,0.0588,0.2941,0.0,0.0,0.6,0.0,0.0,0.0,-0.0,0.0,inner_patrol,obstacle,0.8061,9.984837
1549,86.0,49.0883,1,6.0,1.0,43,20640,43,138.4286,0.6927,139.1213,0.6143,1.6279,0.1395,1,0,1,0.0233,0.0,0.0233,0,0.7442,0.2558,0.8605,32,37,43,0.1385,0.1385,1.0737,0.1395,0.1667,0.3333,0.5,0.8333,0,0,0.8,10,8,0.5492,0.1,0.1163,0.6744,0.0,0.2326,0.0,0.0,0.8,0.0,0.0,0.0,1.0114,0.0,completed,,0.8059,11.344428
1550,-10.0,-5.98,0,0.0,0.0,6,2880,70,150.0,0.0,150.0,1.0,0.0,0.0,1,0,1,0.1667,0.0,0.1667,0,1.0,0.0,1.0,6,6,6,0.0,0.0,0.0,0.0,0.0,0.0,0.0,0.0,0,0,0.6667,3,2,0.523,0.1,0.0,0.8333,0.0,0.5,0.0,0.0,0.6667,0.0,0.0,0.0,0.0,0.0,outer_patrol_a,road_edge,0.8056,11.919884
1551,26.4718,12.9131,0,3.0,0.5,24,11520,70,150.0,0.8488,150.8488,1.0,1.4583,0.125,1,0,1,0.0417,0.0,0.0417,0,0.7917,0.2083,0.8333,19,20,24,0.2829,0.2829,1.3156,0.1667,0.25,0.5,0.25,0.75,0,0,0.7143,7,5,0.5768,0.1,0.125,0.75,0.0833,0.2917,0.0,0.0,0.7143,0.0,0.0,0.0,1.0397,0.0,return_outer,obstacle,0.8053,11.83213
1552,86.0,48.5421,1,6.0,1.0,44,21120,44,138.8571,0.6659,139.523,0.6286,1.5909,0.1364,1,0,1,0.0227,0.0,0.0227,0,0.7727,0.2273,0.8636,34,38,44,0.1332,0.1332,1.0321,0.1364,0.1667,0.1667,0.6667,0.8333,0,0,0.5714,14,8,0.5645,0.1,0.0909,0.7273,0.0455,0.3182,0.0,0.0,0.5714,0.0,0.0,0.0,0.8676,0.0,completed,,0.8051,11.845448
1553,86.0,52.6034,1,6.0,1.0,36,17280,36,135.4286,0.7675,136.1961,0.5143,1.9444,0.1667,0,0,0,0.0000,0.0,0.0000,0,0.8056,0.1944,0.8056,29,29,36,0.1535,0.1535,1.1896,0.1944,0.1429,0.1429,0.7143,0.8571,0,0,0.8333,6,5,0.5405,0.1,0.0556,0.8056,0.0556,0.1667,0.0,0.0,0.8333,0.0,0.0,0.0,0.7963,0.0,completed,,0.8048,10.336598
1554,-10.0,-8.12,0,0.0,0.0,4,1920,70,150.0,0.0,150.0,1.0,0.0,0.0,1,0,1,0.2500,0.0,0.2500,0,1.0,0.0,1.0,4,4,4,0.0,0.0,0.0,0.0,0.0,0.0,0.0,0.0,0,0,1.0,1,1,0.5479,0.1,0.0,0.25,0.0,0.25,0.0,0.0,1.0,0.0,0.0,0.0,0.0,0.0,outer_patrol_a,road_edge,0.8045,9.887658
1555,1.5637,0.7628,0,1.0,0.1667,18,8640,70,150.0,0.0,150.0,1.0,0.6481,0.0556,0,0,0,0.0000,0.0,0.0000,0,0.6667,0.3333,0.9444,12,17,18,0.0,0.0,0.0,0.0556,0.0,0.0,1.0,1.0,0,0,0.0,2,0,0.5278,0.1,0.0556,0.5,0.0556,0.1111,0.0,0.0,0.0,0.0,0.0,0.0,-0.0,0.0,enter_inner,obstacle,0.8042,10.221614
1556,8.018,3.9112,0,2.0,0.3333,21,10080,70,150.0,1.5218,151.5218,1.0,1.1111,0.0952,1,0,1,0.0476,0.0,0.0476,0,0.7619,0.2381,0.8571,16,18,21,0.7609,0.7609,2.3588,0.1429,0.6667,0.0,0.3333,0.3333,0,0,0.5556,9,5,0.5656,0.1,0.1905,0.8571,0.0952,0.4286,0.0,0.0,0.5556,0.0,0.0,0.0,0.6365,0.0,inner_patrol,obstacle,0.804,10.027898
1557,14.6568,7.1497,0,2.0,0.3333,17,8160,70,150.0,0.0,150.0,1.0,1.3725,0.1176,1,0,1,0.0588,0.0,0.0588,0,0.7059,0.2941,0.8824,12,15,17,0.0,0.0,0.0,0.1176,0.0,0.0,1.0,1.0,0,0,0.6667,3,2,0.5112,0.1,0.0588,0.8235,0.0,0.1765,0.0,0.0,0.6667,0.0,0.0,0.0,-0.0,0.0,inner_patrol,obstacle,0.8037,9.39545
1558,63.0404,30.7514,0,5.0,0.8333,37,17760,70,150.0,0.7392,150.7392,1.0,1.5766,0.1351,1,0,1,0.0270,0.0,0.0270,0,0.8108,0.1892,0.8649,30,32,37,0.1478,0.1478,1.1457,0.1351,0.2,0.6,0.2,0.8,0,0,0.8571,7,6,0.5342,0.1,0.0541,0.7297,0.0,0.1892,0.0,0.0,0.8571,0.0,0.0,0.0,0.9503,0.0,final_park,wall,0.8034,9.712403
1559,86.0,49.4707,1,6.0,1.0,40,19200,40,137.1429,0.8011,137.9439,0.5714,1.75,0.15,0,0,0,0.0000,0.0,0.0000,0,0.725,0.275,0.85,29,34,40,0.1602,0.1602,1.2416,0.15,0.1667,0.3333,0.5,0.8333,0,0,0.875,8,7,0.5434,0.1,0.05,0.75,0.0,0.2,0.0,0.0,0.875,0.0,0.0,0.0,1.0114,0.0,completed,,0.8032,9.342497
1560,86.0,49.1155,1,6.0,1.0,44,21120,44,138.8571,0.0,138.8571,0.6286,1.5909,0.1364,1,0,1,0.0227,0.0,0.0227,0,0.7273,0.2727,0.8864,32,39,44,0.0,0.0,0.0,0.1136,0.0,0.6,0.4,1.0,0,0,0.8889,9,8,0.54,0.1,0.0455,0.7045,0.0227,0.2045,0.0,0.0,0.8889,0.0,0.0,0.0,0.673,0.0,completed,,0.8029,10.443111
1561,55.5569,27.1009,0,4.0,0.6667,38,18240,70,150.0,0.0,150.0,1.0,1.2281,0.1053,0,0,0,0.0000,0.0,0.0000,0,0.7632,0.2368,0.8947,29,34,38,0.0,0.0,0.0,0.1053,0.0,0.5,0.5,1.0,0,0,0.5714,7,4,0.5306,0.1,0.0526,0.6316,0.0,0.1842,0.0,0.0,0.5714,0.0,0.0,0.0,0.6931,0.0,outer_patrol_b,road_edge,0.8026,10.731398
1562,5.6345,2.7485,0,1.0,0.1667,13,6240,70,150.0,0.0,150.0,1.0,0.8974,0.0769,1,0,1,0.0769,0.0,0.0769,0,0.9231,0.0769,0.9231,12,12,13,0.0,0.0,0.0,0.0769,0.0,1.0,0.0,1.0,0,0,0.6667,3,2,0.5113,0.1,0.0769,0.7692,0.0,0.2308,0.0,0.0,0.6667,0.0,0.0,0.0,-0.0,0.0,enter_inner,obstacle,0.8024,10.060394
1563,86.0,48.3449,1,6.0,1.0,41,19680,41,137.5714,1.4798,139.0512,0.5857,1.7073,0.1463,0,0,0,0.0000,0.0,0.0000,0,0.7073,0.2927,0.8293,29,34,41,0.296,0.296,2.2936,0.1707,0.2857,0.4286,0.2857,0.7143,0,0,0.7692,13,10,0.5639,0.1,0.0976,0.8293,0.0732,0.3171,0.0,0.0,0.7692,0.0,0.0,0.0,1.079,0.0,completed,,0.8021,8.640752
1564,86.0,50.7741,1,6.0,1.0,38,18240,38,136.2857,0.7815,137.0672,0.5429,1.8421,0.1579,1,0,1,0.0263,0.0,0.0263,0,0.7895,0.2105,0.8684,30,33,38,0.1563,0.1563,1.2114,0.1316,0.2,0.4,0.4,0.8,0,0,0.8889,9,8,0.5467,0.1,0.0789,0.7105,0.0263,0.2368,0.0,0.0,0.8889,0.0,0.0,0.0,1.0549,0.0,completed,,0.8018,9.014236
1565,5.6344,2.7485,0,1.0,0.1667,13,6240,70,150.0,0.0,150.0,1.0,0.8974,0.0769,0,0,0,0.0000,0.0,0.0000,0,0.9231,0.0769,0.9231,12,12,13,0.0,0.0,0.0,0.0769,0.0,1.0,0.0,1.0,0,0,0.6667,3,2,0.5134,0.1,0.0769,0.6154,0.0,0.2308,0.0,0.0,0.6667,0.0,0.0,0.0,-0.0,0.0,enter_inner,obstacle,0.8015,9.415979
1566,-10.0,-5.07,0,0.0,0.0,11,5280,70,150.0,0.0,150.0,1.0,0.0,0.0,1,0,1,0.0909,0.0,0.0909,0,0.7273,0.2727,1.0,8,11,11,0.0,0.0,0.0,0.0,0.0,0.0,0.0,0.0,0,0,0.4,5,2,0.5165,0.1,0.0,0.5455,0.0,0.4545,0.0,0.0,0.4,0.0,0.0,0.0,0.0,0.0,outer_patrol_a,road_edge,0.8013,9.776772
1567,86.0,46.8097,1,6.0,1.0,44,21120,44,138.8571,2.9051,141.7623,0.6286,1.5909,0.1364,1,0,1,0.0227,0.0,0.0227,0,0.7727,0.2273,0.7955,34,35,44,0.581,0.581,4.5029,0.2045,0.4444,0.1111,0.4444,0.5556,0,0,0.6364,11,7,0.5713,0.1,0.0909,0.7727,0.0455,0.25,0.0,0.0,0.6364,0.0,0.0,0.0,0.965,0.0,completed,,0.801,9.686154
1568,23.7969,11.6083,0,3.0,0.5,27,12960,70,150.0,1.357,151.357,1.0,1.2963,0.1111,1,0,1,0.0370,0.0,0.0370,0,0.7778,0.2222,0.8148,21,22,27,0.4523,0.4523,2.1033,0.1852,0.4,0.2,0.4,0.6,0,0,0.5,8,4,0.5808,0.1,0.1852,0.8519,0.0741,0.2963,0.0,0.0,0.5,0.0,0.0,0.0,1.0549,0.0,return_outer,obstacle,0.8007,8.588633
1569,86.0,49.2417,1,6.0,1.0,42,20160,42,138.0,0.7255,138.7255,0.6,1.6667,0.1429,1,0,1,0.0238,0.0,0.0238,0,0.7857,0.2143,0.881,33,37,42,0.1451,0.1451,1.1246,0.119,0.2,0.2,0.6,0.8,0,0,0.6667,9,6,0.5523,0.1,0.0714,0.7619,0.0476,0.2143,0.0,0.0,0.6667,0.0,0.0,0.0,0.9503,0.0,completed,,0.8005,9.409326
1570,48.6783,23.7455,0,5.0,0.8333,56,26880,70,150.0,2.247,152.247,1.0,1.0417,0.0893,0,0,0,0.0000,0.0,0.0000,0,0.75,0.25,0.875,42,49,56,0.4494,0.4494,3.4829,0.125,0.4286,0.2857,0.2857,0.5714,0,0,0.5,26,13,0.6258,0.1,0.2857,0.8214,0.1429,0.4643,0.0,0.0,0.5,0.0,0.0,0.0,1.079,0.0,final_park,wall,0.8002,9.985331
1571,3.4968,1.7058,0,1.0,0.1667,15,7200,70,150.0,0.7315,150.7315,1.0,0.7778,0.0667,1,0,1,0.0667,0.0,0.0667,0,0.8,0.2,0.8,12,12,15,0.7315,0.7315,1.1338,0.1333,0.5,0.0,0.5,0.5,0,0,0.5,4,2,0.5566,0.1,0.2,0.7333,0.0667,0.2667,0.0,0.0,0.5,0.0,0.0,0.0,0.6931,0.0,enter_inner,obstacle,0.7999,10.405944
1572,86.0,46.8904,1,6.0,1.0,44,21120,44,138.8571,2.9133,141.7705,0.6286,1.5909,0.1364,0,0,0,0.0000,0.0,0.0000,0,0.75,0.25,0.7955,33,35,44,0.5827,0.5827,4.5156,0.2045,0.4444,0.2222,0.3333,0.5556,0,0,0.75,16,12,0.5622,0.1,0.1591,0.8409,0.0227,0.3636,0.0,0.0,0.75,0.0,0.0,0.0,1.0609,0.0,completed,,0.7997,10.150435
1573,26.958,13.1502,0,3.0,0.5,28,13440,70,150.0,0.8257,150.8257,1.0,1.25,0.1071,1,0,1,0.0357,0.0,0.0357,0,0.8214,0.1786,0.8571,23,24,28,0.2752,0.2752,1.2798,0.1429,0.25,0.0,0.75,0.75,0,0,0.375,8,3,0.5754,0.1,0.1786,0.6786,0.0714,0.2857,0.0,0.0,0.375,0.0,0.0,0.0,0.5623,0.0,return_outer,obstacle,0.7994,10.698088
1574,4.4141,2.1532,0,1.0,0.1667,15,7200,70,150.0,0.0,150.0,1.0,0.7778,0.0667,1,0,1,0.0667,0.0,0.0667,0,0.9333,0.0667,0.9333,14,14,15,0.0,0.0,0.0,0.0667,0.0,0.0,1.0,1.0,0,0,0.3333,3,1,0.5147,0.1,0.0667,0.6,0.0,0.2,0.0,0.0,0.3333,0.0,0.0,0.0,-0.0,0.0,enter_inner,obstacle,0.7991,11.24792
1575,86.0,51.8156,1,6.0,1.0,38,18240,38,136.2857,0.0,136.2857,0.5429,1.8421,0.1579,1,0,1,0.0263,0.0,0.0263,0,0.8158,0.1842,0.8684,31,33,38,0.0,0.0,0.0,0.1316,0.0,0.6,0.4,1.0,0,0,0.8462,13,11,0.5495,0.1,0.0526,0.7368,0.0263,0.3421,0.0,0.0,0.8462,0.0,0.0,0.0,0.673,0.0,completed,,0.7989,13.706683
1576,86.0,49.7036,1,6.0,1.0,41,19680,41,137.5714,0.7633,138.3347,0.5857,1.7073,0.1463,0,0,0,0.0000,0.0,0.0000,0,0.8293,0.1707,0.878,34,36,41,0.1527,0.1527,1.1831,0.122,0.2,0.6,0.2,0.8,0,0,0.6667,12,8,0.5469,0.1,0.122,0.8049,0.0244,0.2927,0.0,0.0,0.6667,0.0,0.0,0.0,0.9503,0.0,completed,,0.7986,14.382663
1577,3.9531,1.9283,0,1.0,0.1667,15,7200,70,150.0,0.0,150.0,1.0,0.7778,0.0667,1,0,1,0.0667,0.0,0.0667,0,0.8,0.2,0.9333,12,14,15,0.0,0.0,0.0,0.0667,0.0,1.0,0.0,1.0,0,0,0.6667,6,4,0.5189,0.1,0.0667,0.8,0.0,0.4,0.0,0.0,0.6667,0.0,0.0,0.0,-0.0,0.0,enter_inner,obstacle,0.7983,13.673636
1578,24.4374,11.9207,0,2.0,0.3333,20,9600,70,150.0,0.0,150.0,1.0,1.1667,0.1,0,0,0,0.0000,0.0,0.0000,0,0.85,0.15,0.9,17,18,20,0.0,0.0,0.0,0.1,0.0,0.0,1.0,1.0,0,0,0.6667,3,2,0.5139,0.1,0.1,0.8,0.0,0.15,0.0,0.0,0.6667,0.0,0.0,0.0,-0.0,0.0,inner_patrol,obstacle,0.798,13.182959
1579,38.3931,18.7283,0,4.0,0.6667,25,12000,70,150.0,0.0,150.0,1.0,1.8667,0.16,1,0,1,0.0400,0.0,0.0400,0,0.76,0.24,0.84,19,21,25,0.0,0.0,0.0,0.16,0.0,0.75,0.25,1.0,0,0,0.8,5,4,0.5573,0.1,0.08,0.88,0.0,0.2,0.0,0.0,0.8,0.0,0.0,0.0,0.5623,0.0,outer_patrol_b,road_edge,0.7978,10.66194
1580,14.989,7.3117,0,2.0,0.3333,15,7200,70,150.0,0.0,150.0,1.0,1.5556,0.1333,0,0,0,0.0000,0.0,0.0000,0,0.8,0.2,0.8667,12,13,15,0.0,0.0,0.0,0.1333,0.0,0.5,0.5,1.0,0,0,1.0,1,1,0.5085,0.1,0.0,0.8,0.0,0.0667,0.0,0.0,1.0,0.0,0.0,0.0,0.6931,0.0,inner_patrol,obstacle,0.7975,9.874349
1581,2.7089,1.3214,0,1.0,0.1667,18,8640,70,150.0,0.0,150.0,1.0,0.6481,0.0556,1,0,1,0.0556,0.0,0.0556,0,0.8333,0.1667,0.9444,15,17,18,0.0,0.0,0.0,0.0556,0.0,0.0,1.0,1.0,0,0,0.6667,6,4,0.5142,0.1,0.0,0.7778,0.0,0.3333,0.0,0.0,0.6667,0.0,0.0,0.0,-0.0,0.0,enter_inner,obstacle,0.7972,10.895357
1582,86.0,49.9307,1,6.0,1.0,41,19680,41,137.5714,0.721,138.2925,0.5857,1.7073,0.1463,1,0,1,0.0244,0.0,0.0244,0,0.7805,0.2195,0.8537,32,35,41,0.1442,0.1442,1.1176,0.1463,0.1667,0.1667,0.6667,0.8333,0,0,0.7273,11,8,0.5596,0.1,0.122,0.8293,0.0732,0.2683,0.0,0.0,0.7273,0.0,0.0,0.0,0.8676,0.0,completed,,0.797,11.016113
1583,86.0,49.8368,1,6.0,1.0,39,18720,39,136.7143,1.3569,138.0712,0.5571,1.7949,0.1538,1,0,1,0.0256,0.0,0.0256,0,0.7949,0.2051,0.8462,31,33,39,0.2714,0.2714,2.1032,0.1538,0.3333,0.3333,0.3333,0.6667,0,0,0.8571,7,6,0.5387,0.1,0.0769,0.7692,0.0,0.1795,0.0,0.0,0.8571,0.0,0.0,0.0,1.0986,0.0,completed,,0.7967,12.571943
1584,53.6071,26.1498,0,5.0,0.8333,44,21120,70,150.0,2.3227,152.3227,1.0,1.3258,0.1136,1,0,1,0.0227,0.0,0.0227,0,0.7045,0.2955,0.8636,31,38,44,0.4645,0.4645,3.6002,0.1364,0.5,0.1667,0.3333,0.5,0,0,1.0,7,7,0.5472,0.1,0.0909,0.6136,0.0227,0.1591,0.0,0.0,1.0,0.0,0.0,0.0,1.0114,0.0,final_park,wall,0.7964,11.323916
1585,38.6235,18.8407,0,4.0,0.6667,25,12000,70,150.0,0.6199,150.6199,1.0,1.8667,0.16,1,0,1,0.0400,0.0,0.0400,0,0.76,0.24,0.84,19,21,25,0.155,0.155,0.9608,0.16,0.25,0.25,0.5,0.75,0,0,1.0,7,7,0.5635,0.1,0.08,0.8,0.04,0.28,0.0,0.0,1.0,0.0,0.0,0.0,1.0397,0.0,outer_patrol_b,road_edge,0.7962,11.386001
1586,5.7432,2.8015,0,1.0,0.1667,14,6720,70,150.0,0.0,150.0,1.0,0.8333,0.0714,1,0,1,0.0714,0.0,0.0714,0,0.9286,0.0714,0.9286,13,13,14,0.0,0.0,0.0,0.0714,0.0,0.0,1.0,1.0,0,0,0.75,4,3,0.5111,0.1,0.0,0.5714,0.0,0.2857,0.0,0.0,0.75,0.0,0.0,0.0,-0.0,0.0,enter_inner,obstacle,0.7959,10.938735
1587,86.0,43.3052,1,6.0,1.0,49,23520,49,141.0,3.2252,144.2252,0.7,1.4286,0.1224,1,0,1,0.0204,0.0,0.0204,0,0.6735,0.3265,0.8571,33,42,49,0.645,0.645,4.999,0.1429,0.5714,0.1429,0.2857,0.4286,0,0,0.6364,11,7,0.5607,0.1,0.1224,0.7755,0.0408,0.2245,0.0,0.0,0.6364,0.0,0.0,0.0,0.9557,0.0,completed,,0.7956,8.454265
1588,1.9621,0.9571,0,1.0,0.1667,15,7200,70,150.0,0.8899,150.8899,1.0,0.7778,0.0667,1,0,1,0.0667,0.0,0.0667,0,0.8,0.2,0.8667,12,13,15,0.8899,0.8899,1.3793,0.1333,0.5,0.5,0.0,0.5,0,0,0.75,4,3,0.5473,0.1,0.1333,0.9333,0.0667,0.2667,0.0,0.0,0.75,0.0,0.0,0.0,0.6931,0.0,enter_inner,obstacle,0.7953,8.472624
1589,86.0,49.196,1,6.0,1.0,44,21120,44,138.8571,1.3991,140.2563,0.6286,1.5909,0.1364,0,0,0,0.0000,0.0,0.0000,0,0.7273,0.2727,0.8182,32,36,44,0.2798,0.2798,2.1687,0.1818,0.25,0.125,0.625,0.75,0,0,0.6875,16,11,0.5628,0.1,0.1591,0.8182,0.0227,0.3636,0.0,0.0,0.6875,0.0,0.0,0.0,0.9003,0.0,completed,,0.7951,8.408244
1590,86.0,49.4674,1,6.0,1.0,40,19200,40,137.1429,0.8767,138.0196,0.5714,1.75,0.15,0,0,0,0.0000,0.0,0.0000,0,0.8,0.2,0.875,32,35,40,0.1753,0.1753,1.3589,0.125,0.2,0.6,0.2,0.8,0,0,0.6667,9,6,0.5462,0.1,0.05,0.8,0.0,0.225,0.0,0.0,0.6667,0.0,0.0,0.0,0.9503,0.0,completed,,0.7948,9.48207
1591,1.7592,0.8582,0,1.0,0.1667,18,8640,70,150.0,0.0,150.0,1.0,0.6481,0.0556,0,0,0,0.0000,0.0,0.0000,0,0.7778,0.2222,0.9444,14,17,18,0.0,0.0,0.0,0.0556,0.0,1.0,0.0,1.0,0,0,0.2,5,1,0.5276,0.1,0.0556,0.6667,0.0556,0.2778,0.0,0.0,0.2,0.0,0.0,0.0,-0.0,0.0,enter_inner,obstacle,0.7945,11.555541
1592,0.0615,0.03,0,0.0,0.0,13,6240,70,150.0,0.0,150.0,1.0,0.0,0.0,1,0,1,0.0769,0.0,0.0769,0,0.9231,0.0769,1.0,12,13,13,0.0,0.0,0.0,0.0,0.0,0.0,0.0,0.0,0,0,0.6667,3,2,0.4987,0.1,0.0,0.6154,0.0,0.2308,0.0,0.0,0.6667,0.0,0.0,0.0,0.0,0.0,outer_patrol_a,road_edge,0.7943,12.488908
1593,19.9791,9.7459,0,2.0,0.3333,18,8640,70,150.0,0.8261,150.8261,1.0,1.2963,0.1111,0,0,0,0.0000,0.0,0.0000,0,0.8889,0.1111,0.8889,16,16,18,0.413,0.413,1.2804,0.1111,0.5,0.5,0.0,0.5,0,0,1.0,3,3,0.5292,0.1,0.0556,0.7778,0.0,0.1667,0.0,0.0,1.0,0.0,0.0,0.0,0.6931,0.0,inner_patrol,obstacle,0.794,12.325375
1594,54.1105,26.3954,0,4.0,0.6667,43,20640,70,150.0,0.0,150.0,1.0,1.0853,0.093,0,0,0,0.0000,0.0,0.0000,0,0.7209,0.2791,0.907,31,39,43,0.0,0.0,0.0,0.093,0.0,0.25,0.75,1.0,0,0,0.625,16,10,0.5429,0.1,0.0465,0.7907,0.0,0.3721,0.0,0.0,0.625,0.0,0.0,0.0,0.5623,0.0,outer_patrol_b,road_edge,0.7937,12.520879
1595,39.3971,19.2181,0,4.0,0.6667,24,11520,70,150.0,0.0,150.0,1.0,1.9444,0.1667,1,0,1,0.0417,0.0,0.0417,0,0.7917,0.2083,0.8333,19,20,24,0.0,0.0,0.0,0.1667,0.0,0.75,0.25,1.0,0,0,0.7778,9,7,0.5435,0.1,0.0833,0.875,0.0,0.375,0.0,0.0,0.7778,0.0,0.0,0.0,0.5623,0.0,outer_patrol_b,road_edge,0.7935,12.02306
1596,3.1593,1.5411,0,1.0,0.1667,15,7200,70,150.0,0.6069,150.6069,1.0,0.7778,0.0667,0,0,0,0.0000,0.0,0.0000,0,0.8667,0.1333,0.8667,13,13,15,0.6069,0.6069,0.9408,0.1333,0.5,0.0,0.5,0.5,0,0,0.6,5,3,0.5323,0.1,0.1333,0.6,0.0,0.3333,0.0,0.0,0.6,0.0,0.0,0.0,0.6931,0.0,enter_inner,obstacle,0.7932,11.545771
1597,1.7298,0.8438,0,1.0,0.1667,18,8640,70,150.0,0.0,150.0,1.0,0.6481,0.0556,1,0,1,0.0556,0.0,0.0556,0,0.7222,0.2778,0.9444,13,17,18,0.0,0.0,0.0,0.0556,0.0,0.0,1.0,1.0,0,0,0.25,4,1,0.5321,0.1,0.0556,0.6667,0.0556,0.2222,0.0,0.0,0.25,0.0,0.0,0.0,-0.0,0.0,enter_inner,obstacle,0.7929,9.986826
1598,59.3172,28.9352,0,4.0,0.6667,35,16800,70,150.0,0.8546,150.8546,1.0,1.3333,0.1143,1,0,1,0.0286,0.0,0.0286,0,0.7714,0.2286,0.8571,27,30,35,0.2137,0.2137,1.3247,0.1429,0.2,0.4,0.4,0.8,0,0,0.8889,9,8,0.5324,0.1,0.0286,0.8571,0.0,0.2571,0.0,0.0,0.8889,0.0,0.0,0.0,1.0549,0.0,outer_patrol_b,road_edge,0.7927,10.393083
1599,3.276,1.5981,0,1.0,0.1667,16,7680,70,150.0,0.0,150.0,1.0,0.7292,0.0625,1,0,1,0.0625,0.0,0.0625,0,0.8125,0.1875,0.9375,13,15,16,0.0,0.0,0.0,0.0625,0.0,1.0,0.0,1.0,0,0,0.5,4,2,0.5248,0.1,0.0625,0.5625,0.0,0.25,0.0,0.0,0.5,0.0,0.0,0.0,-0.0,0.0,enter_inner,obstacle,0.7924,9.791482
1600,86.0,48.4551,1,6.0,1.0,46,22080,46,139.7143,0.7153,140.4296,0.6571,1.5217,0.1304,1,0,1,0.0217,0.0,0.0217,0,0.7391,0.2609,0.8478,34,39,46,0.1431,0.1431,1.1087,0.1522,0.1429,0.2857,0.5714,0.8571,0,0,0.5385,13,7,0.5828,0.1,0.1739,0.8261,0.087,0.2826,0.0,0.0,0.5385,0.0,0.0,0.0,0.9557,0.0,completed,,0.7921,8.613799
1601,86.0,48.9565,1,6.0,1.0,41,19680,41,137.5714,0.8901,138.4615,0.5857,1.7073,0.1463,1,0,1,0.0244,0.0,0.0244,0,0.8049,0.1951,0.878,33,36,41,0.178,0.178,1.3796,0.122,0.2,0.6,0.2,0.8,0,0,0.75,8,6,0.5402,0.1,0.0732,0.7561,0.0,0.1951,0.0,0.0,0.75,0.0,0.0,0.0,0.9503,0.0,completed,,0.7918,7.319952
1602,-10.0,-6.72,0,0.0,0.0,4,1920,70,150.0,0.0,150.0,1.0,0.0,0.0,1,0,1,0.2500,0.0,0.2500,0,1.0,0.0,1.0,4,4,4,0.0,0.0,0.0,0.0,0.0,0.0,0.0,0.0,0,0,1.0,1,1,0.4983,0.1,0.0,0.5,0.0,0.25,0.0,0.0,1.0,0.0,0.0,0.0,0.0,0.0,outer_patrol_a,road_edge,0.7916,7.314931
1603,58.5619,28.5668,0,5.0,0.8333,43,20640,70,150.0,0.8356,150.8356,1.0,1.3566,0.1163,1,0,1,0.0233,0.0,0.0233,0,0.7674,0.2326,0.8837,33,38,43,0.1671,0.1671,1.2952,0.1163,0.2,0.4,0.4,0.8,0,0,0.5833,12,7,0.5471,0.1,0.0698,0.7907,0.0233,0.2791,0.0,0.0,0.5833,0.0,0.0,0.0,1.0549,0.0,final_park,wall,0.7913,8.402962
1604,12.3287,6.014,0,2.0,0.3333,18,8640,70,150.0,0.6929,150.6929,1.0,1.2963,0.1111,1,0,1,0.0556,0.0,0.0556,0,0.7222,0.2778,0.8333,13,15,18,0.3464,0.3464,1.074,0.1667,0.3333,0.3333,0.3333,0.6667,0,0,0.8333,6,5,0.5594,0.1,0.1667,0.8889,0.1111,0.3333,0.0,0.0,0.8333,0.0,0.0,0.0,1.0986,0.0,inner_patrol,obstacle,0.791,8.036984
1605,29.848,14.56,0,3.0,0.5,22,10560,70,150.0,0.0,150.0,1.0,1.5909,0.1364,1,0,1,0.0455,0.0,0.0455,0,0.7727,0.2273,0.8636,17,19,22,0.0,0.0,0.0,0.1364,0.0,0.6667,0.3333,1.0,0,0,0.7143,7,5,0.5652,0.1,0.0455,0.8636,0.0455,0.3182,0.0,0.0,0.7143,0.0,0.0,0.0,0.6365,0.0,return_outer,obstacle,0.7908,8.014528
1606,86.0,49.4212,1,6.0,1.0,43,20640,43,138.4286,0.8445,139.273,0.6143,1.6279,0.1395,1,0,1,0.0233,0.0,0.0233,0,0.7674,0.2326,0.8372,33,36,43,0.1689,0.1689,1.3089,0.1628,0.1429,0.4286,0.4286,0.8571,0,0,0.6842,19,13,0.5873,0.1,0.1395,0.8605,0.093,0.4419,0.0,0.0,0.6842,0.0,0.0,0.0,1.0042,0.0,completed,,0.7905,9.408757
1607,4.2519,2.0741,0,1.0,0.1667,15,7200,70,150.0,0.0,150.0,1.0,0.7778,0.0667,0,0,0,0.0000,0.0,0.0000,0,0.8667,0.1333,0.9333,13,14,15,0.0,0.0,0.0,0.0667,0.0,0.0,1.0,1.0,0,0,0.75,4,3,0.5335,0.1,0.0667,0.8,0.0667,0.2667,0.0,0.0,0.75,0.0,0.0,0.0,-0.0,0.0,enter_inner,obstacle,0.7902,8.465679
1608,86.0,51.5233,1,6.0,1.0,37,17760,37,135.8571,0.7914,136.6486,0.5286,1.8919,0.1622,0,0,0,0.0000,0.0,0.0000,0,0.8378,0.1622,0.8649,31,32,37,0.1583,0.1583,1.2267,0.1351,0.2,0.4,0.4,0.8,0,0,0.875,8,7,0.5392,0.1,0.0811,0.7568,0.027,0.2162,0.0,0.0,0.875,0.0,0.0,0.0,1.0549,0.0,completed,,0.79,8.450844
1609,14.854,7.2459,0,2.0,0.3333,15,7200,70,150.0,0.0,150.0,1.0,1.5556,0.1333,1,0,1,0.0667,0.0,0.0667,0,0.8,0.2,0.8667,12,13,15,0.0,0.0,0.0,0.1333,0.0,1.0,0.0,1.0,0,0,1.0,4,4,0.5429,0.1,0.0667,0.7333,0.0667,0.2667,0.0,0.0,1.0,0.0,0.0,0.0,-0.0,0.0,inner_patrol,obstacle,0.7897,8.56977
1610,4.7927,2.3379,0,1.0,0.1667,14,6720,70,150.0,0.0,150.0,1.0,0.8333,0.0714,1,0,1,0.0714,0.0,0.0714,0,0.8571,0.1429,0.9286,12,13,14,0.0,0.0,0.0,0.0714,0.0,1.0,0.0,1.0,0,0,1.0,1,1,0.4908,0.1,0.0,0.7857,0.0,0.0714,0.0,0.0,1.0,0.0,0.0,0.0,-0.0,0.0,enter_inner,obstacle,0.7894,7.770555
1611,3.4397,1.6779,0,1.0,0.1667,16,7680,70,150.0,0.0,150.0,1.0,0.7292,0.0625,1,0,1,0.0625,0.0,0.0625,0,0.875,0.125,0.9375,14,15,16,0.0,0.0,0.0,0.0625,0.0,1.0,0.0,1.0,0,0,0.4,5,2,0.5131,0.1,0.0625,0.6875,0.0,0.3125,0.0,0.0,0.4,0.0,0.0,0.0,-0.0,0.0,enter_inner,obstacle,0.7891,8.40473
1612,86.0,50.3509,1,6.0,1.0,41,19680,41,137.5714,0.7687,138.3401,0.5857,1.7073,0.1463,1,0,1,0.0244,0.0,0.0244,0,0.8049,0.1951,0.8537,33,35,41,0.1537,0.1537,1.1914,0.1463,0.1667,0.3333,0.5,0.8333,0,0,0.7273,11,8,0.5495,0.1,0.122,0.8293,0.0244,0.2683,0.0,0.0,0.7273,0.0,0.0,0.0,1.0114,0.0,completed,,0.7889,7.893173
1613,86.0,50.2352,1,6.0,1.0,39,18720,39,136.7143,0.806,137.5203,0.5571,1.7949,0.1538,0,0,0,0.0000,0.0,0.0000,0,0.7949,0.2051,0.8718,31,34,39,0.1612,0.1612,1.2493,0.1282,0.2,0.2,0.6,0.8,0,0,0.9,10,9,0.5369,0.1,0.0769,0.8462,0.0,0.2564,0.0,0.0,0.9,0.0,0.0,0.0,0.9503,0.0,completed,,0.7886,9.197613
1614,86.0,49.0382,1,6.0,1.0,43,20640,43,138.4286,1.3555,139.784,0.6143,1.6279,0.1395,1,0,1,0.0233,0.0,0.0233,0,0.7442,0.2558,0.8372,32,36,43,0.2711,0.2711,2.101,0.1628,0.2857,0.0,0.7143,0.7143,0,0,0.6,10,6,0.5662,0.1,0.093,0.8372,0.0465,0.2326,0.0,0.0,0.6,0.0,0.0,0.0,0.5983,0.0,completed,,0.7883,9.388107
1615,86.0,47.1147,1,6.0,1.0,42,20160,42,138.0,2.089,140.089,0.6,1.6667,0.1429,0,0,0,0.0000,0.0,0.0000,0,0.7143,0.2857,0.8095,30,34,42,0.4178,0.4178,3.238,0.1905,0.375,0.625,0.0,0.625,0,0,0.8824,17,15,0.5607,0.1,0.0952,0.7619,0.0,0.4048,0.0,0.0,0.8824,0.0,0.0,0.0,0.6616,0.0,completed,,0.7881,10.573191
1616,2.1066,1.0276,0,1.0,0.1667,16,7680,70,150.0,0.6826,150.6826,1.0,0.7292,0.0625,1,0,1,0.0625,0.0,0.0625,0,0.875,0.125,0.875,14,14,16,0.6826,0.6826,1.058,0.125,0.5,0.5,0.0,0.5,0,0,0.6667,6,4,0.5507,0.1,0.0625,0.8125,0.0625,0.375,0.0,0.0,0.6667,0.0,0.0,0.0,0.6931,0.0,enter_inner,obstacle,0.7878,11.147257
1617,56.2621,27.4449,0,5.0,0.8333,46,22080,70,150.0,1.7473,151.7473,1.0,1.2681,0.1087,1,0,1,0.0217,0.0,0.0217,0,0.6957,0.3043,0.8261,32,38,46,0.3495,0.3495,2.7084,0.1739,0.25,0.125,0.625,0.75,0,0,0.7857,14,11,0.563,0.1,0.1087,0.6957,0.0435,0.3043,0.0,0.0,0.7857,0.0,0.0,0.0,0.9003,0.0,final_park,wall,0.7875,13.0173
1618,28.2677,13.7891,0,3.0,0.5,24,11520,70,150.0,0.6358,150.6358,1.0,1.4583,0.125,1,0,1,0.0417,0.0,0.0417,0,0.8333,0.1667,0.875,20,21,24,0.2119,0.2119,0.9855,0.125,0.3333,0.0,0.6667,0.6667,0,0,0.6,5,3,0.5475,0.1,0.1667,0.6667,0.0,0.2083,0.0,0.0,0.6,0.0,0.0,0.0,0.6365,0.0,return_outer,obstacle,0.7873,12.292332
1619,86.0,46.25,1,6.0,1.0,45,21600,45,139.2857,2.9644,142.2502,0.6429,1.5556,0.1333,1,0,1,0.0222,0.0,0.0222,0,0.6889,0.3111,0.8222,31,37,45,0.5929,0.5929,4.5949,0.1778,0.5,0.0,0.5,0.5,0,0,0.8667,15,13,0.5576,0.1,0.0889,0.8667,0.0,0.3333,0.0,0.0,0.8667,0.0,0.0,0.0,0.6931,0.0,completed,,0.787,10.907227
1620,86.0,48.62,1,6.0,1.0,43,20640,43,138.4286,0.8861,139.3147,0.6143,1.6279,0.1395,0,0,0,0.0000,0.0,0.0000,0,0.7674,0.2326,0.8837,33,38,43,0.1772,0.1772,1.3735,0.1163,0.2,0.6,0.2,0.8,0,0,0.6667,12,8,0.5447,0.1,0.0698,0.7907,0.0,0.2791,0.0,0.0,0.6667,0.0,0.0,0.0,0.9503,0.0,completed,,0.7867,9.848949
1621,86.0,51.9957,1,6.0,1.0,37,17760,37,135.8571,0.0,135.8571,0.5286,1.8919,0.1622,1,0,1,0.0270,0.0,0.0270,0,0.8378,0.1622,0.8649,31,32,37,0.0,0.0,0.0,0.1351,0.0,0.2,0.8,1.0,0,0,0.75,8,6,0.5344,0.1,0.0541,0.8108,0.0,0.2162,0.0,0.0,0.75,0.0,0.0,0.0,0.5004,0.0,completed,,0.7865,9.685936
1622,86.0,46.2077,1,6.0,1.0,45,21600,45,139.2857,2.529,141.8148,0.6429,1.5556,0.1333,1,0,1,0.0222,0.0,0.0222,0,0.7333,0.2667,0.8444,33,38,45,0.5058,0.5058,3.92,0.1556,0.4286,0.2857,0.2857,0.5714,0,0,0.7143,14,10,0.554,0.1,0.0889,0.7556,0.0444,0.3111,0.0,0.0,0.7143,0.0,0.0,0.0,1.079,0.0,completed,,0.7862,9.78104
1623,4.1159,2.0077,0,1.0,0.1667,15,7200,70,150.0,0.0,150.0,1.0,0.7778,0.0667,1,0,1,0.0667,0.0,0.0667,0,0.8667,0.1333,0.9333,13,14,15,0.0,0.0,0.0,0.0667,0.0,1.0,0.0,1.0,0,0,0.6667,6,4,0.5253,0.1,0.0667,0.5333,0.0,0.4,0.0,0.0,0.6667,0.0,0.0,0.0,-0.0,0.0,enter_inner,obstacle,0.7859,9.123337
1624,19.3526,9.4403,0,2.0,0.3333,18,8640,70,150.0,0.0,150.0,1.0,1.2963,0.1111,1,0,1,0.0556,0.0,0.0556,0,0.8333,0.1667,0.8889,15,16,18,0.0,0.0,0.0,0.1111,0.0,0.5,0.5,1.0,0,0,0.7143,7,5,0.5284,0.1,0.0556,0.9444,0.0,0.3889,0.0,0.0,0.7143,0.0,0.0,0.0,0.6931,0.0,inner_patrol,obstacle,0.7856,9.091079
1625,5.6328,2.7477,0,1.0,0.1667,13,6240,70,150.0,0.0,150.0,1.0,0.8974,0.0769,1,0,1,0.0769,0.0,0.0769,0,0.9231,0.0769,0.9231,12,12,13,0.0,0.0,0.0,0.0769,0.0,1.0,0.0,1.0,0,0,0.5,2,1,0.5223,0.1,0.0769,0.4615,0.0,0.1538,0.0,0.0,0.5,0.0,0.0,0.0,-0.0,0.0,enter_inner,obstacle,0.7854,9.266619
1626,-10.0,-7.13,0,0.0,0.0,5,2400,70,150.0,0.0,150.0,1.0,0.0,0.0,1,0,1,0.2000,0.0,0.2000,0,0.8,0.2,1.0,4,5,5,0.0,0.0,0.0,0.0,0.0,0.0,0.0,0.0,0,0,0.0,0,0,0.4861,0.1,0.0,0.4,0.0,0.0,0.0,0.0,0.0,0.0,0.0,0.0,0.0,0.0,outer_patrol_a,road_edge,0.7851,9.026331
1627,86.0,48.0364,1,6.0,1.0,43,20640,43,138.4286,1.6927,140.1212,0.6143,1.6279,0.1395,1,0,1,0.0233,0.0,0.0233,0,0.7442,0.2558,0.8605,32,37,43,0.3385,0.3385,2.6236,0.1395,0.3333,0.3333,0.3333,0.6667,0,0,0.8462,13,11,0.5457,0.1,0.093,0.8372,0.0233,0.3023,0.0,0.0,0.8462,0.0,0.0,0.0,1.0986,0.0,completed,,0.7848,10.151296
1628,14.7156,7.1783,0,2.0,0.3333,16,7680,70,150.0,0.0,150.0,1.0,1.4583,0.125,1,0,1,0.0625,0.0,0.0625,0,0.75,0.25,0.875,12,14,16,0.0,0.0,0.0,0.125,0.0,0.5,0.5,1.0,0,0,1.0,2,2,0.5128,0.1,0.0625,0.75,0.0625,0.125,0.0,0.0,1.0,0.0,0.0,0.0,0.6931,0.0,inner_patrol,obstacle,0.7846,11.022706
1629,14.7998,7.2194,0,2.0,0.3333,15,7200,70,150.0,0.0,150.0,1.0,1.5556,0.1333,1,0,1,0.0667,0.0,0.0667,0,0.6667,0.3333,0.8667,10,13,15,0.0,0.0,0.0,0.1333,0.0,0.0,1.0,1.0,0,0,0.75,4,3,0.5351,0.1,0.0667,0.9333,0.0667,0.2667,0.0,0.0,0.75,0.0,0.0,0.0,-0.0,0.0,inner_patrol,obstacle,0.7843,11.441568
1630,4.0892,1.9947,0,1.0,0.1667,15,7200,70,150.0,0.0,150.0,1.0,0.7778,0.0667,0,0,0,0.0000,0.0,0.0000,0,0.8,0.2,0.9333,12,14,15,0.0,0.0,0.0,0.0667,0.0,0.0,1.0,1.0,0,0,0.75,4,3,0.4933,0.1,0.0,0.9333,0.0,0.2667,0.0,0.0,0.75,0.0,0.0,0.0,-0.0,0.0,enter_inner,obstacle,0.784,11.784665
1631,-2.8085,-1.37,0,0.0,0.0,9,4320,70,150.0,0.0,150.0,1.0,0.0,0.0,1,0,1,0.1111,0.0,0.1111,0,1.0,0.0,1.0,9,9,9,0.0,0.0,0.0,0.0,0.0,0.0,0.0,0.0,0,0,0.8,5,4,0.5271,0.1,0.0,0.7778,0.0,0.5556,0.0,0.0,0.8,0.0,0.0,0.0,0.0,0.0,outer_patrol_a,road_edge,0.7838,11.861265
1632,15.0962,7.364,0,2.0,0.3333,22,10560,70,150.0,1.4638,151.4638,1.0,1.0606,0.0909,1,0,1,0.0455,0.0,0.0455,0,0.7273,0.2727,0.8636,16,19,22,0.7319,0.7319,2.2688,0.1364,0.6667,0.3333,0.0,0.3333,0,0,1.0,3,3,0.5478,0.1,0.0909,0.6364,0.0455,0.1364,0.0,0.0,1.0,0.0,0.0,0.0,0.6365,0.0,inner_patrol,obstacle,0.7835,11.328072
1633,22.4951,10.9732,0,3.0,0.5,30,14400,70,150.0,1.7466,151.7466,1.0,1.1667,0.1,1,0,1,0.0333,0.0,0.0333,0,0.7667,0.2333,0.8333,23,25,30,0.5822,0.5822,2.7072,0.1667,0.4,0.2,0.4,0.6,0,0,0.4615,13,6,0.6215,0.1,0.2333,0.8333,0.1667,0.4333,0.0,0.0,0.4615,0.0,0.0,0.0,1.0549,0.0,return_outer,obstacle,0.7832,11.652524
1634,26.2018,12.7814,0,3.0,0.5,25,12000,70,150.0,0.89,150.89,1.0,1.4,0.12,0,0,0,0.0000,0.0,0.0000,0,0.76,0.24,0.88,19,22,25,0.2967,0.2967,1.3795,0.16,0.25,0.25,0.5,0.75,0,0,0.6667,6,4,0.5683,0.1,0.12,0.8,0.04,0.24,0.0,0.0,0.6667,0.0,0.0,0.0,1.0397,0.0,return_outer,obstacle,0.7829,12.598725
1635,86.0,43.7371,1,6.0,1.0,47,22560,47,140.1429,3.8263,143.9691,0.6714,1.4894,0.1277,1,0,1,0.0213,0.0,0.0213,0,0.7021,0.2979,0.8298,33,39,47,0.7653,0.7653,5.9307,0.1702,0.625,0.25,0.125,0.375,0,0,0.7778,9,7,0.5434,0.1,0.0638,0.8723,0.0213,0.1915,0.0,0.0,0.7778,0.0,0.0,0.0,0.9003,0.0,completed,,0.7827,12.516408
1636,86.0,48.9618,1,6.0,1.0,38,18240,38,136.2857,1.7958,138.0815,0.5429,1.8421,0.1579,0,0,0,0.0000,0.0,0.0000,0,0.7895,0.2105,0.8421,30,32,38,0.3592,0.3592,2.7835,0.1579,0.3333,0.6667,0.0,0.6667,0,0,0.9167,12,11,0.5631,0.1,0.1316,0.8421,0.0263,0.3158,0.0,0.0,0.9167,0.0,0.0,0.0,0.6365,0.0,completed,,0.7824,10.467943
1637,86.0,49.9591,1,6.0,1.0,40,19200,40,137.1429,0.8592,138.002,0.5714,1.75,0.15,1,0,1,0.0250,0.0,0.0250,0,0.775,0.225,0.85,31,34,40,0.1718,0.1718,1.3317,0.15,0.1667,0.1667,0.6667,0.8333,0,0,0.8182,11,9,0.5488,0.1,0.075,0.825,0.0,0.275,0.0,0.0,0.8182,0.0,0.0,0.0,0.8676,0.0,completed,,0.7821,8.512467
1638,58.5047,28.5389,0,5.0,0.8333,43,20640,70,150.0,1.5533,151.5533,1.0,1.3566,0.1163,1,0,1,0.0233,0.0,0.0233,0,0.7674,0.2326,0.8372,33,36,43,0.3107,0.3107,2.4076,0.1628,0.2857,0.1429,0.5714,0.7143,0,0,0.4444,9,4,0.5504,0.1,0.1395,0.6977,0.0,0.2093,0.0,0.0,0.4444,0.0,0.0,0.0,0.9557,0.0,final_park,wall,0.7819,9.43557
1639,86.0,48.5944,1,6.0,1.0,46,22080,46,139.7143,0.6994,140.4137,0.6571,1.5217,0.1304,1,0,1,0.0217,0.0,0.0217,0,0.7391,0.2609,0.8478,34,39,46,0.1399,0.1399,1.0841,0.1522,0.1429,0.2857,0.5714,0.8571,0,0,0.5625,16,9,0.5524,0.1,0.087,0.8478,0.0435,0.3478,0.0,0.0,0.5625,0.0,0.0,0.0,0.9557,0.0,completed,,0.7816,9.579107
1640,86.0,45.1533,1,6.0,1.0,48,23040,48,140.5714,2.6853,143.2567,0.6857,1.4583,0.125,1,0,1,0.0208,0.0,0.0208,0,0.7292,0.2708,0.8542,35,41,48,0.5371,0.5371,4.1622,0.1458,0.5714,0.1429,0.2857,0.4286,0,0,0.7143,14,10,0.5484,0.1,0.0833,0.7917,0.0417,0.2917,0.0,0.0,0.7143,0.0,0.0,0.0,0.9557,0.0,completed,,0.7813,9.963261
1641,47.7092,23.2728,0,4.0,0.6667,44,21120,70,150.0,0.8322,150.8322,1.0,1.0606,0.0909,1,0,1,0.0227,0.0,0.0227,0,0.6364,0.3636,0.8636,28,38,44,0.2081,0.2081,1.29,0.1364,0.1667,0.0,0.8333,0.8333,0,0,0.6,15,9,0.5599,0.1,0.0909,0.7273,0.0455,0.3409,0.0,0.0,0.6,0.0,0.0,0.0,0.4506,0.0,outer_patrol_b,road_edge,0.7811,9.54074
1642,14.1756,6.9149,0,2.0,0.3333,16,7680,70,150.0,0.0,150.0,1.0,1.4583,0.125,0,0,0,0.0000,0.0,0.0000,0,0.8125,0.1875,0.875,13,14,16,0.0,0.0,0.0,0.125,0.0,1.0,0.0,1.0,0,0,0.6667,6,4,0.514,0.1,0.0625,0.625,0.0,0.375,0.0,0.0,0.6667,0.0,0.0,0.0,-0.0,0.0,inner_patrol,obstacle,0.7808,9.593159
1643,24.5398,11.9706,0,3.0,0.5,28,13440,70,150.0,0.6276,150.6276,1.0,1.25,0.1071,0,0,0,0.0000,0.0,0.0000,0,0.6786,0.3214,0.8571,19,24,28,0.2092,0.2092,0.9728,0.1429,0.25,0.5,0.25,0.75,0,0,0.7143,14,10,0.5632,0.1,0.1071,0.8214,0.0357,0.5,0.0,0.0,0.7143,0.0,0.0,0.0,1.0397,0.0,return_outer,obstacle,0.7805,8.46617
1644,86.0,48.8954,1,6.0,1.0,40,19200,40,137.1429,1.6481,138.791,0.5714,1.75,0.15,1,0,1,0.0250,0.0,0.0250,0,0.775,0.225,0.85,31,34,40,0.3296,0.3296,2.5546,0.15,0.3333,0.3333,0.3333,0.6667,0,0,0.8571,14,12,0.556,0.1,0.1,0.775,0.05,0.35,0.0,0.0,0.8571,0.0,0.0,0.0,1.0986,0.0,completed,,0.7803,7.558265
1645,15.6924,7.6548,0,2.0,0.3333,14,6720,70,150.0,0.0,150.0,1.0,1.6667,0.1429,0,0,0,0.0000,0.0,0.0000,0,0.8571,0.1429,0.8571,12,12,14,0.0,0.0,0.0,0.1429,0.0,1.0,0.0,1.0,0,0,1.0,1,1,0.5343,0.1,0.0714,0.4286,0.0714,0.0714,0.0,0.0,1.0,0.0,0.0,0.0,-0.0,0.0,inner_patrol,obstacle,0.78,7.775904
1646,86.0,48.4797,1,6.0,1.0,39,18720,39,136.7143,2.3564,139.0707,0.5571,1.7949,0.1538,0,0,0,0.0000,0.0,0.0000,0,0.8205,0.1795,0.8462,32,33,39,0.4713,0.4713,3.6525,0.1538,0.5,0.3333,0.1667,0.5,0,0,0.9286,14,13,0.5419,0.1,0.1026,0.7692,0.0,0.359,0.0,0.0,0.9286,0.0,0.0,0.0,1.0114,0.0,completed,,0.7797,9.979663
1647,86.0,49.4807,1,6.0,1.0,40,19200,40,137.1429,0.7531,137.896,0.5714,1.75,0.15,0,0,0,0.0000,0.0,0.0000,0,0.7,0.3,0.85,28,34,40,0.1506,0.1506,1.1673,0.15,0.1667,0.5,0.3333,0.8333,0,0,1.0,8,8,0.5582,0.1,0.05,0.775,0.025,0.2,0.0,0.0,1.0,0.0,0.0,0.0,1.0114,0.0,completed,,0.7794,8.716309
1648,25.5194,12.4485,0,3.0,0.5,26,12480,70,150.0,0.8843,150.8843,1.0,1.3462,0.1154,0,0,0,0.0000,0.0,0.0000,0,0.7308,0.2692,0.8846,19,23,26,0.2948,0.2948,1.3707,0.1538,0.25,0.0,0.75,0.75,0,0,0.6667,6,4,0.5493,0.1,0.1154,0.6923,0.0,0.2308,0.0,0.0,0.6667,0.0,0.0,0.0,0.5623,0.0,return_outer,obstacle,0.7792,8.792314
1649,86.0,47.6128,1,6.0,1.0,41,19680,41,137.5714,3.0614,140.6329,0.5857,1.7073,0.1463,0,0,0,0.0000,0.0,0.0000,0,0.7317,0.2683,0.7805,30,32,41,0.6123,0.6123,4.7452,0.2195,0.4444,0.2222,0.3333,0.5556,0,0,0.8182,11,9,0.5623,0.1,0.0976,0.8293,0.0244,0.2683,0.0,0.0,0.8182,0.0,0.0,0.0,1.0609,0.0,completed,,0.7789,9.166325
1650,23.2278,11.3306,0,3.0,0.5,33,15840,70,150.0,0.8684,150.8684,1.0,1.0606,0.0909,1,0,1,0.0303,0.0,0.0303,0,0.7576,0.2424,0.8182,25,27,33,0.2895,0.2895,1.346,0.1515,0.2,0.2,0.6,0.8,0,0,0.3529,17,6,0.6227,0.1,0.3333,0.9394,0.1818,0.5152,0.0,0.0,0.3529,0.0,0.0,0.0,0.9503,0.0,return_outer,red_light,0.7786,10.119294
1651,86.0,50.5728,1,6.0,1.0,39,18720,39,136.7143,0.6984,137.4127,0.5571,1.7949,0.1538,1,0,1,0.0256,0.0,0.0256,0,0.7949,0.2051,0.8205,31,32,39,0.1397,0.1397,1.0825,0.1795,0.1429,0.5714,0.2857,0.8571,0,0,0.75,12,9,0.5599,0.1,0.0769,0.7949,0.0513,0.3077,0.0,0.0,0.75,0.0,0.0,0.0,0.9557,0.0,completed,,0.7784,10.232782
1652,2.598,1.2673,0,1.0,0.1667,17,8160,70,150.0,0.0,150.0,1.0,0.6863,0.0588,0,0,0,0.0000,0.0,0.0000,0,0.8235,0.1765,0.9412,14,16,17,0.0,0.0,0.0,0.0588,0.0,1.0,0.0,1.0,0,0,0.6,5,3,0.5106,0.1,0.0588,0.7647,0.0,0.2941,0.0,0.0,0.6,0.0,0.0,0.0,-0.0,0.0,enter_inner,obstacle,0.7781,9.30137
1653,3.2501,1.5854,0,1.0,0.1667,16,7680,70,150.0,0.0,150.0,1.0,0.7292,0.0625,1,0,1,0.0625,0.0,0.0625,0,0.75,0.25,0.9375,12,15,16,0.0,0.0,0.0,0.0625,0.0,0.0,1.0,1.0,0,0,0.75,4,3,0.5386,0.1,0.0625,0.875,0.0625,0.25,0.0,0.0,0.75,0.0,0.0,0.0,-0.0,0.0,enter_inner,obstacle,0.7778,8.319552
1654,5.5831,2.7235,0,1.0,0.1667,14,6720,70,150.0,0.0,150.0,1.0,0.8333,0.0714,1,0,1,0.0714,0.0,0.0714,0,0.8571,0.1429,0.9286,12,13,14,0.0,0.0,0.0,0.0714,0.0,0.0,1.0,1.0,0,0,0.6667,3,2,0.5281,0.1,0.0714,0.6429,0.0,0.2143,0.0,0.0,0.6667,0.0,0.0,0.0,-0.0,0.0,enter_inner,obstacle,0.7776,8.26667
1655,49.8417,24.313,0,5.0,0.8333,47,22560,70,150.0,3.2736,153.2736,1.0,1.2411,0.1064,1,0,1,0.0213,0.0,0.0213,0,0.7021,0.2979,0.8298,33,39,47,0.6547,0.6547,5.074,0.1489,0.5714,0.2857,0.1429,0.4286,0,0,0.6364,11,7,0.547,0.1,0.0851,0.8085,0.0213,0.234,0.0,0.0,0.6364,0.0,0.0,0.0,0.9557,0.0,final_park,wall,0.7773,7.337841
1656,61.1704,29.8392,0,5.0,0.8333,38,18240,70,150.0,0.8973,150.8973,1.0,1.5351,0.1316,0,0,0,0.0000,0.0,0.0000,0,0.7368,0.2632,0.8421,28,32,38,0.1795,0.1795,1.3908,0.1579,0.1667,0.5,0.3333,0.8333,0,0,0.75,8,6,0.5325,0.1,0.1053,0.7632,0.0,0.2105,0.0,0.0,0.75,0.0,0.0,0.0,1.0114,0.0,final_park,wall,0.777,8.434024
1657,86.0,50.6349,1,6.0,1.0,40,19200,40,137.1429,0.7598,137.9027,0.5714,1.75,0.15,1,0,1,0.0250,0.0,0.0250,0,0.775,0.225,0.875,31,35,40,0.152,0.152,1.1777,0.15,0.1667,0.1667,0.6667,0.8333,0,0,0.7273,11,8,0.5504,0.1,0.05,0.725,0.025,0.275,0.0,0.0,0.7273,0.0,0.0,0.0,0.8676,0.0,completed,,0.7767,8.712896
1658,86.0,44.8932,1,6.0,1.0,50,24000,50,141.4286,2.8929,144.3215,0.7143,1.4,0.12,0,0,0,0.0000,0.0,0.0000,0,0.76,0.24,0.86,38,43,50,0.5786,0.5786,4.4841,0.14,0.5714,0.1429,0.2857,0.4286,0,0,0.6471,17,11,0.5725,0.1,0.14,0.8,0.06,0.34,0.0,0.0,0.6471,0.0,0.0,0.0,0.9557,0.0,completed,,0.7765,10.320395
1659,49.6566,24.2227,0,4.0,0.6667,35,16800,70,150.0,2.0731,152.0731,1.0,1.3333,0.1143,0,0,0,0.0000,0.0,0.0000,0,0.8,0.2,0.8286,28,29,35,0.5183,0.5183,3.2133,0.1714,0.5,0.1667,0.3333,0.5,0,0,0.8,10,8,0.565,0.1,0.0857,0.8,0.0571,0.2857,0.0,0.0,0.8,0.0,0.0,0.0,1.0114,0.0,outer_patrol_b,road_edge,0.7762,8.75979
1660,1.5932,0.7772,0,1.0,0.1667,18,8640,70,150.0,0.0,150.0,1.0,0.6481,0.0556,1,0,1,0.0556,0.0,0.0556,0,0.7222,0.2778,0.9444,13,17,18,0.0,0.0,0.0,0.0556,0.0,1.0,0.0,1.0,0,0,0.0,3,0,0.5252,0.1,0.0556,0.5556,0.0556,0.1667,0.0,0.0,0.0,0.0,0.0,0.0,-0.0,0.0,enter_inner,obstacle,0.7759,9.11433
1661,38.7131,18.8844,0,4.0,0.6667,27,12960,70,150.0,0.6457,150.6457,1.0,1.7284,0.1481,0,0,0,0.0000,0.0,0.0000,0,0.7407,0.2593,0.8148,20,22,27,0.1614,0.1614,1.0009,0.1852,0.2,0.2,0.6,0.8,0,0,0.625,8,5,0.58,0.1,0.1111,0.8148,0.0741,0.2963,0.0,0.0,0.625,0.0,0.0,0.0,0.9503,0.0,outer_patrol_b,road_edge,0.7757,9.557894
1662,3.1102,1.5172,0,1.0,0.1667,16,7680,70,150.0,0.0,150.0,1.0,0.7292,0.0625,0,0,0,0.0000,0.0,0.0000,0,0.75,0.25,0.9375,12,15,16,0.0,0.0,0.0,0.0625,0.0,1.0,0.0,1.0,0,0,0.8333,6,5,0.5297,0.1,0.0625,0.75,0.0,0.375,0.0,0.0,0.8333,0.0,0.0,0.0,-0.0,0.0,enter_inner,obstacle,0.7754,8.557323
1663,86.0,49.3071,1,6.0,1.0,43,20640,43,138.4286,0.7219,139.1505,0.6143,1.6279,0.1395,0,0,0,0.0000,0.0,0.0000,0,0.7442,0.2558,0.8837,32,38,43,0.1444,0.1444,1.119,0.1163,0.2,0.0,0.8,0.8,0,0,0.7692,13,10,0.5438,0.1,0.0465,0.8605,0.0,0.3023,0.0,0.0,0.7692,0.0,0.0,0.0,0.5004,0.0,completed,,0.7751,8.770053
1664,3.5542,1.7338,0,1.0,0.1667,17,8160,70,150.0,0.0,150.0,1.0,0.6863,0.0588,1,0,1,0.0588,0.0,0.0588,0,0.8824,0.1176,0.9412,15,16,17,0.0,0.0,0.0,0.0588,0.0,0.0,1.0,1.0,0,0,0.6,5,3,0.5263,0.1,0.0588,0.5882,0.0,0.2941,0.0,0.0,0.6,0.0,0.0,0.0,-0.0,0.0,enter_inner,obstacle,0.7749,9.00224
1665,86.0,50.2178,1,6.0,1.0,42,20160,42,138.0,0.7888,138.7888,0.6,1.6667,0.1429,0,0,0,0.0000,0.0,0.0000,0,0.7619,0.2381,0.8333,32,35,42,0.1578,0.1578,1.2227,0.1667,0.1429,0.2857,0.5714,0.8571,0,0,0.4545,11,5,0.5561,0.1,0.0476,0.7381,0.0476,0.2619,0.0,0.0,0.4545,0.0,0.0,0.0,0.9557,0.0,completed,,0.7746,9.885057
1666,86.0,44.0385,1,6.0,1.0,48,23040,48,140.5714,3.7048,144.2762,0.6857,1.4583,0.125,1,0,1,0.0208,0.0,0.0208,0,0.6875,0.3125,0.8333,33,40,48,0.741,0.741,5.7424,0.1667,0.625,0.0,0.375,0.375,0,0,0.8667,15,13,0.5501,0.1,0.125,0.8125,0.0208,0.3125,0.0,0.0,0.8667,0.0,0.0,0.0,0.6616,0.0,completed,,0.7743,10.942913
1667,10.382,5.0644,0,2.0,0.3333,19,9120,70,150.0,0.8333,150.8333,1.0,1.2281,0.1053,0,0,0,0.0000,0.0,0.0000,0,0.6316,0.3684,0.8421,12,16,19,0.4167,0.4167,1.2916,0.1579,0.3333,0.3333,0.3333,0.6667,0,0,0.8571,7,6,0.551,0.1,0.1053,0.7368,0.0526,0.3684,0.0,0.0,0.8571,0.0,0.0,0.0,1.0986,0.0,inner_patrol,obstacle,0.7741,11.098508
1668,86.0,49.1276,1,6.0,1.0,41,19680,41,137.5714,1.4403,139.0117,0.5857,1.7073,0.1463,1,0,1,0.0244,0.0,0.0244,0,0.8049,0.1951,0.8537,33,35,41,0.2881,0.2881,2.2324,0.1463,0.3333,0.3333,0.3333,0.6667,0,0,0.5556,9,5,0.5496,0.1,0.0732,0.8049,0.0244,0.2195,0.0,0.0,0.5556,0.0,0.0,0.0,1.0986,0.0,completed,,0.7738,12.056108
1669,31.3775,15.3061,0,4.0,0.6667,32,15360,70,150.0,0.6697,150.6697,1.0,1.4583,0.125,0,0,0,0.0000,0.0,0.0000,0,0.6875,0.3125,0.875,22,28,32,0.1674,0.1674,1.038,0.1562,0.2,0.6,0.2,0.8,0,0,0.625,8,5,0.5633,0.1,0.1562,0.8125,0.0312,0.25,0.0,0.0,0.625,0.0,0.0,0.0,0.9503,0.0,outer_patrol_b,road_edge,0.7735,11.675841
1670,37.2127,18.1525,0,4.0,0.6667,26,12480,70,150.0,0.7216,150.7216,1.0,1.7949,0.1538,1,0,1,0.0385,0.0,0.0385,0,0.7692,0.2308,0.8077,20,21,26,0.1804,0.1804,1.1184,0.1923,0.2,0.4,0.4,0.8,0,0,0.75,8,6,0.55,0.1,0.1538,0.8077,0.0,0.3077,0.0,0.0,0.75,0.0,0.0,0.0,1.0549,0.0,outer_patrol_b,road_edge,0.7732,9.794474
1671,86.0,48.5372,1,6.0,1.0,44,21120,44,138.8571,1.5237,140.3808,0.6286,1.5909,0.1364,1,0,1,0.0227,0.0,0.0227,0,0.75,0.25,0.8409,33,37,44,0.3047,0.3047,2.3617,0.1591,0.2857,0.1429,0.5714,0.7143,0,0,0.75,16,12,0.562,0.1,0.1591,0.75,0.0227,0.3636,0.0,0.0,0.75,0.0,0.0,0.0,0.9557,0.0,completed,,0.773,8.512917
1672,28.2903,13.8001,0,3.0,0.5,23,11040,70,150.0,0.6967,150.6967,1.0,1.5217,0.1304,0,0,0,0.0000,0.0,0.0000,0,0.8696,0.1304,0.8696,20,20,23,0.2322,0.2322,1.0799,0.1304,0.3333,0.3333,0.3333,0.6667,0,0,0.8,5,4,0.5446,0.1,0.087,0.7826,0.0,0.2174,0.0,0.0,0.8,0.0,0.0,0.0,1.0986,0.0,return_outer,obstacle,0.7727,7.888796
1673,86.0,46.5513,1,6.0,1.0,44,21120,44,138.8571,1.5927,140.4498,0.6286,1.5909,0.1364,0,0,0,0.0000,0.0,0.0000,0,0.6591,0.3409,0.8636,29,38,44,0.3185,0.3185,2.4687,0.1364,0.3333,0.3333,0.3333,0.6667,0,0,0.7273,11,8,0.5424,0.1,0.0909,0.6591,0.0,0.25,0.0,0.0,0.7273,0.0,0.0,0.0,1.0986,0.0,completed,,0.7724,7.527632
1674,64.9698,31.6926,0,5.0,0.8333,41,19680,70,150.0,0.0,150.0,1.0,1.4228,0.122,1,0,1,0.0244,0.0,0.0244,0,0.7561,0.2439,0.8293,31,34,41,0.0,0.0,0.0,0.1707,0.0,0.0,1.0,1.0,0,0,0.5,12,6,0.5685,0.1,0.1951,0.7805,0.0244,0.2927,0.0,0.0,0.5,0.0,0.0,0.0,-0.0,0.0,final_park,wall,0.7722,7.752936
1675,86.0,52.0963,1,6.0,1.0,35,16800,35,135.0,0.6412,135.6412,0.5,2.0,0.1714,0,0,0,0.0000,0.0,0.0000,0,0.8286,0.1714,0.8571,29,30,35,0.1282,0.1282,0.9939,0.1429,0.2,0.2,0.6,0.8,0,0,1.0,8,8,0.5489,0.1,0.1143,0.6286,0.0,0.2286,0.0,0.0,1.0,0.0,0.0,0.0,0.9503,0.0,completed,,0.7719,9.355434
1676,86.0,48.9156,1,6.0,1.0,45,21600,45,139.2857,0.6107,139.8964,0.6429,1.5556,0.1333,1,0,1,0.0222,0.0,0.0222,0,0.7111,0.2889,0.8444,32,38,45,0.1221,0.1221,0.9465,0.1556,0.1429,0.4286,0.4286,0.8571,0,0,0.6667,9,6,0.5376,0.1,0.0889,0.8222,0.0222,0.2,0.0,0.0,0.6667,0.0,0.0,0.0,1.0042,0.0,completed,,0.7716,11.523413
1677,1.0802,0.5269,0,1.0,0.1667,19,9120,70,150.0,0.0,150.0,1.0,0.614,0.0526,0,0,0,0.0000,0.0,0.0000,0,0.7895,0.2105,0.9474,15,18,19,0.0,0.0,0.0,0.0526,0.0,1.0,0.0,1.0,0,0,0.3333,6,2,0.5163,0.1,0.0526,0.6842,0.0,0.3158,0.0,0.0,0.3333,0.0,0.0,0.0,-0.0,0.0,enter_inner,obstacle,0.7714,11.878829
1678,17.1179,8.3502,0,2.0,0.3333,18,8640,70,150.0,0.6648,150.6648,1.0,1.2963,0.1111,1,0,1,0.0556,0.0,0.0556,0,0.7778,0.2222,0.8333,14,15,18,0.3324,0.3324,1.0305,0.1667,0.3333,0.6667,0.0,0.6667,0,0,0.8333,6,5,0.5588,0.1,0.0556,0.8889,0.0556,0.3333,0.0,0.0,0.8333,0.0,0.0,0.0,0.6365,0.0,inner_patrol,obstacle,0.7711,11.747196
1679,86.0,50.353,1,6.0,1.0,38,18240,38,136.2857,0.8327,137.1184,0.5429,1.8421,0.1579,1,0,1,0.0263,0.0,0.0263,0,0.8158,0.1842,0.8684,31,33,38,0.1665,0.1665,1.2907,0.1316,0.2,0.6,0.2,0.8,0,0,0.8571,7,6,0.5324,0.1,0.0263,0.7895,0.0,0.1842,0.0,0.0,0.8571,0.0,0.0,0.0,0.9503,0.0,completed,,0.7708,12.053745
1680,16.3982,7.9991,0,2.0,0.3333,14,6720,70,150.0,0.0,150.0,1.0,1.6667,0.1429,0,0,0,0.0000,0.0,0.0000,0,0.8571,0.1429,0.8571,12,12,14,0.0,0.0,0.0,0.1429,0.0,0.5,0.5,1.0,0,0,0.8,5,4,0.5342,0.1,0.0714,0.7143,0.0,0.3571,0.0,0.0,0.8,0.0,0.0,0.0,0.6931,0.0,inner_patrol,obstacle,0.7705,11.75119
1681,27.129,13.2336,0,3.0,0.5,25,12000,70,150.0,0.8277,150.8277,1.0,1.4,0.12,1,0,1,0.0400,0.0,0.0400,0,0.76,0.24,0.8,19,20,25,0.2759,0.2759,1.283,0.2,0.2,0.2,0.6,0.8,0,0,0.5,6,3,0.5754,0.1,0.16,0.84,0.12,0.24,0.0,0.0,0.5,0.0,0.0,0.0,0.9503,0.0,return_outer,obstacle,0.7703,12.334053
1682,86.0,48.4955,1,6.0,1.0,39,18720,39,136.7143,2.2915,139.0058,0.5571,1.7949,0.1538,0,0,0,0.0000,0.0,0.0000,0,0.7949,0.2051,0.8205,31,32,39,0.4583,0.4583,3.5519,0.1795,0.4286,0.4286,0.1429,0.5714,0,0,0.8889,9,8,0.541,0.1,0.0769,0.8205,0.0,0.2308,0.0,0.0,0.8889,0.0,0.0,0.0,1.0042,0.0,completed,,0.77,11.944202
1683,5.631,2.7468,0,1.0,0.1667,13,6240,70,150.0,0.0,150.0,1.0,0.8974,0.0769,1,0,1,0.0769,0.0,0.0769,0,0.9231,0.0769,0.9231,12,12,13,0.0,0.0,0.0,0.0769,0.0,1.0,0.0,1.0,0,0,0.5,2,1,0.4972,0.1,0.0769,0.6154,0.0,0.1538,0.0,0.0,0.5,0.0,0.0,0.0,-0.0,0.0,enter_inner,obstacle,0.7697,10.897788
1684,-4.1615,-2.03,0,0.0,0.0,11,5280,70,150.0,0.0,150.0,1.0,0.0,0.0,1,0,1,0.0909,0.0,0.0909,0,1.0,0.0,1.0,11,11,11,0.0,0.0,0.0,0.0,0.0,0.0,0.0,0.0,0,0,0.5,2,1,0.512,0.1,0.0,0.5455,0.0,0.1818,0.0,0.0,0.5,0.0,0.0,0.0,0.0,0.0,outer_patrol_a,road_edge,0.7695,10.901483
1685,45.5041,22.1971,0,4.0,0.6667,27,12960,70,150.0,0.0,150.0,1.0,1.7284,0.1481,0,0,0,0.0000,0.0,0.0000,0,0.7778,0.2222,0.8519,21,23,27,0.0,0.0,0.0,0.1481,0.0,1.0,0.0,1.0,0,0,1.0,4,4,0.5367,0.1,0.037,0.7778,0.0,0.1481,0.0,0.0,1.0,0.0,0.0,0.0,-0.0,0.0,outer_patrol_b,road_edge,0.7692,8.42495
1686,2.2689,1.1068,0,1.0,0.1667,17,8160,70,150.0,0.0,150.0,1.0,0.6863,0.0588,1,0,1,0.0588,0.0,0.0588,0,0.7059,0.2941,0.9412,12,16,17,0.0,0.0,0.0,0.0588,0.0,1.0,0.0,1.0,0,0,1.0,2,2,0.4986,0.1,0.0,0.8235,0.0,0.1176,0.0,0.0,1.0,0.0,0.0,0.0,-0.0,0.0,enter_inner,obstacle,0.7689,8.094715
1687,86.0,44.7214,1,6.0,1.0,49,23520,49,141.0,3.2791,144.2791,0.7,1.4286,0.1224,0,0,0,0.0000,0.0,0.0000,0,0.6939,0.3061,0.8163,34,40,49,0.6558,0.6558,5.0826,0.1837,0.4444,0.2222,0.3333,0.5556,0,0,0.5294,17,9,0.6011,0.1,0.2041,0.8163,0.1224,0.3469,0.0,0.0,0.5294,0.0,0.0,0.0,1.0609,0.0,completed,,0.7687,9.809266
1688,28.8304,14.0636,0,3.0,0.5,25,12000,70,150.0,0.0,150.0,1.0,1.4,0.12,1,0,1,0.0400,0.0,0.0400,0,0.72,0.28,0.88,18,22,25,0.0,0.0,0.0,0.12,0.0,0.0,1.0,1.0,0,0,0.75,4,3,0.5436,0.1,0.04,0.8,0.04,0.16,0.0,0.0,0.75,0.0,0.0,0.0,-0.0,0.0,return_outer,obstacle,0.7684,11.069398
1689,86.0,52.0939,1,6.0,1.0,37,17760,37,135.8571,0.0,135.8571,0.5286,1.8919,0.1622,0,0,0,0.0000,0.0,0.0000,0,0.7838,0.2162,0.8378,29,31,37,0.0,0.0,0.0,0.1622,0.0,0.5,0.5,1.0,0,0,0.8571,14,12,0.5717,0.1,0.1622,0.7568,0.0541,0.3784,0.0,0.0,0.8571,0.0,0.0,0.0,0.6931,0.0,completed,,0.7681,10.87184
1690,86.0,50.6813,1,6.0,1.0,40,19200,40,137.1429,0.8145,137.9573,0.5714,1.75,0.15,1,0,1,0.0250,0.0,0.0250,0,0.775,0.225,0.85,31,34,40,0.1629,0.1629,1.2625,0.15,0.1667,0.0,0.8333,0.8333,0,0,0.8333,12,10,0.5542,0.1,0.1,0.725,0.0,0.3,0.0,0.0,0.8333,0.0,0.0,0.0,0.4506,0.0,completed,,0.7679,9.609497
1691,0.6835,0.3334,0,1.0,0.1667,17,8160,70,150.0,0.8129,150.8129,1.0,0.6863,0.0588,0,0,0,0.0000,0.0,0.0000,0,0.7647,0.2353,0.8824,13,15,17,0.8129,0.8129,1.2599,0.1176,0.5,0.5,0.0,0.5,0,0,0.5,4,2,0.5393,0.1,0.1176,0.6471,0.0588,0.2353,0.0,0.0,0.5,0.0,0.0,0.0,0.6931,0.0,enter_inner,obstacle,0.7676,9.571932
1692,-10.0,-9.93,0,0.0,0.0,1,480,70,150.0,0.0,150.0,1.0,0.0,0.0,1,0,1,1.0000,0.0,1.0000,0,1.0,0.0,1.0,1,1,1,0.0,0.0,0.0,0.0,0.0,0.0,0.0,0.0,0,0,0.0,0,0,0.4137,0.1,0.0,0.0,0.0,0.0,0.0,0.0,0.0,0.0,0.0,0.0,0.0,0.0,outer_patrol_a,road_edge,0.7673,9.571932
1693,3.4168,1.6667,0,1.0,0.1667,16,7680,70,150.0,0.0,150.0,1.0,0.7292,0.0625,1,0,1,0.0625,0.0,0.0625,0,0.8125,0.1875,0.9375,13,15,16,0.0,0.0,0.0,0.0625,0.0,0.0,1.0,1.0,0,0,0.0,2,0,0.5313,0.1,0.0625,0.6875,0.0625,0.125,0.0,0.0,0.0,0.0,0.0,0.0,-0.0,0.0,enter_inner,obstacle,0.767,8.670771
1694,-9.389,-4.58,0,0.0,0.0,10,4800,70,150.0,0.0,150.0,1.0,0.0,0.0,0,0,0,0.0000,0.0,0.0000,0,0.9,0.1,1.0,9,10,10,0.0,0.0,0.0,0.0,0.0,0.0,0.0,0.0,0,0,0.6667,6,4,0.5374,0.1,0.0,0.7,0.0,0.6,0.0,0.0,0.6667,0.0,0.0,0.0,0.0,0.0,outer_patrol_a,road_edge,0.7668,8.503705
1695,38.5189,18.7897,0,4.0,0.6667,27,12960,70,150.0,0.0,150.0,1.0,1.7284,0.1481,1,0,1,0.0370,0.0,0.0370,0,0.6667,0.3333,0.8148,18,22,27,0.0,0.0,0.0,0.1852,0.0,0.2,0.8,1.0,0,0,0.8,5,4,0.5507,0.1,0.0741,0.8148,0.037,0.1852,0.0,0.0,0.8,0.0,0.0,0.0,0.5004,0.0,outer_patrol_b,road_edge,0.7665,8.710941
1696,4.2575,2.0768,0,1.0,0.1667,15,7200,70,150.0,0.0,150.0,1.0,0.7778,0.0667,1,0,1,0.0667,0.0,0.0667,0,0.8667,0.1333,0.9333,13,14,15,0.0,0.0,0.0,0.0667,0.0,0.0,1.0,1.0,0,0,0.75,4,3,0.5146,0.1,0.0,0.6,0.0,0.2667,0.0,0.0,0.75,0.0,0.0,0.0,-0.0,0.0,enter_inner,obstacle,0.7662,7.642604
1697,30.4641,14.8605,0,3.0,0.5,22,10560,70,150.0,0.0,150.0,1.0,1.5909,0.1364,0,0,0,0.0000,0.0,0.0000,0,0.8636,0.1364,0.8636,19,19,22,0.0,0.0,0.0,0.1364,0.0,0.0,1.0,1.0,0,0,0.6667,3,2,0.5376,0.1,0.0909,0.6818,0.0,0.1364,0.0,0.0,0.6667,0.0,0.0,0.0,-0.0,0.0,return_outer,obstacle,0.766,7.841423
1698,86.0,49.7543,1,6.0,1.0,42,20160,42,138.0,1.4166,139.4166,0.6,1.6667,0.1429,1,0,1,0.0238,0.0,0.0238,0,0.7857,0.2143,0.8095,33,34,42,0.2833,0.2833,2.1958,0.1905,0.25,0.125,0.625,0.75,0,0,0.7222,18,13,0.5822,0.1,0.1429,0.8571,0.0714,0.4286,0.0,0.0,0.7222,0.0,0.0,0.0,0.9003,0.0,completed,,0.7657,6.730344
1699,19.1827,9.3574,0,2.0,0.3333,27,12960,70,150.0,2.3065,152.3065,1.0,0.8642,0.0741,1,0,1,0.0370,0.0,0.0370,0,0.7407,0.2593,0.8519,20,23,27,1.1533,1.1533,3.5751,0.1481,0.75,0.0,0.25,0.25,0,0,0.75,8,6,0.5495,0.1,0.1481,0.7407,0.0,0.2963,0.0,0.0,0.75,0.0,0.0,0.0,0.5623,0.0,inner_patrol,obstacle,0.7654,8.036597
1700,24.4185,11.9115,0,2.0,0.3333,19,9120,70,150.0,0.0,150.0,1.0,1.2281,0.1053,0,0,0,0.0000,0.0,0.0000,0,0.8421,0.1579,0.8947,16,17,19,0.0,0.0,0.0,0.1053,0.0,0.5,0.5,1.0,0,0,1.0,4,4,0.5284,0.1,0.0526,0.6316,0.0,0.2105,0.0,0.0,1.0,0.0,0.0,0.0,0.6931,0.0,inner_patrol,obstacle,0.7652,8.631885
1701,64.2057,31.3199,0,5.0,0.8333,37,17760,70,150.0,0.8143,150.8143,1.0,1.5766,0.1351,1,0,1,0.0270,0.0,0.0270,0,0.8108,0.1892,0.8649,30,32,37,0.1629,0.1629,1.2621,0.1351,0.2,0.2,0.6,0.8,0,0,0.9,10,9,0.5303,0.1,0.0811,0.6757,0.0,0.2703,0.0,0.0,0.9,0.0,0.0,0.0,0.9503,0.0,final_park,wall,0.7649,12.170506
1702,29.0608,14.176,0,3.0,0.5,24,11520,70,150.0,0.0,150.0,1.0,1.4583,0.125,1,0,1,0.0417,0.0,0.0417,0,0.8333,0.1667,0.875,20,21,24,0.0,0.0,0.0,0.125,0.0,0.6667,0.3333,1.0,0,0,0.5556,9,5,0.5755,0.1,0.1667,0.7917,0.0833,0.375,0.0,0.0,0.5556,0.0,0.0,0.0,0.6365,0.0,return_outer,obstacle,0.7646,13.107722
1703,9.5209,4.6443,0,2.0,0.3333,19,9120,70,150.0,1.5968,151.5968,1.0,1.2281,0.1053,1,0,1,0.0526,0.0,0.0526,0,0.8421,0.1579,0.8421,16,16,19,0.7984,0.7984,2.4751,0.1579,0.6667,0.3333,0.0,0.3333,0,0,0.7,10,7,0.6069,0.1,0.3158,0.8421,0.1053,0.5263,0.0,0.0,0.7,0.0,0.0,0.0,0.6365,0.0,inner_patrol,obstacle,0.7643,11.185759
1704,35.4225,17.2793,0,4.0,0.6667,28,13440,70,150.0,0.6591,150.6591,1.0,1.6667,0.1429,0,0,0,0.0000,0.0,0.0000,0,0.6786,0.3214,0.8214,19,23,28,0.1648,0.1648,1.0217,0.1786,0.2,0.6,0.2,0.8,0,0,0.8889,9,8,0.5553,0.1,0.1071,0.7857,0.0357,0.3214,0.0,0.0,0.8889,0.0,0.0,0.0,0.9503,0.0,outer_patrol_b,road_edge,0.7641,10.84452
1705,0.1439,0.0702,0,1.0,0.1667,19,9120,70,150.0,0.8396,150.8396,1.0,0.614,0.0526,1,0,1,0.0526,0.0,0.0526,0,0.8421,0.1579,0.8421,16,16,19,0.8396,0.8396,1.3014,0.1053,0.5,0.0,0.5,0.5,0,0,0.0,5,0,0.5551,0.1,0.1053,0.6842,0.0526,0.2632,0.0,0.0,0.0,0.0,0.0,0.0,0.6931,0.0,enter_inner,red_light,0.7638,8.61546
1706,40.1012,19.5616,0,4.0,0.6667,24,11520,70,150.0,0.0,150.0,1.0,1.9444,0.1667,0,0,0,0.0000,0.0,0.0000,0,0.75,0.25,0.7917,18,19,24,0.0,0.0,0.0,0.2083,0.0,0.6,0.4,1.0,0,0,0.8333,6,5,0.5734,0.1,0.125,0.9167,0.125,0.25,0.0,0.0,0.8333,0.0,0.0,0.0,0.673,0.0,outer_patrol_b,road_edge,0.7635,8.952091
1707,86.0,50.2581,1,6.0,1.0,39,18720,39,136.7143,0.6657,137.38,0.5571,1.7949,0.1538,1,0,1,0.0256,0.0,0.0256,0,0.7692,0.2308,0.8462,30,33,39,0.1331,0.1331,1.0319,0.1538,0.1667,0.5,0.3333,0.8333,0,0,0.9167,12,11,0.5499,0.1,0.1026,0.8974,0.0256,0.3077,0.0,0.0,0.9167,0.0,0.0,0.0,1.0114,0.0,completed,,0.7633,9.901995
1708,86.0,45.8692,1,6.0,1.0,51,24480,51,141.8571,0.6823,142.5395,0.7286,1.3725,0.1176,1,0,1,0.0196,0.0,0.0196,0,0.7059,0.2941,0.8824,36,45,51,0.1365,0.1365,1.0576,0.1176,0.1667,0.3333,0.5,0.8333,0,0,0.7333,15,11,0.566,0.1,0.1176,0.6275,0.0392,0.2941,0.0,0.0,0.7333,0.0,0.0,0.0,1.0114,0.0,completed,,0.763,10.318109
1709,86.0,50.1595,1,6.0,1.0,39,18720,39,136.7143,1.6668,138.3811,0.5571,1.7949,0.1538,1,0,1,0.0256,0.0,0.0256,0,0.7949,0.2051,0.8205,31,32,39,0.3334,0.3334,2.5835,0.1795,0.2857,0.0,0.7143,0.7143,0,0,0.8889,18,16,0.5686,0.1,0.1026,0.7692,0.0513,0.4615,0.0,0.0,0.8889,0.0,0.0,0.0,0.5983,0.0,completed,,0.7627,11.796579
1710,-7.872,-3.84,0,0.0,0.0,8,3840,70,150.0,0.0,150.0,1.0,0.0,0.0,1,0,1,0.1250,0.0,0.1250,0,1.0,0.0,1.0,8,8,8,0.0,0.0,0.0,0.0,0.0,0.0,0.0,0.0,0,0,0.6667,3,2,0.5151,0.1,0.0,0.625,0.0,0.375,0.0,0.0,0.6667,0.0,0.0,0.0,0.0,0.0,outer_patrol_a,road_edge,0.7625,10.965037
1711,30.0782,14.6723,0,3.0,0.5,24,11520,70,150.0,0.0,150.0,1.0,1.4583,0.125,1,0,1,0.0417,0.0,0.0417,0,0.7917,0.2083,0.8333,19,20,24,0.0,0.0,0.0,0.1667,0.0,0.25,0.75,1.0,0,0,0.7143,7,5,0.5675,0.1,0.0833,0.7917,0.0417,0.2917,0.0,0.0,0.7143,0.0,0.0,0.0,0.5623,0.0,return_outer,obstacle,0.7622,9.947071
1712,2.255,1.1,0,0.0,0.0,14,6720,70,150.0,0.0,150.0,1.0,0.0,0.0,1,0,1,0.0714,0.0,0.0714,0,0.9286,0.0714,1.0,13,14,14,0.0,0.0,0.0,0.0,0.0,0.0,0.0,0.0,0,0,1.0,2,2,0.5006,0.1,0.0,0.7143,0.0,0.1429,0.0,0.0,1.0,0.0,0.0,0.0,0.0,0.0,outer_patrol_a,road_edge,0.7619,9.334332
1713,37.4935,18.2895,0,4.0,0.6667,24,11520,70,150.0,0.8624,150.8624,1.0,1.9444,0.1667,0,0,0,0.0000,0.0,0.0000,0,0.7917,0.2083,0.8333,19,20,24,0.2156,0.2156,1.3368,0.1667,0.25,0.5,0.25,0.75,0,0,0.75,4,3,0.536,0.1,0.0,0.75,0.0,0.1667,0.0,0.0,0.75,0.0,0.0,0.0,1.0397,0.0,outer_patrol_b,road_edge,0.7617,8.805952
1714,59.648,29.0966,0,5.0,0.8333,41,19680,70,150.0,0.6804,150.6804,1.0,1.4228,0.122,1,0,1,0.0244,0.0,0.0244,0,0.7317,0.2683,0.8537,30,35,41,0.1361,0.1361,1.0546,0.1463,0.1667,0.3333,0.5,0.8333,0,0,0.6667,12,8,0.5483,0.1,0.122,0.878,0.0,0.2927,0.0,0.0,0.6667,0.0,0.0,0.0,1.0114,0.0,final_park,wall,0.7614,8.882152
1715,39.55,19.2927,0,4.0,0.6667,26,12480,70,150.0,0.0,150.0,1.0,1.7949,0.1538,1,0,1,0.0385,0.0,0.0385,0,0.8077,0.1923,0.8462,21,22,26,0.0,0.0,0.0,0.1538,0.0,0.25,0.75,1.0,0,0,0.8,5,4,0.5427,0.1,0.1154,0.7692,0.0,0.1923,0.0,0.0,0.8,0.0,0.0,0.0,0.5623,0.0,outer_patrol_b,road_edge,0.7611,8.559578
1716,21.0326,10.2598,0,3.0,0.5,29,13920,70,150.0,2.435,152.435,1.0,1.2069,0.1034,1,0,1,0.0345,0.0,0.0345,0,0.6897,0.3103,0.7931,20,23,29,0.8117,0.8117,3.7742,0.2069,0.5,0.1667,0.3333,0.5,0,0,0.6667,12,8,0.5837,0.1,0.1724,0.8966,0.0345,0.4138,0.0,0.0,0.6667,0.0,0.0,0.0,1.0114,0.0,return_outer,obstacle,0.7608,9.428808
1717,4.1128,2.0062,0,1.0,0.1667,15,7200,70,150.0,0.0,150.0,1.0,0.7778,0.0667,1,0,1,0.0667,0.0,0.0667,0,0.8667,0.1333,0.9333,13,14,15,0.0,0.0,0.0,0.0667,0.0,1.0,0.0,1.0,0,0,0.6667,3,2,0.5275,0.1,0.0667,0.8,0.0667,0.2,0.0,0.0,0.6667,0.0,0.0,0.0,-0.0,0.0,enter_inner,obstacle,0.7606,9.302455
1718,12.6941,6.1922,0,2.0,0.3333,16,7680,70,150.0,0.6751,150.6751,1.0,1.4583,0.125,0,0,0,0.0000,0.0,0.0000,0,0.75,0.25,0.8125,12,13,16,0.3375,0.3375,1.0464,0.1875,0.3333,0.6667,0.0,0.6667,0,0,0.8333,6,5,0.5434,0.1,0.1875,0.8125,0.0,0.375,0.0,0.0,0.8333,0.0,0.0,0.0,0.6365,0.0,inner_patrol,obstacle,0.7603,9.557289
1719,86.0,47.5555,1,6.0,1.0,42,20160,42,138.0,2.2779,140.2779,0.6,1.6667,0.1429,0,0,0,0.0000,0.0,0.0000,0,0.7381,0.2619,0.8333,31,35,42,0.4556,0.4556,3.5307,0.1667,0.4286,0.2857,0.2857,0.5714,0,0,1.0,8,8,0.5415,0.1,0.0952,0.7381,0.0,0.1905,0.0,0.0,1.0,0.0,0.0,0.0,1.079,0.0,completed,,0.76,10.801805
1720,4.9357,2.4076,0,1.0,0.1667,14,6720,70,150.0,0.0,150.0,1.0,0.8333,0.0714,0,0,0,0.0000,0.0,0.0000,0,0.8571,0.1429,0.9286,12,13,14,0.0,0.0,0.0,0.0714,0.0,0.0,1.0,1.0,0,0,0.6667,3,2,0.5069,0.1,0.0714,0.5,0.0,0.2143,0.0,0.0,0.6667,0.0,0.0,0.0,-0.0,0.0,enter_inner,obstacle,0.7598,10.709773
1721,21.4953,10.4855,0,2.0,0.3333,20,9600,70,150.0,0.0,150.0,1.0,1.1667,0.1,0,0,0,0.0000,0.0,0.0000,0,0.75,0.25,0.85,15,17,20,0.0,0.0,0.0,0.15,0.0,0.3333,0.6667,1.0,0,0,0.75,4,3,0.5506,0.1,0.1,0.65,0.05,0.2,0.0,0.0,0.75,0.0,0.0,0.0,0.6365,0.0,inner_patrol,obstacle,0.7595,9.774603
1722,86.0,49.7269,1,6.0,1.0,40,19200,40,137.1429,0.8551,137.998,0.5714,1.75,0.15,1,0,1,0.0250,0.0,0.0250,0,0.8,0.2,0.875,32,35,40,0.171,0.171,1.3254,0.125,0.2,0.6,0.2,0.8,0,0,0.8889,9,8,0.5398,0.1,0.05,0.7,0.025,0.225,0.0,0.0,0.8889,0.0,0.0,0.0,0.9503,0.0,completed,,0.7592,10.990549
1723,55.5568,27.1009,0,5.0,0.8333,42,20160,70,150.0,2.3468,152.3468,1.0,1.3889,0.119,1,0,1,0.0238,0.0,0.0238,0,0.7619,0.2381,0.8571,32,36,42,0.4694,0.4694,3.6375,0.1429,0.5,0.3333,0.1667,0.5,0,0,0.75,12,9,0.5536,0.1,0.0952,0.7381,0.0238,0.2857,0.0,0.0,0.75,0.0,0.0,0.0,1.0114,0.0,final_park,wall,0.759,12.41639
1724,57.0143,27.8119,0,5.0,0.8333,44,21120,70,150.0,1.4491,151.4491,1.0,1.3258,0.1136,0,0,0,0.0000,0.0,0.0000,0,0.7727,0.2273,0.8636,34,38,44,0.2898,0.2898,2.2461,0.1364,0.3333,0.3333,0.3333,0.6667,0,0,0.6667,15,10,0.549,0.1,0.0909,0.7727,0.0,0.3409,0.0,0.0,0.6667,0.0,0.0,0.0,1.0986,0.0,final_park,wall,0.7587,12.508178
1725,86.0,50.8133,1,6.0,1.0,44,21120,44,138.8571,0.0,138.8571,0.6286,1.5909,0.1364,1,0,1,0.0227,0.0,0.0227,0,0.75,0.25,0.8409,33,37,44,0.0,0.0,0.0,0.1591,0.0,0.2857,0.7143,1.0,0,0,0.3333,9,3,0.5663,0.1,0.1136,0.7273,0.0682,0.2045,0.0,0.0,0.3333,0.0,0.0,0.0,0.5983,0.0,completed,,0.7584,10.097932
1726,86.0,47.8396,1,6.0,1.0,44,21120,44,138.8571,1.5344,140.3916,0.6286,1.5909,0.1364,1,0,1,0.0227,0.0,0.0227,0,0.7955,0.2045,0.8636,35,38,44,0.3069,0.3069,2.3784,0.1364,0.3333,0.3333,0.3333,0.6667,0,0,0.7857,14,11,0.5517,0.1,0.0682,0.7273,0.0227,0.3182,0.0,0.0,0.7857,0.0,0.0,0.0,1.0986,0.0,completed,,0.7581,9.092288
1727,86.0,50.7591,1,6.0,1.0,38,18240,38,136.2857,0.616,136.9017,0.5429,1.8421,0.1579,1,0,1,0.0263,0.0,0.0263,0,0.8421,0.1579,0.8684,32,33,38,0.1232,0.1232,0.9548,0.1316,0.2,0.4,0.4,0.8,0,0,0.9,10,9,0.5583,0.1,0.0526,0.8158,0.0263,0.2632,0.0,0.0,0.9,0.0,0.0,0.0,1.0549,0.0,completed,,0.7579,7.908008
1728,86.0,50.1682,1,6.0,1.0,39,18720,39,136.7143,1.5442,138.2585,0.5571,1.7949,0.1538,1,0,1,0.0256,0.0,0.0256,0,0.8205,0.1795,0.8462,32,33,39,0.3088,0.3088,2.3936,0.1538,0.3333,0.0,0.6667,0.6667,0,0,0.8333,12,10,0.5462,0.1,0.0769,0.8205,0.0256,0.3077,0.0,0.0,0.8333,0.0,0.0,0.0,0.6365,0.0,completed,,0.7576,8.176961
1729,86.0,50.3612,1,6.0,1.0,38,18240,38,136.2857,1.4585,137.7443,0.5429,1.8421,0.1579,1,0,1,0.0263,0.0,0.0263,0,0.7895,0.2105,0.8421,30,32,38,0.2917,0.2917,2.2607,0.1579,0.3333,0.0,0.6667,0.6667,0,0,1.0,9,9,0.5444,0.1,0.0789,0.8158,0.0263,0.2368,0.0,0.0,1.0,0.0,0.0,0.0,0.6365,0.0,completed,,0.7573,9.212362
1730,14.8461,7.242,0,2.0,0.3333,15,7200,70,150.0,0.0,150.0,1.0,1.5556,0.1333,0,0,0,0.0000,0.0,0.0000,0,0.8,0.2,0.8667,12,13,15,0.0,0.0,0.0,0.1333,0.0,1.0,0.0,1.0,0,0,1.0,3,3,0.5212,0.1,0.0667,0.7333,0.0667,0.2,0.0,0.0,1.0,0.0,0.0,0.0,-0.0,0.0,inner_patrol,obstacle,0.7571,10.557841
1731,37.3958,18.2419,0,4.0,0.6667,24,11520,70,150.0,0.893,150.893,1.0,1.9444,0.1667,1,0,1,0.0417,0.0,0.0417,0,0.75,0.25,0.8333,18,20,24,0.2232,0.2232,1.3841,0.1667,0.25,0.5,0.25,0.75,0,0,1.0,9,9,0.5585,0.1,0.0417,0.9167,0.0417,0.375,0.0,0.0,1.0,0.0,0.0,0.0,1.0397,0.0,outer_patrol_b,road_edge,0.7568,11.705146
1732,86.0,50.0872,1,6.0,1.0,42,20160,42,138.0,0.6975,138.6975,0.6,1.6667,0.1429,1,0,1,0.0238,0.0,0.0238,0,0.7857,0.2143,0.8571,33,36,42,0.1395,0.1395,1.0811,0.1429,0.1667,0.1667,0.6667,0.8333,0,0,0.6364,11,7,0.5435,0.1,0.0476,0.8333,0.0,0.2619,0.0,0.0,0.6364,0.0,0.0,0.0,0.8676,0.0,completed,,0.7565,11.605788
1733,42.7822,20.8694,0,4.0,0.6667,33,15840,70,150.0,0.7913,150.7913,1.0,1.4141,0.1212,1,0,1,0.0303,0.0,0.0303,0,0.8182,0.1818,0.8788,27,29,33,0.1978,0.1978,1.2266,0.1212,0.25,0.5,0.25,0.75,0,0,0.6667,18,12,0.5652,0.1,0.0909,0.7879,0.0,0.5455,0.0,0.0,0.6667,0.0,0.0,0.0,1.0397,0.0,outer_patrol_b,road_edge,0.7563,9.642823
1734,-10.0,-7.79,0,0.0,0.0,3,1440,70,150.0,0.0,150.0,1.0,0.0,0.0,1,0,1,0.3333,0.0,0.3333,0,1.0,0.0,1.0,3,3,3,0.0,0.0,0.0,0.0,0.0,0.0,0.0,0.0,0,0,1.0,2,2,0.531,0.1,0.0,1.0,0.0,0.6667,0.0,0.0,1.0,0.0,0.0,0.0,0.0,0.0,outer_patrol_a,road_edge,0.756,9.642823
1735,36.4893,17.7997,0,4.0,0.6667,27,12960,70,150.0,0.7087,150.7087,1.0,1.7284,0.1481,0,0,0,0.0000,0.0,0.0000,0,0.7037,0.2963,0.8148,19,22,27,0.1772,0.1772,1.0984,0.1852,0.2,0.4,0.4,0.8,0,0,0.8333,6,5,0.5577,0.1,0.0741,0.7778,0.037,0.2222,0.0,0.0,0.8333,0.0,0.0,0.0,1.0549,0.0,outer_patrol_b,road_edge,0.7557,7.705758
1736,2.4311,1.1859,0,1.0,0.1667,17,8160,70,150.0,0.0,150.0,1.0,0.6863,0.0588,1,0,1,0.0588,0.0,0.0588,0,0.7647,0.2353,0.9412,13,16,17,0.0,0.0,0.0,0.0588,0.0,1.0,0.0,1.0,0,0,0.0,2,0,0.5063,0.1,0.0588,0.5294,0.0,0.1176,0.0,0.0,0.0,0.0,0.0,0.0,-0.0,0.0,enter_inner,obstacle,0.7555,7.133977
1737,86.0,47.6478,1,6.0,1.0,42,20160,42,138.0,2.3778,140.3778,0.6,1.6667,0.1429,1,0,1,0.0238,0.0,0.0238,0,0.8095,0.1905,0.8333,34,35,42,0.4756,0.4756,3.6856,0.1667,0.4286,0.4286,0.1429,0.5714,0,0,0.7647,17,13,0.566,0.1,0.119,0.8571,0.0238,0.4048,0.0,0.0,0.7647,0.0,0.0,0.0,1.0042,0.0,completed,,0.7552,8.084841
1738,-10.0,-8.86,0,0.0,0.0,2,960,70,150.0,0.0,150.0,1.0,0.0,0.0,1,0,1,0.5000,0.0,0.5000,0,1.0,0.0,1.0,2,2,2,0.0,0.0,0.0,0.0,0.0,0.0,0.0,0.0,0,0,1.0,1,1,0.5054,0.1,0.0,0.5,0.0,0.5,0.0,0.0,1.0,0.0,0.0,0.0,0.0,0.0,outer_patrol_a,road_edge,0.7549,8.084841
1739,86.0,51.9891,1,6.0,1.0,37,17760,37,135.8571,0.7123,136.5695,0.5286,1.8919,0.1622,0,0,0,0.0000,0.0,0.0000,0,0.8378,0.1622,0.8649,31,32,37,0.1425,0.1425,1.1041,0.1351,0.2,0.0,0.8,0.8,0,0,0.9167,12,11,0.5422,0.1,0.0811,0.8378,0.027,0.3243,0.0,0.0,0.9167,0.0,0.0,0.0,0.5004,0.0,completed,,0.7546,11.090445
1740,29.1868,14.2374,0,3.0,0.5,23,11040,70,150.0,0.0,150.0,1.0,1.5217,0.1304,1,0,1,0.0435,0.0,0.0435,0,0.8261,0.1739,0.8696,19,20,23,0.0,0.0,0.0,0.1304,0.0,1.0,0.0,1.0,0,0,0.5,6,3,0.5573,0.1,0.1304,0.8261,0.0435,0.2609,0.0,0.0,0.5,0.0,0.0,0.0,-0.0,0.0,return_outer,obstacle,0.7544,11.272955
1741,5.1012,2.4884,0,1.0,0.1667,14,6720,70,150.0,0.0,150.0,1.0,0.8333,0.0714,1,0,1,0.0714,0.0,0.0714,0,0.9286,0.0714,0.9286,13,13,14,0.0,0.0,0.0,0.0714,0.0,0.0,1.0,1.0,0,0,0.3333,3,1,0.5359,0.1,0.0714,0.6429,0.0714,0.2143,0.0,0.0,0.3333,0.0,0.0,0.0,-0.0,0.0,enter_inner,obstacle,0.7541,11.458206
1742,86.0,48.4744,1,6.0,1.0,42,20160,42,138.0,1.4939,139.4939,0.6,1.6667,0.1429,0,0,0,0.0000,0.0,0.0000,0,0.7857,0.2143,0.8571,33,36,42,0.2988,0.2988,2.3156,0.1429,0.3333,0.3333,0.3333,0.6667,0,0,0.8,10,8,0.5405,0.1,0.119,0.7381,0.0238,0.2381,0.0,0.0,0.8,0.0,0.0,0.0,1.0986,0.0,completed,,0.7538,10.205796
1743,86.0,48.5486,1,6.0,1.0,42,20160,42,138.0,1.6014,139.6014,0.6,1.6667,0.1429,1,0,1,0.0238,0.0,0.0238,0,0.8095,0.1905,0.8571,34,36,42,0.3203,0.3203,2.4821,0.1429,0.3333,0.1667,0.5,0.6667,0,0,0.7143,14,10,0.559,0.1,0.0714,0.7619,0.0238,0.3333,0.0,0.0,0.7143,0.0,0.0,0.0,1.0114,0.0,completed,,0.7536,12.728938
1744,86.0,49.0983,1,6.0,1.0,41,19680,41,137.5714,1.463,139.0345,0.5857,1.7073,0.1463,0,0,0,0.0000,0.0,0.0000,0,0.7561,0.2439,0.8537,31,35,41,0.2926,0.2926,2.2677,0.1463,0.3333,0.3333,0.3333,0.6667,0,0,0.9091,11,10,0.5432,0.1,0.0976,0.7561,0.0,0.2683,0.0,0.0,0.9091,0.0,0.0,0.0,1.0986,0.0,completed,,0.7533,12.383015
1745,1.063,0.5186,0,1.0,0.1667,19,9120,70,150.0,0.0,150.0,1.0,0.614,0.0526,1,0,1,0.0526,0.0,0.0526,0,0.7368,0.2632,0.9474,14,18,19,0.0,0.0,0.0,0.0526,0.0,0.0,1.0,1.0,0,0,0.1667,6,1,0.5313,0.1,0.0526,0.6316,0.0526,0.3158,0.0,0.0,0.1667,0.0,0.0,0.0,-0.0,0.0,enter_inner,obstacle,0.753,12.746952
1746,86.0,46.4466,1,6.0,1.0,47,22560,47,140.1429,2.0807,142.2236,0.6714,1.4894,0.1277,1,0,1,0.0213,0.0,0.0213,0,0.7234,0.2766,0.8511,34,40,47,0.4161,0.4161,3.2251,0.1489,0.4286,0.2857,0.2857,0.5714,0,0,0.7059,17,12,0.5617,0.1,0.1702,0.7872,0.0213,0.3617,0.0,0.0,0.7059,0.0,0.0,0.0,1.079,0.0,completed,,0.7528,11.198276
1747,86.0,52.0613,1,6.0,1.0,37,17760,37,135.8571,0.0,135.8571,0.5286,1.8919,0.1622,1,0,1,0.0270,0.0,0.0270,0,0.8108,0.1892,0.8649,30,32,37,0.0,0.0,0.0,0.1351,0.0,0.4,0.6,1.0,0,0,0.7778,9,7,0.5355,0.1,0.1081,0.8378,0.0,0.2432,0.0,0.0,0.7778,0.0,0.0,0.0,0.673,0.0,completed,,0.7525,10.919763
1748,4.1116,2.0057,0,1.0,0.1667,15,7200,70,150.0,0.0,150.0,1.0,0.7778,0.0667,0,0,0,0.0000,0.0,0.0000,0,0.8667,0.1333,0.9333,13,14,15,0.0,0.0,0.0,0.0667,0.0,1.0,0.0,1.0,0,0,0.7143,7,5,0.5345,0.1,0.0667,0.8667,0.0,0.4667,0.0,0.0,0.7143,0.0,0.0,0.0,-0.0,0.0,enter_inner,obstacle,0.7522,10.233145
1749,86.0,44.6943,1,6.0,1.0,48,23040,48,140.5714,3.0138,143.5852,0.6857,1.4583,0.125,0,0,0,0.0000,0.0,0.0000,0,0.75,0.25,0.8542,36,41,48,0.6028,0.6028,4.6714,0.1458,0.5714,0.1429,0.2857,0.4286,0,0,0.65,20,13,0.5823,0.1,0.2292,0.75,0.0625,0.4167,0.0,0.0,0.65,0.0,0.0,0.0,0.9557,0.0,completed,,0.7519,10.566863
1750,1.9814,0.9665,0,1.0,0.1667,16,7680,70,150.0,0.616,150.616,1.0,0.7292,0.0625,1,0,1,0.0625,0.0,0.0625,0,0.75,0.25,0.875,12,14,16,0.616,0.616,0.9547,0.125,0.5,0.5,0.0,0.5,0,0,0.5,4,2,0.5367,0.1,0.125,0.8125,0.0625,0.25,0.0,0.0,0.5,0.0,0.0,0.0,0.6931,0.0,enter_inner,obstacle,0.7517,11.684015
1751,28.5474,13.9256,0,3.0,0.5,23,11040,70,150.0,0.7177,150.7177,1.0,1.5217,0.1304,0,0,0,0.0000,0.0,0.0000,0,0.8261,0.1739,0.8696,19,20,23,0.2392,0.2392,1.1124,0.1304,0.3333,0.3333,0.3333,0.6667,0,0,0.8333,6,5,0.5561,0.1,0.0435,0.8261,0.0435,0.2609,0.0,0.0,0.8333,0.0,0.0,0.0,1.0986,0.0,return_outer,obstacle,0.7514,11.804657
1752,86.0,51.2772,1,6.0,1.0,39,18720,39,136.7143,0.0,136.7143,0.5571,1.7949,0.1538,1,0,1,0.0256,0.0,0.0256,0,0.7436,0.2564,0.8462,29,33,39,0.0,0.0,0.0,0.1538,0.0,0.5,0.5,1.0,0,0,0.9091,11,10,0.5542,0.1,0.0513,0.8462,0.0256,0.2821,0.0,0.0,0.9091,0.0,0.0,0.0,0.6931,0.0,completed,,0.7511,13.840051
1753,1.1362,0.5543,0,1.0,0.1667,16,7680,70,150.0,0.8302,150.8302,1.0,0.7292,0.0625,0,0,0,0.0000,0.0,0.0000,0,0.6875,0.3125,0.875,11,14,16,0.8302,0.8302,1.2869,0.125,0.5,0.5,0.0,0.5,0,0,1.0,3,3,0.537,0.1,0.0625,0.6875,0.0625,0.1875,0.0,0.0,1.0,0.0,0.0,0.0,0.6931,0.0,enter_inner,obstacle,0.7509,13.03214
1754,86.0,49.0371,1,6.0,1.0,42,20160,42,138.0,1.2556,139.2556,0.6,1.6667,0.1429,1,0,1,0.0238,0.0,0.0238,0,0.7619,0.2381,0.8571,32,36,42,0.2511,0.2511,1.9463,0.1429,0.3333,0.1667,0.5,0.6667,0,0,0.625,8,5,0.5465,0.1,0.0952,0.7381,0.0238,0.1905,0.0,0.0,0.625,0.0,0.0,0.0,1.0114,0.0,completed,,0.7506,10.756885
1755,26.6962,13.0225,0,3.0,0.5,27,12960,70,150.0,0.6167,150.6167,1.0,1.2963,0.1111,1,0,1,0.0370,0.0,0.0370,0,0.7037,0.2963,0.8148,19,22,27,0.2056,0.2056,0.9558,0.1481,0.25,0.0,0.75,0.75,0,0,0.625,8,5,0.5887,0.1,0.1852,0.8148,0.1111,0.2963,0.0,0.0,0.625,0.0,0.0,0.0,0.5623,0.0,return_outer,red_light,0.7503,10.997778
1756,86.0,51.7079,1,6.0,1.0,37,17760,37,135.8571,0.0,135.8571,0.5286,1.8919,0.1622,0,0,0,0.0000,0.0,0.0000,0,0.8378,0.1622,0.8649,31,32,37,0.0,0.0,0.0,0.1351,0.0,0.4,0.6,1.0,0,0,0.875,8,7,0.549,0.1,0.0811,0.8378,0.0541,0.2162,0.0,0.0,0.875,0.0,0.0,0.0,0.673,0.0,completed,,0.7501,8.980547
1757,51.6534,25.1968,0,4.0,0.6667,43,20640,70,150.0,1.6647,151.6647,1.0,1.0853,0.093,1,0,1,0.0233,0.0,0.0233,0,0.7442,0.2558,0.8605,32,37,43,0.4162,0.4162,2.5802,0.1628,0.2857,0.2857,0.4286,0.7143,0,0,0.6154,13,8,0.5543,0.1,0.093,0.7442,0.0698,0.3023,0.0,0.0,0.6154,0.0,0.0,0.0,1.079,0.0,outer_patrol_b,road_edge,0.7498,9.724755
1758,28.6458,13.9736,0,3.0,0.5,24,11520,70,150.0,0.0,150.0,1.0,1.4583,0.125,1,0,1,0.0417,0.0,0.0417,0,0.7917,0.2083,0.875,19,21,24,0.0,0.0,0.0,0.125,0.0,0.3333,0.6667,1.0,0,0,0.8333,6,5,0.5583,0.1,0.0833,0.7917,0.0417,0.25,0.0,0.0,0.8333,0.0,0.0,0.0,0.6365,0.0,return_outer,obstacle,0.7495,7.730231
1759,28.8319,14.0643,0,3.0,0.5,25,12000,70,150.0,0.0,150.0,1.0,1.4,0.12,1,0,1,0.0400,0.0,0.0400,0,0.72,0.28,0.84,18,21,25,0.0,0.0,0.0,0.16,0.0,0.0,1.0,1.0,0,0,0.8,10,8,0.5678,0.1,0.12,0.8,0.04,0.4,0.0,0.0,0.8,0.0,0.0,0.0,-0.0,0.0,return_outer,obstacle,0.7493,9.831544
1760,12.7259,6.2077,0,2.0,0.3333,16,7680,70,150.0,0.7111,150.7111,1.0,1.4583,0.125,1,0,1,0.0625,0.0,0.0625,0,0.75,0.25,0.8125,12,13,16,0.3556,0.3556,1.1023,0.1875,0.3333,0.3333,0.3333,0.6667,0,0,0.75,4,3,0.5313,0.1,0.0625,0.6875,0.0,0.25,0.0,0.0,0.75,0.0,0.0,0.0,1.0986,0.0,inner_patrol,obstacle,0.749,11.234087
1761,86.0,48.8552,1,6.0,1.0,47,22560,47,140.1429,0.0,140.1429,0.6714,1.4894,0.1277,0,0,0,0.0000,0.0,0.0000,0,0.7447,0.2553,0.8723,35,41,47,0.0,0.0,0.0,0.1277,0.0,0.1667,0.8333,1.0,0,0,0.5714,14,8,0.5558,0.1,0.1064,0.7872,0.0426,0.2979,0.0,0.0,0.5714,0.0,0.0,0.0,0.4506,0.0,completed,,0.7487,12.337228
1762,11.0106,5.371,0,2.0,0.3333,21,10080,70,150.0,0.8736,150.8736,1.0,1.1111,0.0952,1,0,1,0.0476,0.0,0.0476,0,0.7143,0.2857,0.8095,15,17,21,0.4368,0.4368,1.3542,0.1905,0.25,0.25,0.5,0.75,0,0,0.4286,7,3,0.5669,0.1,0.1905,0.8095,0.1429,0.3333,0.0,0.0,0.4286,0.0,0.0,0.0,1.0397,0.0,inner_patrol,obstacle,0.7484,11.761301
1763,86.0,48.7413,1,6.0,1.0,42,20160,42,138.0,1.5934,139.5934,0.6,1.6667,0.1429,1,0,1,0.0238,0.0,0.0238,0,0.7381,0.2619,0.8333,31,35,42,0.3187,0.3187,2.4698,0.1667,0.2857,0.1429,0.5714,0.7143,0,0,0.7,10,7,0.5626,0.1,0.119,0.7857,0.0714,0.2381,0.0,0.0,0.7,0.0,0.0,0.0,0.9557,0.0,completed,,0.7482,10.078298
1764,2.6842,1.3094,0,1.0,0.1667,15,7200,70,150.0,0.7066,150.7066,1.0,0.7778,0.0667,1,0,1,0.0667,0.0,0.0667,0,0.8,0.2,0.8667,12,13,15,0.7066,0.7066,1.0953,0.1333,0.5,0.0,0.5,0.5,0,0,0.6667,3,2,0.54,0.1,0.1333,0.6667,0.1333,0.2,0.0,0.0,0.6667,0.0,0.0,0.0,0.6931,0.0,enter_inner,obstacle,0.7479,9.30009
1765,65.3251,31.8659,0,5.0,0.8333,39,18720,70,150.0,0.0,150.0,1.0,1.4957,0.1282,1,0,1,0.0256,0.0,0.0256,0,0.7692,0.2308,0.8462,30,33,39,0.0,0.0,0.0,0.1538,0.0,0.1667,0.8333,1.0,0,0,0.9091,11,10,0.5596,0.1,0.0769,0.8205,0.0769,0.2821,0.0,0.0,0.9091,0.0,0.0,0.0,0.4506,0.0,final_park,wall,0.7476,9.11481
1766,0.5484,0.2675,0,1.0,0.1667,19,9120,70,150.0,0.6549,150.6549,1.0,0.614,0.0526,1,0,1,0.0526,0.0,0.0526,0,0.6842,0.3158,0.8421,13,16,19,0.6549,0.6549,1.0151,0.1053,0.5,0.0,0.5,0.5,0,0,0.4,5,2,0.549,0.1,0.1579,0.7368,0.1053,0.2632,0.0,0.0,0.4,0.0,0.0,0.0,0.6931,0.0,enter_inner,obstacle,0.7474,8.543275
1767,23.9319,11.6741,0,3.0,0.5,30,14400,70,150.0,0.0,150.0,1.0,1.1667,0.1,1,0,1,0.0333,0.0,0.0333,0,0.7333,0.2667,0.9,22,27,30,0.0,0.0,0.0,0.1,0.0,0.3333,0.6667,1.0,0,0,0.5,6,3,0.5482,0.1,0.0667,0.8333,0.0,0.2,0.0,0.0,0.5,0.0,0.0,0.0,0.6365,0.0,return_outer,obstacle,0.7471,9.83465
1768,19.1613,9.347,0,3.0,0.5,32,15360,70,150.0,2.0471,152.0471,1.0,1.0938,0.0938,1,0,1,0.0312,0.0,0.0312,0,0.7188,0.2812,0.8125,23,26,32,0.6824,0.6824,3.173,0.1875,0.5,0.1667,0.3333,0.5,0,0,0.5455,11,6,0.6101,0.1,0.2812,0.7188,0.125,0.3438,0.0,0.0,0.5455,0.0,0.0,0.0,1.0114,0.0,return_outer,obstacle,0.7468,11.595059
1769,-10.0,-4.91,0,0.0,0.0,7,3360,70,150.0,0.0,150.0,1.0,0.0,0.0,1,0,1,0.1429,0.0,0.1429,0,1.0,0.0,1.0,7,7,7,0.0,0.0,0.0,0.0,0.0,0.0,0.0,0.0,0,0,0.5,2,1,0.5115,0.1,0.0,0.5714,0.0,0.2857,0.0,0.0,0.5,0.0,0.0,0.0,0.0,0.0,outer_patrol_a,road_edge,0.7466,11.641844
1770,2.2658,1.1052,0,1.0,0.1667,17,8160,70,150.0,0.0,150.0,1.0,0.6863,0.0588,1,0,1,0.0588,0.0,0.0588,0,0.7059,0.2941,0.9412,12,16,17,0.0,0.0,0.0,0.0588,0.0,1.0,0.0,1.0,0,0,0.6667,3,2,0.4873,0.1,0.0588,0.7059,0.0,0.1765,0.0,0.0,0.6667,0.0,0.0,0.0,-0.0,0.0,enter_inner,obstacle,0.7463,12.116226
1771,48.9695,23.8875,0,4.0,0.6667,28,13440,70,150.0,0.0,150.0,1.0,1.6667,0.1429,0,0,0,0.0000,0.0,0.0000,0,0.8214,0.1786,0.8571,23,24,28,0.0,0.0,0.0,0.1429,0.0,0.5,0.5,1.0,0,0,0.8571,7,6,0.55,0.1,0.0357,0.8571,0.0357,0.25,0.0,0.0,0.8571,0.0,0.0,0.0,0.6931,0.0,outer_patrol_b,road_edge,0.746,12.483088
1772,33.6517,16.4155,0,4.0,0.6667,30,14400,70,150.0,1.4971,151.4971,1.0,1.5556,0.1333,0,0,0,0.0000,0.0,0.0000,0,0.6667,0.3333,0.8667,20,26,30,0.3743,0.3743,2.3206,0.1667,0.4,0.6,0.0,0.6,0,0,0.8,5,4,0.5466,0.1,0.0333,0.8667,0.0,0.1667,0.0,0.0,0.8,0.0,0.0,0.0,0.673,0.0,outer_patrol_b,road_edge,0.7457,10.419146
1773,86.0,50.9673,1,6.0,1.0,39,18720,39,136.7143,0.0,136.7143,0.5571,1.7949,0.1538,1,0,1,0.0256,0.0,0.0256,0,0.7692,0.2308,0.8718,30,34,39,0.0,0.0,0.0,0.1282,0.0,0.4,0.6,1.0,0,0,0.875,8,7,0.5424,0.1,0.0513,0.8205,0.0,0.2051,0.0,0.0,0.875,0.0,0.0,0.0,0.673,0.0,completed,,0.7455,10.226651
1774,4.0993,1.9997,0,1.0,0.1667,15,7200,70,150.0,0.0,150.0,1.0,0.7778,0.0667,0,0,0,0.0000,0.0,0.0000,0,0.8,0.2,0.9333,12,14,15,0.0,0.0,0.0,0.0667,0.0,0.0,1.0,1.0,0,0,0.8,5,4,0.5341,0.1,0.0667,0.8,0.0667,0.3333,0.0,0.0,0.8,0.0,0.0,0.0,-0.0,0.0,enter_inner,obstacle,0.7452,9.33028
1775,86.0,53.152,1,6.0,1.0,35,16800,35,135.0,0.0,135.0,0.5,2.0,0.1714,0,0,0,0.0000,0.0,0.0000,0,0.8571,0.1429,0.8571,30,30,35,0.0,0.0,0.0,0.1429,0.0,0.2,0.8,1.0,0,0,0.8889,9,8,0.5464,0.1,0.0571,0.8,0.0286,0.2571,0.0,0.0,0.8889,0.0,0.0,0.0,0.5004,0.0,completed,,0.7449,10.00636
1776,86.0,48.9339,1,6.0,1.0,43,20640,43,138.4286,0.8511,139.2797,0.6143,1.6279,0.1395,1,0,1,0.0233,0.0,0.0233,0,0.7442,0.2558,0.8372,32,36,43,0.1702,0.1702,1.3192,0.1628,0.1429,0.5714,0.2857,0.8571,0,0,0.6429,14,9,0.5819,0.1,0.1163,0.907,0.0698,0.3256,0.0,0.0,0.6429,0.0,0.0,0.0,0.9557,0.0,completed,,0.7447,8.723663
1777,55.5314,27.0885,0,5.0,0.8333,43,20640,70,150.0,1.5691,151.5691,1.0,1.3566,0.1163,0,0,0,0.0000,0.0,0.0000,0,0.7209,0.2791,0.8605,31,37,43,0.3138,0.3138,2.4322,0.1395,0.3333,0.6667,0.0,0.6667,0,0,0.7,10,7,0.5551,0.1,0.0698,0.7907,0.0465,0.2326,0.0,0.0,0.7,0.0,0.0,0.0,0.6365,0.0,final_park,wall,0.7444,10.144346
1778,86.0,51.1796,1,6.0,1.0,38,18240,38,136.2857,0.0,136.2857,0.5429,1.8421,0.1579,1,0,1,0.0263,0.0,0.0263,0,0.7632,0.2368,0.8684,29,33,38,0.0,0.0,0.0,0.1316,0.0,0.4,0.6,1.0,0,0,0.9,10,9,0.5548,0.1,0.0526,0.6842,0.0526,0.2632,0.0,0.0,0.9,0.0,0.0,0.0,0.673,0.0,completed,,0.7441,11.609458
1779,86.0,47.7321,1,6.0,1.0,42,20160,42,138.0,1.66,139.66,0.6,1.6667,0.1429,1,0,1,0.0238,0.0,0.0238,0,0.7143,0.2857,0.8333,30,35,42,0.332,0.332,2.5729,0.1667,0.2857,0.4286,0.2857,0.7143,0,0,0.7692,13,10,0.5648,0.1,0.0476,0.8333,0.0238,0.3095,0.0,0.0,0.7692,0.0,0.0,0.0,1.079,0.0,completed,,0.7439,12.460115
1780,30.8847,15.0657,0,3.0,0.5,22,10560,70,150.0,0.0,150.0,1.0,1.5909,0.1364,1,0,1,0.0455,0.0,0.0455,0,0.8182,0.1818,0.8636,18,19,22,0.0,0.0,0.0,0.1364,0.0,0.0,1.0,1.0,0,0,0.8,5,4,0.5541,0.1,0.0909,0.8182,0.0455,0.2273,0.0,0.0,0.8,0.0,0.0,0.0,-0.0,0.0,return_outer,obstacle,0.7436,12.325326
1781,10.9274,5.3305,0,2.0,0.3333,18,8640,70,150.0,0.7514,150.7514,1.0,1.2963,0.1111,1,0,1,0.0556,0.0,0.0556,0,0.7222,0.2778,0.8333,13,15,18,0.3757,0.3757,1.1646,0.1667,0.3333,0.6667,0.0,0.6667,0,0,0.6667,6,4,0.5277,0.1,0.1667,0.7222,0.0,0.3333,0.0,0.0,0.6667,0.0,0.0,0.0,0.6365,0.0,inner_patrol,obstacle,0.7433,14.037722
1782,55.5199,27.0829,0,5.0,0.8333,44,21120,70,150.0,2.1594,152.1594,1.0,1.3258,0.1136,1,0,1,0.0227,0.0,0.0227,0,0.75,0.25,0.8636,33,38,44,0.4319,0.4319,3.3471,0.1364,0.5,0.1667,0.3333,0.5,0,0,0.7273,11,8,0.5353,0.1,0.0909,0.6364,0.0,0.25,0.0,0.0,0.7273,0.0,0.0,0.0,1.0114,0.0,final_park,wall,0.7431,14.057309
1783,39.3907,19.215,0,4.0,0.6667,24,11520,70,150.0,0.0,150.0,1.0,1.9444,0.1667,0,0,0,0.0000,0.0,0.0000,0,0.7917,0.2083,0.8333,19,20,24,0.0,0.0,0.0,0.1667,0.0,0.75,0.25,1.0,0,0,0.3333,3,1,0.5301,0.1,0.0417,0.8333,0.0,0.125,0.0,0.0,0.3333,0.0,0.0,0.0,0.5623,0.0,outer_patrol_b,road_edge,0.7428,11.648477
1784,13.015,6.3488,0,2.0,0.3333,18,8640,70,150.0,0.8047,150.8047,1.0,1.2963,0.1111,0,0,0,0.0000,0.0,0.0000,0,0.7222,0.2778,0.7778,13,14,18,0.4024,0.4024,1.2473,0.2222,0.25,0.25,0.5,0.75,0,0,0.5,4,2,0.5757,0.1,0.1667,0.8333,0.1111,0.2222,0.0,0.0,0.5,0.0,0.0,0.0,1.0397,0.0,inner_patrol,obstacle,0.7425,11.230667
1785,86.0,47.7096,1,6.0,1.0,42,20160,42,138.0,2.039,140.039,0.6,1.6667,0.1429,0,0,0,0.0000,0.0,0.0000,0,0.7143,0.2857,0.8333,30,35,42,0.4078,0.4078,3.1605,0.1667,0.4286,0.1429,0.4286,0.5714,0,0,0.8182,11,9,0.5563,0.1,0.0952,0.8333,0.0476,0.2619,0.0,0.0,0.8182,0.0,0.0,0.0,1.0042,0.0,completed,,0.7422,10.084801
1786,55.4007,27.0247,0,5.0,0.8333,45,21600,70,150.0,1.5439,151.5439,1.0,1.2963,0.1111,1,0,1,0.0222,0.0,0.0222,0,0.7556,0.2444,0.8889,34,40,45,0.3088,0.3088,2.3931,0.1111,0.4,0.4,0.2,0.6,0,0,0.6667,15,10,0.5522,0.1,0.0889,0.8,0.0222,0.3333,0.0,0.0,0.6667,0.0,0.0,0.0,1.0549,0.0,final_park,wall,0.742,12.239197
1787,-5.002,-2.44,0,0.0,0.0,8,3840,70,150.0,0.0,150.0,1.0,0.0,0.0,0,0,0,0.0000,0.0,0.0000,0,1.0,0.0,1.0,8,8,8,0.0,0.0,0.0,0.0,0.0,0.0,0.0,0.0,0,0,1.0,3,3,0.5098,0.1,0.0,1.0,0.0,0.375,0.0,0.0,1.0,0.0,0.0,0.0,0.0,0.0,outer_patrol_a,road_edge,0.7417,11.97841
1788,86.0,45.982,1,6.0,1.0,46,22080,46,139.7143,2.8347,142.549,0.6571,1.5217,0.1304,1,0,1,0.0217,0.0,0.0217,0,0.7391,0.2609,0.8261,34,38,46,0.5669,0.5669,4.3938,0.1739,0.5,0.25,0.25,0.5,0,0,0.6923,13,9,0.5818,0.1,0.1522,0.7609,0.1087,0.2826,0.0,0.0,0.6923,0.0,0.0,0.0,1.0397,0.0,completed,,0.7414,10.489856
1789,86.0,49.9913,1,6.0,1.0,41,19680,41,137.5714,0.6992,138.2707,0.5857,1.7073,0.1463,1,0,1,0.0244,0.0,0.0244,0,0.7805,0.2195,0.878,32,36,41,0.1398,0.1398,1.0838,0.122,0.2,0.4,0.4,0.8,0,0,0.8182,11,9,0.5546,0.1,0.0732,0.7561,0.0244,0.2683,0.0,0.0,0.8182,0.0,0.0,0.0,1.0549,0.0,completed,,0.7412,8.526819
1790,2.7569,1.3448,0,1.0,0.1667,17,8160,70,150.0,0.0,150.0,1.0,0.6863,0.0588,1,0,1,0.0588,0.0,0.0588,0,0.8824,0.1176,0.9412,15,16,17,0.0,0.0,0.0,0.0588,0.0,1.0,0.0,1.0,0,0,0.5556,9,5,0.529,0.1,0.0588,0.9412,0.0,0.5294,0.0,0.0,0.5556,0.0,0.0,0.0,-0.0,0.0,enter_inner,obstacle,0.7409,9.642795
1791,12.9782,6.3308,0,2.0,0.3333,16,7680,70,150.0,0.6833,150.6833,1.0,1.4583,0.125,0,0,0,0.0000,0.0,0.0000,0,0.8125,0.1875,0.8125,13,13,16,0.3417,0.3417,1.0592,0.1875,0.3333,0.3333,0.3333,0.6667,0,0,0.8,5,4,0.5601,0.1,0.125,0.75,0.125,0.3125,0.0,0.0,0.8,0.0,0.0,0.0,1.0986,0.0,inner_patrol,obstacle,0.7406,9.900252
1792,-0.246,-0.12,0,1.0,0.1667,16,7680,70,150.0,1.5804,151.5804,1.0,0.7292,0.0625,1,0,1,0.0625,0.0,0.0625,0,0.75,0.25,0.8125,12,13,16,1.5804,1.5804,2.4496,0.125,1.0,0.0,0.0,0.0,0,0,0.5,4,2,0.5758,0.1,0.125,0.75,0.125,0.25,0.0,0.0,0.5,0.0,0.0,0.0,-0.0,0.0,enter_inner,red_light,0.7404,9.473191
1793,5.6268,2.7448,0,1.0,0.1667,13,6240,70,150.0,0.0,150.0,1.0,0.8974,0.0769,1,0,1,0.0769,0.0,0.0769,0,0.9231,0.0769,0.9231,12,12,13,0.0,0.0,0.0,0.0769,0.0,1.0,0.0,1.0,0,0,0.5,2,1,0.532,0.1,0.0769,0.7692,0.0769,0.1538,0.0,0.0,0.5,0.0,0.0,0.0,-0.0,0.0,enter_inner,obstacle,0.7401,9.124318
1794,86.0,45.7269,1,6.0,1.0,48,23040,48,140.5714,2.2208,142.7923,0.6857,1.4583,0.125,1,0,1,0.0208,0.0,0.0208,0,0.6875,0.3125,0.8333,33,40,48,0.4442,0.4442,3.4423,0.1667,0.375,0.25,0.375,0.625,0,0,0.7222,18,13,0.5751,0.1,0.1458,0.875,0.0625,0.375,0.0,0.0,0.7222,0.0,0.0,0.0,1.0822,0.0,completed,,0.7398,10.740024
1795,86.0,49.6727,1,6.0,1.0,40,19200,40,137.1429,0.7426,137.8854,0.5714,1.75,0.15,1,0,1,0.0250,0.0,0.0250,0,0.8,0.2,0.875,32,35,40,0.1485,0.1485,1.151,0.125,0.2,0.8,0.0,0.8,0,0,0.8182,11,9,0.5432,0.1,0.025,0.725,0.0,0.275,0.0,0.0,0.8182,0.0,0.0,0.0,0.5004,0.0,completed,,0.7395,10.804605
1796,86.0,51.7771,1,6.0,1.0,38,18240,38,136.2857,0.0,136.2857,0.5429,1.8421,0.1579,1,0,1,0.0263,0.0,0.0263,0,0.8158,0.1842,0.8684,31,33,38,0.0,0.0,0.0,0.1316,0.0,0.4,0.6,1.0,0,0,0.8571,7,6,0.5245,0.1,0.0789,0.6316,0.0,0.1842,0.0,0.0,0.8571,0.0,0.0,0.0,0.673,0.0,completed,,0.7393,9.722359
1797,-6.683,-3.26,0,0.0,0.0,10,4800,70,150.0,0.0,150.0,1.0,0.0,0.0,0,0,0,0.0000,0.0,0.0000,0,0.8,0.2,1.0,8,10,10,0.0,0.0,0.0,0.0,0.0,0.0,0.0,0.0,0,0,0.5,4,2,0.5132,0.1,0.0,0.6,0.0,0.4,0.0,0.0,0.5,0.0,0.0,0.0,0.0,0.0,outer_patrol_a,road_edge,0.739,9.823769
1798,25.3366,12.3593,0,3.0,0.5,26,12480,70,150.0,0.8293,150.8293,1.0,1.3462,0.1154,1,0,1,0.0385,0.0,0.0385,0,0.8077,0.1923,0.8462,21,22,26,0.2764,0.2764,1.2854,0.1538,0.25,0.5,0.25,0.75,0,0,0.6667,12,8,0.5821,0.1,0.1923,0.8462,0.0769,0.4615,0.0,0.0,0.6667,0.0,0.0,0.0,1.0397,0.0,return_outer,obstacle,0.7387,11.101466
1799,86.0,48.0197,1,6.0,1.0,41,19680,41,137.5714,2.2897,139.8611,0.5857,1.7073,0.1463,0,0,0,0.0000,0.0,0.0000,0,0.7317,0.2683,0.8293,30,34,41,0.4579,0.4579,3.549,0.1707,0.4286,0.1429,0.4286,0.5714,0,0,0.8889,9,8,0.5419,0.1,0.0488,0.7561,0.0,0.2195,0.0,0.0,0.8889,0.0,0.0,0.0,1.0042,0.0,completed,,0.7385,11.23779
1800,29.0527,14.1721,0,3.0,0.5,24,11520,70,150.0,0.0,150.0,1.0,1.4583,0.125,0,0,0,0.0000,0.0,0.0000,0,0.75,0.25,0.875,18,21,24,0.0,0.0,0.0,0.125,0.0,0.3333,0.6667,1.0,0,0,0.7778,9,7,0.5565,0.1,0.0833,0.7917,0.0417,0.375,0.0,0.0,0.7778,0.0,0.0,0.0,0.6365,0.0,return_outer,obstacle,0.7382,12.460411
1801,10.8146,5.2754,0,2.0,0.3333,19,9120,70,150.0,0.6223,150.6223,1.0,1.2281,0.1053,1,0,1,0.0526,0.0,0.0526,0,0.7368,0.2632,0.8421,14,16,19,0.3112,0.3112,0.9646,0.1579,0.3333,0.3333,0.3333,0.6667,0,0,0.7143,7,5,0.5629,0.1,0.1053,0.7895,0.0526,0.3684,0.0,0.0,0.7143,0.0,0.0,0.0,1.0986,0.0,inner_patrol,obstacle,0.7379,11.876799
1802,86.0,48.6646,1,6.0,1.0,40,19200,40,137.1429,1.6963,138.8391,0.5714,1.75,0.15,1,0,1,0.0250,0.0,0.0250,0,0.775,0.225,0.85,31,34,40,0.3393,0.3393,2.6292,0.15,0.3333,0.5,0.1667,0.6667,0,0,0.875,8,7,0.5577,0.1,0.075,0.75,0.05,0.2,0.0,0.0,0.875,0.0,0.0,0.0,1.0114,0.0,completed,,0.7377,9.979005
1803,86.0,51.1175,1,6.0,1.0,37,17760,37,135.8571,0.8787,136.7358,0.5286,1.8919,0.1622,1,0,1,0.0270,0.0,0.0270,0,0.7838,0.2162,0.8649,29,32,37,0.1757,0.1757,1.3619,0.1351,0.2,0.4,0.4,0.8,0,0,0.75,8,6,0.5384,0.1,0.1081,0.7027,0.0,0.2162,0.0,0.0,0.75,0.0,0.0,0.0,1.0549,0.0,completed,,0.7374,9.807172
1804,22.7965,11.1202,0,3.0,0.5,27,12960,70,150.0,1.4679,151.4679,1.0,1.2963,0.1111,1,0,1,0.0370,0.0,0.0370,0,0.7037,0.2963,0.8148,19,22,27,0.4893,0.4893,2.2752,0.1852,0.4,0.2,0.4,0.6,0,0,0.6,10,6,0.5828,0.1,0.1852,0.8519,0.0741,0.3704,0.0,0.0,0.6,0.0,0.0,0.0,1.0549,0.0,return_outer,obstacle,0.7371,9.16359
1805,28.9718,14.1326,0,3.0,0.5,25,12000,70,150.0,0.6049,150.6049,1.0,1.4,0.12,0,0,0,0.0000,0.0,0.0000,0,0.76,0.24,0.8,19,20,25,0.2016,0.2016,0.9376,0.2,0.2,0.0,0.8,0.8,0,0,0.625,8,5,0.5957,0.1,0.16,0.8,0.08,0.32,0.0,0.0,0.625,0.0,0.0,0.0,0.5004,0.0,return_outer,obstacle,0.7369,8.826696
1806,86.0,50.096,1,6.0,1.0,42,20160,42,138.0,0.0,138.0,0.6,1.6667,0.1429,1,0,1,0.0238,0.0,0.0238,0,0.7381,0.2619,0.8571,31,36,42,0.0,0.0,0.0,0.1429,0.0,0.6667,0.3333,1.0,0,0,0.75,12,9,0.5489,0.1,0.0714,0.7619,0.0238,0.2857,0.0,0.0,0.75,0.0,0.0,0.0,0.6365,0.0,completed,,0.7366,9.987998
1807,-10.0,-9.93,0,0.0,0.0,1,480,70,150.0,0.0,150.0,1.0,0.0,0.0,1,0,1,1.0000,0.0,1.0000,0,1.0,0.0,1.0,1,1,1,0.0,0.0,0.0,0.0,0.0,0.0,0.0,0.0,0,0,0.0,0,0,0.5136,0.1,0.0,0.0,0.0,0.0,0.0,0.0,0.0,0.0,0.0,0.0,0.0,0.0,outer_patrol_a,road_edge,0.7363,9.987998
1808,2.5692,1.2533,0,1.0,0.1667,15,7200,70,150.0,0.7456,150.7456,1.0,0.7778,0.0667,0,0,0,0.0000,0.0,0.0000,0,0.8667,0.1333,0.8667,13,13,15,0.7456,0.7456,1.1557,0.1333,0.5,0.5,0.0,0.5,0,0,0.6667,6,4,0.5411,0.1,0.1333,0.6667,0.0667,0.4,0.0,0.0,0.6667,0.0,0.0,0.0,0.6931,0.0,enter_inner,obstacle,0.736,10.553716
1809,-10.0,-9.93,0,0.0,0.0,1,480,70,150.0,0.0,150.0,1.0,0.0,0.0,1,0,1,1.0000,0.0,1.0000,0,1.0,0.0,1.0,1,1,1,0.0,0.0,0.0,0.0,0.0,0.0,0.0,0.0,0,0,0.0,0,0,0.5328,0.1,0.0,0.0,0.0,0.0,0.0,0.0,0.0,0.0,0.0,0.0,0.0,0.0,outer_patrol_a,road_edge,0.7358,10.553716
1810,86.0,49.4521,1,6.0,1.0,42,20160,42,138.0,0.6074,138.6074,0.6,1.6667,0.1429,0,0,0,0.0000,0.0,0.0000,0,0.7857,0.2143,0.881,33,37,42,0.1215,0.1215,0.9415,0.119,0.2,0.4,0.4,0.8,0,0,0.7143,7,5,0.5397,0.1,0.0714,0.6905,0.0238,0.1667,0.0,0.0,0.7143,0.0,0.0,0.0,1.0549,0.0,completed,,0.7355,10.943634
1811,60.7287,29.6238,0,4.0,0.6667,36,17280,70,150.0,0.6024,150.6024,1.0,1.2963,0.1111,1,0,1,0.0278,0.0,0.0278,0,0.7778,0.2222,0.8333,28,30,36,0.1506,0.1506,0.9337,0.1667,0.1667,0.1667,0.6667,0.8333,0,0,0.8333,12,10,0.5525,0.1,0.1111,0.8333,0.0556,0.3333,0.0,0.0,0.8333,0.0,0.0,0.0,0.8676,0.0,outer_patrol_b,road_edge,0.7352,10.893919
1812,2.5923,1.2646,0,1.0,0.1667,15,7200,70,150.0,0.7362,150.7362,1.0,0.7778,0.0667,0,0,0,0.0000,0.0,0.0000,0,0.8,0.2,0.8667,12,13,15,0.7362,0.7362,1.141,0.1333,0.5,0.0,0.5,0.5,0,0,0.6,5,3,0.5643,0.1,0.1333,0.5333,0.1333,0.3333,0.0,0.0,0.6,0.0,0.0,0.0,0.6931,0.0,enter_inner,obstacle,0.735,10.016193
1813,4.9495,2.4144,0,1.0,0.1667,14,6720,70,150.0,0.0,150.0,1.0,0.8333,0.0714,0,0,0,0.0000,0.0,0.0000,0,0.9286,0.0714,0.9286,13,13,14,0.0,0.0,0.0,0.0714,0.0,1.0,0.0,1.0,0,0,0.0,1,0,0.4946,0.1,0.0,0.6429,0.0,0.0714,0.0,0.0,0.0,0.0,0.0,0.0,-0.0,0.0,enter_inner,obstacle,0.7347,10.667062
1814,30.7046,14.9779,0,3.0,0.5,23,11040,70,150.0,0.0,150.0,1.0,1.5217,0.1304,1,0,1,0.0435,0.0,0.0435,0,0.7826,0.2174,0.8696,18,20,23,0.0,0.0,0.0,0.1304,0.0,0.0,1.0,1.0,0,0,0.5,2,1,0.5537,0.1,0.0435,0.6957,0.0435,0.087,0.0,0.0,0.5,0.0,0.0,0.0,-0.0,0.0,return_outer,obstacle,0.7344,11.61427
1815,15.0442,7.3387,0,2.0,0.3333,16,7680,70,150.0,0.0,150.0,1.0,1.4583,0.125,0,0,0,0.0000,0.0,0.0000,0,0.8125,0.1875,0.875,13,14,16,0.0,0.0,0.0,0.125,0.0,0.0,1.0,1.0,0,0,0.6667,3,2,0.5035,0.1,0.0625,0.625,0.0,0.1875,0.0,0.0,0.6667,0.0,0.0,0.0,-0.0,0.0,inner_patrol,obstacle,0.7342,12.189665
1816,86.0,51.9129,1,6.0,1.0,39,18720,39,136.7143,0.0,136.7143,0.5571,1.7949,0.1538,0,0,0,0.0000,0.0,0.0000,0,0.8205,0.1795,0.8718,32,34,39,0.0,0.0,0.0,0.1282,0.0,0.0,1.0,1.0,0,0,0.7778,9,7,0.5525,0.1,0.0513,0.7436,0.0256,0.2308,0.0,0.0,0.7778,0.0,0.0,0.0,-0.0,0.0,completed,,0.7339,11.039743
1817,86.0,49.9098,1,6.0,1.0,41,19680,41,137.5714,1.285,138.8565,0.5857,1.7073,0.1463,0,0,0,0.0000,0.0,0.0000,0,0.7073,0.2927,0.8293,29,34,41,0.257,0.257,1.9918,0.1707,0.2857,0.0,0.7143,0.7143,0,0,0.7647,17,13,0.5624,0.1,0.1463,0.7561,0.0244,0.4146,0.0,0.0,0.7647,0.0,0.0,0.0,0.5983,0.0,completed,,0.7336,13.83998
1818,-0.4922,-0.2401,0,1.0,0.1667,17,8160,70,150.0,1.4443,151.4443,1.0,0.6863,0.0588,0,0,0,0.0000,0.0,0.0000,0,0.7647,0.2353,0.8235,13,14,17,1.4443,1.4443,2.2386,0.1176,1.0,0.0,0.0,0.0,0,0,0.6,5,3,0.567,0.1,0.1765,0.7647,0.1176,0.2941,0.0,0.0,0.6,0.0,0.0,0.0,-0.0,0.0,enter_inner,red_light,0.7333,13.270903
1819,16.8039,8.197,0,3.0,0.5,34,16320,70,150.0,2.3008,152.3008,1.0,1.0294,0.0882,1,0,1,0.0294,0.0,0.0294,0,0.7059,0.2941,0.8235,24,28,34,0.7669,0.7669,3.5662,0.1765,0.5,0.0,0.5,0.5,0,0,0.5556,9,5,0.552,0.1,0.0882,0.8235,0.0,0.2647,0.0,0.0,0.5556,0.0,0.0,0.0,0.6931,0.0,return_outer,obstacle,0.7331,13.632542
1820,86.0,47.2334,1,6.0,1.0,47,22560,47,140.1429,1.4061,141.549,0.6714,1.4894,0.1277,1,0,1,0.0213,0.0,0.0213,0,0.7234,0.2766,0.8511,34,40,47,0.2812,0.2812,2.1795,0.1489,0.2857,0.1429,0.5714,0.7143,0,0,0.6429,14,9,0.5631,0.1,0.1064,0.8511,0.0638,0.2979,0.0,0.0,0.6429,0.0,0.0,0.0,0.9557,0.0,completed,,0.7328,12.178461
1821,86.0,49.9422,1,6.0,1.0,41,19680,41,137.5714,1.342,138.9135,0.5857,1.7073,0.1463,1,0,1,0.0244,0.0,0.0244,0,0.7561,0.2439,0.8293,31,34,41,0.2684,0.2684,2.0801,0.1707,0.2857,0.0,0.7143,0.7143,0,0,0.8,10,8,0.5488,0.1,0.0488,0.7561,0.0244,0.2439,0.0,0.0,0.8,0.0,0.0,0.0,0.5983,0.0,completed,,0.7325,11.238489
1822,86.0,48.7272,1,6.0,1.0,43,20640,43,138.4286,0.8773,139.3059,0.6143,1.6279,0.1395,0,0,0,0.0000,0.0,0.0000,0,0.7674,0.2326,0.8372,33,36,43,0.1755,0.1755,1.3599,0.1628,0.1429,0.2857,0.5714,0.8571,0,0,0.6429,14,9,0.5665,0.1,0.1628,0.6744,0.0465,0.3256,0.0,0.0,0.6429,0.0,0.0,0.0,0.9557,0.0,completed,,0.7323,11.156703
1823,4.621,2.2542,0,1.0,0.1667,14,6720,70,150.0,0.0,150.0,1.0,0.8333,0.0714,1,0,1,0.0714,0.0,0.0714,0,0.7857,0.2143,0.9286,11,13,14,0.0,0.0,0.0,0.0714,0.0,1.0,0.0,1.0,0,0,0.6667,3,2,0.5401,0.1,0.0714,0.5714,0.0714,0.2143,0.0,0.0,0.6667,0.0,0.0,0.0,-0.0,0.0,enter_inner,obstacle,0.732,10.847172
1824,2.4207,1.1808,0,1.0,0.1667,15,7200,70,150.0,0.7903,150.7903,1.0,0.7778,0.0667,1,0,1,0.0667,0.0,0.0667,0,0.8,0.2,0.8667,12,13,15,0.7903,0.7903,1.225,0.1333,0.5,0.0,0.5,0.5,0,0,0.8,5,4,0.5371,0.1,0.1333,0.8,0.0667,0.3333,0.0,0.0,0.8,0.0,0.0,0.0,0.6931,0.0,enter_inner,obstacle,0.7317,11.068406
1825,86.0,49.846,1,6.0,1.0,39,18720,39,136.7143,1.3612,138.0755,0.5571,1.7949,0.1538,0,0,0,0.0000,0.0,0.0000,0,0.8462,0.1538,0.8718,33,34,39,0.2722,0.2722,2.1098,0.1282,0.4,0.2,0.4,0.6,0,0,0.8889,9,8,0.5442,0.1,0.0513,0.7179,0.0,0.2308,0.0,0.0,0.8889,0.0,0.0,0.0,1.0549,0.0,completed,,0.7315,11.17637
1826,1.1698,0.5707,0,1.0,0.1667,18,8640,70,150.0,0.8537,150.8537,1.0,0.6481,0.0556,1,0,1,0.0556,0.0,0.0556,0,0.7222,0.2778,0.8333,13,15,18,0.8537,0.8537,1.3232,0.1111,0.5,0.0,0.5,0.5,0,0,0.25,4,1,0.574,0.1,0.2222,0.8889,0.1667,0.2222,0.0,0.0,0.25,0.0,0.0,0.0,0.6931,0.0,enter_inner,red_light,0.7312,12.088772
1827,4.7849,2.3341,0,1.0,0.1667,14,6720,70,150.0,0.0,150.0,1.0,0.8333,0.0714,1,0,1,0.0714,0.0,0.0714,0,0.8571,0.1429,0.9286,12,13,14,0.0,0.0,0.0,0.0714,0.0,1.0,0.0,1.0,0,0,0.3333,3,1,0.5026,0.1,0.0714,0.7857,0.0,0.2143,0.0,0.0,0.3333,0.0,0.0,0.0,-0.0,0.0,enter_inner,obstacle,0.7309,12.042643
1828,86.0,49.5214,1,6.0,1.0,40,19200,40,137.1429,1.5307,138.6735,0.5714,1.75,0.15,0,0,0,0.0000,0.0,0.0000,0,0.8,0.2,0.85,32,34,40,0.3061,0.3061,2.3726,0.15,0.3333,0.3333,0.3333,0.6667,0,0,0.7857,14,11,0.5547,0.1,0.075,0.75,0.025,0.35,0.0,0.0,0.7857,0.0,0.0,0.0,1.0986,0.0,completed,,0.7307,15.175314
1829,2.5869,1.2619,0,1.0,0.1667,17,8160,70,150.0,0.0,150.0,1.0,0.6863,0.0588,1,0,1,0.0588,0.0,0.0588,0,0.7647,0.2353,0.9412,13,16,17,0.0,0.0,0.0,0.0588,0.0,0.0,1.0,1.0,0,0,0.5,4,2,0.5093,0.1,0.0588,0.6471,0.0,0.2353,0.0,0.0,0.5,0.0,0.0,0.0,-0.0,0.0,enter_inner,obstacle,0.7304,14.548502
1830,86.0,46.9596,1,6.0,1.0,45,21600,45,139.2857,1.4699,140.7556,0.6429,1.5556,0.1333,1,0,1,0.0222,0.0,0.0222,0,0.7111,0.2889,0.8667,32,39,45,0.294,0.294,2.2784,0.1333,0.3333,0.1667,0.5,0.6667,0,0,0.7273,11,8,0.5412,0.1,0.0667,0.8,0.0222,0.2444,0.0,0.0,0.7273,0.0,0.0,0.0,1.0114,0.0,completed,,0.7301,10.256004
1831,86.0,50.5618,1,6.0,1.0,38,18240,38,136.2857,0.795,137.0807,0.5429,1.8421,0.1579,1,0,1,0.0263,0.0,0.0263,0,0.8421,0.1579,0.8684,32,33,38,0.159,0.159,1.2322,0.1316,0.2,0.2,0.6,0.8,0,0,1.0,10,10,0.5464,0.1,0.0526,0.7632,0.0263,0.2632,0.0,0.0,1.0,0.0,0.0,0.0,0.9503,0.0,completed,,0.7298,6.915264
1832,3.5917,1.752,0,1.0,0.1667,16,7680,70,150.0,0.0,150.0,1.0,0.7292,0.0625,0,0,0,0.0000,0.0,0.0000,0,0.875,0.125,0.9375,14,15,16,0.0,0.0,0.0,0.0625,0.0,0.0,1.0,1.0,0,0,0.5,4,2,0.533,0.1,0.0625,0.6875,0.0625,0.25,0.0,0.0,0.5,0.0,0.0,0.0,-0.0,0.0,enter_inner,obstacle,0.7296,7.432598
1833,39.2495,19.1461,0,4.0,0.6667,26,12480,70,150.0,0.0,150.0,1.0,1.7949,0.1538,1,0,1,0.0385,0.0,0.0385,0,0.7692,0.2308,0.8462,20,22,26,0.0,0.0,0.0,0.1538,0.0,0.5,0.5,1.0,0,0,0.5714,7,4,0.5535,0.1,0.0769,0.8077,0.0385,0.2692,0.0,0.0,0.5714,0.0,0.0,0.0,0.6931,0.0,outer_patrol_b,road_edge,0.7293,9.456053
1834,55.2423,26.9474,0,5.0,0.8333,44,21120,70,150.0,2.3512,152.3512,1.0,1.3258,0.1136,1,0,1,0.0227,0.0,0.0227,0,0.75,0.25,0.8409,33,37,44,0.4702,0.4702,3.6443,0.1591,0.4286,0.4286,0.1429,0.5714,0,0,0.5556,9,5,0.555,0.1,0.0909,0.75,0.0455,0.2045,0.0,0.0,0.5556,0.0,0.0,0.0,1.0042,0.0,final_park,wall,0.729,11.747296
1835,5.7855,2.8222,0,1.0,0.1667,13,6240,70,150.0,0.0,150.0,1.0,0.8974,0.0769,1,0,1,0.0769,0.0,0.0769,0,0.9231,0.0769,0.9231,12,12,13,0.0,0.0,0.0,0.0769,0.0,0.0,1.0,1.0,0,0,0.6667,3,2,0.528,0.1,0.0769,0.6923,0.0769,0.2308,0.0,0.0,0.6667,0.0,0.0,0.0,-0.0,0.0,enter_inner,obstacle,0.7288,11.789259
1836,1.7505,0.8539,0,1.0,0.1667,18,8640,70,150.0,0.0,150.0,1.0,0.6481,0.0556,1,0,1,0.0556,0.0,0.0556,0,0.7778,0.2222,0.9444,14,17,18,0.0,0.0,0.0,0.0556,0.0,1.0,0.0,1.0,0,0,0.5,2,1,0.5227,0.1,0.0556,0.6111,0.0,0.1111,0.0,0.0,0.5,0.0,0.0,0.0,-0.0,0.0,enter_inner,obstacle,0.7285,11.082196
1837,11.8052,5.7586,0,2.0,0.3333,18,8640,70,150.0,0.6257,150.6257,1.0,1.2963,0.1111,1,0,1,0.0556,0.0,0.0556,0,0.7778,0.2222,0.8333,14,15,18,0.3128,0.3128,0.9698,0.1667,0.3333,0.0,0.6667,0.6667,0,0,0.7143,7,5,0.5504,0.1,0.1111,0.7222,0.0556,0.3889,0.0,0.0,0.7143,0.0,0.0,0.0,0.6365,0.0,inner_patrol,obstacle,0.7282,9.52135
1838,86.0,47.2647,1,6.0,1.0,44,21120,44,138.8571,2.0019,140.859,0.6286,1.5909,0.1364,0,0,0,0.0000,0.0,0.0000,0,0.75,0.25,0.8182,33,36,44,0.4004,0.4004,3.103,0.1818,0.375,0.375,0.25,0.625,0,0,0.6667,15,10,0.5746,0.1,0.1136,0.9091,0.0909,0.3409,0.0,0.0,0.6667,0.0,0.0,0.0,1.0822,0.0,completed,,0.728,8.884188
1839,37.0687,18.0823,0,4.0,0.6667,25,12000,70,150.0,1.5022,151.5022,1.0,1.8667,0.16,1,0,1,0.0400,0.0,0.0400,0,0.76,0.24,0.8,19,20,25,0.3756,0.3756,2.3284,0.2,0.4,0.0,0.6,0.6,0,0,1.0,8,8,0.5526,0.1,0.04,0.84,0.0,0.32,0.0,0.0,1.0,0.0,0.0,0.0,0.673,0.0,outer_patrol_b,road_edge,0.7277,8.991065
1840,86.0,51.3732,1,6.0,1.0,41,19680,41,137.5714,0.0,137.5714,0.5857,1.7073,0.1463,0,0,0,0.0000,0.0,0.0000,0,0.8049,0.1951,0.8537,33,35,41,0.0,0.0,0.0,0.1463,0.0,0.3333,0.6667,1.0,0,0,0.625,8,5,0.5486,0.1,0.0732,0.7317,0.0244,0.1951,0.0,0.0,0.625,0.0,0.0,0.0,0.6365,0.0,completed,,0.7274,9.390304
1841,86.0,49.366,1,6.0,1.0,44,21120,44,138.8571,0.6925,139.5496,0.6286,1.5909,0.1364,0,0,0,0.0000,0.0,0.0000,0,0.75,0.25,0.8636,33,38,44,0.1385,0.1385,1.0733,0.1364,0.1667,0.1667,0.6667,0.8333,0,0,0.8462,13,11,0.5484,0.1,0.0682,0.6818,0.0,0.2955,0.0,0.0,0.8462,0.0,0.0,0.0,0.8676,0.0,completed,,0.7271,9.900883
1842,13.6427,6.655,0,2.0,0.3333,17,8160,70,150.0,0.0,150.0,1.0,1.3725,0.1176,0,0,0,0.0000,0.0,0.0000,0,0.7647,0.2353,0.8824,13,15,17,0.0,0.0,0.0,0.1176,0.0,0.0,1.0,1.0,0,0,0.75,4,3,0.5226,0.1,0.0588,0.5294,0.0,0.2353,0.0,0.0,0.75,0.0,0.0,0.0,-0.0,0.0,inner_patrol,obstacle,0.7269,10.932289
1843,62.1778,30.3306,0,5.0,0.8333,42,20160,70,150.0,0.0,150.0,1.0,1.3889,0.119,1,0,1,0.0238,0.0,0.0238,0,0.7381,0.2619,0.881,31,37,42,0.0,0.0,0.0,0.119,0.0,0.0,1.0,1.0,0,0,0.875,8,7,0.5381,0.1,0.0238,0.7143,0.0,0.1905,0.0,0.0,0.875,0.0,0.0,0.0,-0.0,0.0,final_park,wall,0.7266,11.862115
1844,12.6085,6.1505,0,2.0,0.3333,18,8640,70,150.0,0.8364,150.8364,1.0,1.2963,0.1111,1,0,1,0.0556,0.0,0.0556,0,0.7778,0.2222,0.8333,14,15,18,0.4182,0.4182,1.2963,0.1667,0.3333,0.0,0.6667,0.6667,0,0,0.6667,6,4,0.5733,0.1,0.1667,0.7778,0.1111,0.3333,0.0,0.0,0.6667,0.0,0.0,0.0,0.6365,0.0,inner_patrol,obstacle,0.7263,12.794369
1845,21.3248,10.4024,0,2.0,0.3333,21,10080,70,150.0,0.7795,150.7795,1.0,1.1111,0.0952,0,0,0,0.0000,0.0,0.0000,0,0.7619,0.2381,0.8095,16,17,21,0.3898,0.3898,1.2082,0.1905,0.25,0.25,0.5,0.75,0,0,0.75,4,3,0.5611,0.1,0.0952,0.8571,0.0476,0.1905,0.0,0.0,0.75,0.0,0.0,0.0,1.0397,0.0,inner_patrol,obstacle,0.7261,12.447312
1846,86.0,49.9038,1,6.0,1.0,40,19200,40,137.1429,1.2584,138.4013,0.5714,1.75,0.15,0,0,0,0.0000,0.0,0.0000,0,0.8,0.2,0.875,32,35,40,0.2517,0.2517,1.9505,0.125,0.4,0.2,0.4,0.6,0,0,1.0,8,8,0.5385,0.1,0.05,0.725,0.0,0.2,0.0,0.0,1.0,0.0,0.0,0.0,1.0549,0.0,completed,,0.7258,11.069531
1847,86.0,51.9628,1,6.0,1.0,39,18720,39,136.7143,0.0,136.7143,0.5571,1.7949,0.1538,0,0,0,0.0000,0.0,0.0000,0,0.7949,0.2051,0.8205,31,32,39,0.0,0.0,0.0,0.1795,0.0,0.2857,0.7143,1.0,0,0,0.6364,11,7,0.5516,0.1,0.1026,0.7949,0.0256,0.2821,0.0,0.0,0.6364,0.0,0.0,0.0,0.5983,0.0,completed,,0.7255,10.495425
1848,6.2745,3.0607,0,1.0,0.1667,13,6240,70,150.0,0.0,150.0,1.0,0.8974,0.0769,1,0,1,0.0769,0.0,0.0769,0,0.8462,0.1538,0.9231,11,12,13,0.0,0.0,0.0,0.0769,0.0,0.0,1.0,1.0,0,0,1.0,4,4,0.522,0.1,0.0,0.8462,0.0,0.3077,0.0,0.0,1.0,0.0,0.0,0.0,-0.0,0.0,enter_inner,obstacle,0.7253,10.689897
1849,33.0952,16.144,0,4.0,0.6667,30,14400,70,150.0,1.4284,151.4284,1.0,1.5556,0.1333,1,0,1,0.0333,0.0,0.0333,0,0.6667,0.3333,0.7667,20,23,30,0.3571,0.3571,2.214,0.2,0.3333,0.3333,0.3333,0.6667,0,0,0.7,10,7,0.5853,0.1,0.2,0.8667,0.1,0.3333,0.0,0.0,0.7,0.0,0.0,0.0,1.0986,0.0,outer_patrol_b,road_edge,0.725,11.22311
1850,86.0,47.9976,1,6.0,1.0,43,20640,43,138.4286,2.1779,140.6064,0.6143,1.6279,0.1395,0,0,0,0.0000,0.0,0.0000,0,0.6977,0.3023,0.7907,30,34,43,0.4356,0.4356,3.3757,0.2093,0.3333,0.2222,0.4444,0.6667,0,0,0.8182,11,9,0.5629,0.1,0.1163,0.8605,0.0465,0.2558,0.0,0.0,0.8182,0.0,0.0,0.0,1.0609,0.0,completed,,0.7247,11.081116
1851,-7.872,-3.84,0,0.0,0.0,8,3840,70,150.0,0.0,150.0,1.0,0.0,0.0,1,0,1,0.1250,0.0,0.1250,0,1.0,0.0,1.0,8,8,8,0.0,0.0,0.0,0.0,0.0,0.0,0.0,0.0,0,0,0.6667,3,2,0.5189,0.1,0.0,0.75,0.0,0.375,0.0,0.0,0.6667,0.0,0.0,0.0,0.0,0.0,outer_patrol_a,road_edge,0.7245,10.447215
1852,86.0,48.7711,1,6.0,1.0,41,19680,41,137.5714,1.6505,139.2219,0.5857,1.7073,0.1463,0,0,0,0.0000,0.0,0.0000,0,0.8049,0.1951,0.8537,33,35,41,0.3301,0.3301,2.5583,0.1463,0.3333,0.1667,0.5,0.6667,0,0,0.7273,11,8,0.5478,0.1,0.0488,0.7561,0.0,0.2683,0.0,0.0,0.7273,0.0,0.0,0.0,1.0114,0.0,completed,,0.7242,11.846109
1853,59.2423,28.8987,0,5.0,0.8333,41,19680,70,150.0,0.8915,150.8915,1.0,1.4228,0.122,0,0,0,0.0000,0.0,0.0000,0,0.7561,0.2439,0.8537,31,35,41,0.1783,0.1783,1.3819,0.1463,0.1667,0.6667,0.1667,0.8333,0,0,0.8333,12,10,0.5466,0.1,0.0976,0.6829,0.0244,0.2927,0.0,0.0,0.8333,0.0,0.0,0.0,0.8676,0.0,final_park,wall,0.7239,9.872043
1854,24.5224,11.9621,0,3.0,0.5,28,13440,70,150.0,0.7851,150.7851,1.0,1.25,0.1071,1,0,1,0.0357,0.0,0.0357,0,0.7857,0.2143,0.8571,22,24,28,0.2617,0.2617,1.2169,0.1429,0.25,0.25,0.5,0.75,0,0,0.5,10,5,0.5743,0.1,0.1429,0.8571,0.0714,0.3571,0.0,0.0,0.5,0.0,0.0,0.0,1.0397,0.0,return_outer,obstacle,0.7236,10.101219
1855,86.0,50.047,1,6.0,1.0,41,19680,41,137.5714,1.5401,139.1115,0.5857,1.7073,0.1463,1,0,1,0.0244,0.0,0.0244,0,0.8049,0.1951,0.8049,33,33,41,0.308,0.308,2.3871,0.1951,0.25,0.25,0.5,0.75,0,0,0.6667,15,10,0.5948,0.1,0.1707,0.8049,0.0976,0.3659,0.0,0.0,0.6667,0.0,0.0,0.0,1.0397,0.0,completed,,0.7234,9.360558
1856,59.1422,28.8498,0,5.0,0.8333,45,21600,70,150.0,0.7277,150.7277,1.0,1.2963,0.1111,0,0,0,0.0000,0.0,0.0000,0,0.7111,0.2889,0.8222,32,37,45,0.1455,0.1455,1.128,0.1778,0.125,0.25,0.625,0.875,0,0,0.75,16,12,0.5683,0.1,0.0889,0.7333,0.0667,0.3556,0.0,0.0,0.75,0.0,0.0,0.0,0.9003,0.0,final_park,wall,0.7231,10.804507
1857,86.0,48.8109,1,6.0,1.0,40,19200,40,137.1429,1.6315,138.7743,0.5714,1.75,0.15,1,0,1,0.0250,0.0,0.0250,0,0.725,0.275,0.85,29,34,40,0.3263,0.3263,2.5288,0.15,0.3333,0.1667,0.5,0.6667,0,0,0.8333,12,10,0.5428,0.1,0.1,0.8,0.0,0.3,0.0,0.0,0.8333,0.0,0.0,0.0,1.0114,0.0,completed,,0.7228,10.234742
1858,28.0035,13.6602,0,3.0,0.5,24,11520,70,150.0,0.0,150.0,1.0,1.4583,0.125,1,0,1,0.0417,0.0,0.0417,0,0.75,0.25,0.875,18,21,24,0.0,0.0,0.0,0.125,0.0,1.0,0.0,1.0,0,0,0.6667,6,4,0.5439,0.1,0.0833,0.8333,0.0,0.25,0.0,0.0,0.6667,0.0,0.0,0.0,-0.0,0.0,return_outer,obstacle,0.7226,11.871601
1859,34.5101,16.8342,0,4.0,0.6667,29,13920,70,150.0,1.4529,151.4529,1.0,1.6092,0.1379,1,0,1,0.0345,0.0,0.0345,0,0.7586,0.2414,0.7931,22,23,29,0.3632,0.3632,2.252,0.2069,0.3333,0.5,0.1667,0.6667,0,0,0.6667,12,8,0.6079,0.1,0.2414,0.8966,0.1379,0.4138,0.0,0.0,0.6667,0.0,0.0,0.0,1.0114,0.0,outer_patrol_b,road_edge,0.7223,11.678321
1860,1.7494,0.8534,0,1.0,0.1667,18,8640,70,150.0,0.0,150.0,1.0,0.6481,0.0556,1,0,1,0.0556,0.0,0.0556,0,0.7778,0.2222,0.9444,14,17,18,0.0,0.0,0.0,0.0556,0.0,1.0,0.0,1.0,0,0,0.5,6,3,0.5329,0.1,0.0556,0.8889,0.0556,0.3333,0.0,0.0,0.5,0.0,0.0,0.0,-0.0,0.0,enter_inner,obstacle,0.722,10.593958
1861,5.1113,2.4933,0,1.0,0.1667,14,6720,70,150.0,0.0,150.0,1.0,0.8333,0.0714,1,0,1,0.0714,0.0,0.0714,0,0.9286,0.0714,0.9286,13,13,14,0.0,0.0,0.0,0.0714,0.0,0.0,1.0,1.0,0,0,0.3333,3,1,0.5404,0.1,0.0714,0.7143,0.0714,0.2143,0.0,0.0,0.3333,0.0,0.0,0.0,-0.0,0.0,enter_inner,obstacle,0.7218,11.147824
1862,27.1399,13.239,0,3.0,0.5,25,12000,70,150.0,1.2463,151.2463,1.0,1.4,0.12,0,0,0,0.0000,0.0,0.0000,0,0.76,0.24,0.8,19,20,25,0.4154,0.4154,1.9317,0.2,0.4,0.2,0.4,0.6,0,0,0.7778,9,7,0.5748,0.1,0.12,0.8,0.08,0.36,0.0,0.0,0.7778,0.0,0.0,0.0,1.0549,0.0,return_outer,obstacle,0.7215,10.086225
1863,86.0,48.5245,1,6.0,1.0,40,19200,40,137.1429,2.5916,139.7344,0.5714,1.75,0.15,0,0,0,0.0000,0.0,0.0000,0,0.825,0.175,0.825,33,33,40,0.5183,0.5183,4.0169,0.175,0.4286,0.1429,0.4286,0.5714,0,0,0.8125,16,13,0.5554,0.1,0.1,0.775,0.0,0.4,0.0,0.0,0.8125,0.0,0.0,0.0,1.0042,0.0,completed,,0.7212,10.008878
1864,26.7635,13.0554,0,3.0,0.5,26,12480,70,150.0,0.7626,150.7626,1.0,1.3462,0.1154,0,0,0,0.0000,0.0,0.0000,0,0.7692,0.2308,0.8462,20,22,26,0.2542,0.2542,1.1821,0.1538,0.25,0.25,0.5,0.75,0,0,0.6,10,6,0.5757,0.1,0.1538,0.7308,0.0385,0.3846,0.0,0.0,0.6,0.0,0.0,0.0,1.0397,0.0,return_outer,obstacle,0.7209,10.332863
1865,-2.296,-1.12,0,0.0,0.0,12,5760,70,150.0,0.0,150.0,1.0,0.0,0.0,0,0,0,0.0000,0.0,0.0000,0,0.8333,0.1667,1.0,10,12,12,0.0,0.0,0.0,0.0,0.0,0.0,0.0,0.0,0,0,0.0,1,0,0.5101,0.1,0.0,0.6667,0.0,0.0833,0.0,0.0,0.0,0.0,0.0,0.0,0.0,0.0,outer_patrol_a,road_edge,0.7207,10.6265
1866,86.0,44.318,1,6.0,1.0,49,23520,49,141.0,3.1905,144.1905,0.7,1.4286,0.1224,0,0,0,0.0000,0.0,0.0000,0,0.7143,0.2857,0.8571,35,42,49,0.6381,0.6381,4.9452,0.1429,0.5714,0.1429,0.2857,0.4286,0,0,0.7059,17,12,0.5746,0.1,0.1837,0.8367,0.0612,0.3469,0.0,0.0,0.7059,0.0,0.0,0.0,0.9557,0.0,completed,,0.7204,10.78779
1867,4.2714,2.0836,0,1.0,0.1667,15,7200,70,150.0,0.0,150.0,1.0,0.7778,0.0667,1,0,1,0.0667,0.0,0.0667,0,0.8667,0.1333,0.9333,13,14,15,0.0,0.0,0.0,0.0667,0.0,0.0,1.0,1.0,0,0,0.25,4,1,0.5173,0.1,0.0667,0.6,0.0667,0.2667,0.0,0.0,0.25,0.0,0.0,0.0,-0.0,0.0,enter_inner,obstacle,0.7201,11.461718
1868,2.419,1.18,0,0.0,0.0,14,6720,70,150.0,0.0,150.0,1.0,0.0,0.0,0,0,0,0.0000,0.0,0.0000,0,1.0,0.0,1.0,14,14,14,0.0,0.0,0.0,0.0,0.0,0.0,0.0,0.0,0,0,0.0,2,0,0.5135,0.1,0.0,0.5,0.0,0.1429,0.0,0.0,0.0,0.0,0.0,0.0,0.0,0.0,outer_patrol_a,road_edge,0.7199,10.828723
1869,60.3552,29.4415,0,5.0,0.8333,42,20160,70,150.0,0.7387,150.7387,1.0,1.3889,0.119,0,0,0,0.0000,0.0,0.0000,0,0.7143,0.2857,0.8571,30,36,42,0.1477,0.1477,1.145,0.1429,0.1667,0.3333,0.5,0.8333,0,0,0.6364,11,7,0.5458,0.1,0.0714,0.7381,0.0,0.2619,0.0,0.0,0.6364,0.0,0.0,0.0,1.0114,0.0,final_park,wall,0.7196,10.722274
1870,24.5613,11.9811,0,3.0,0.5,25,12000,70,150.0,1.7241,151.7241,1.0,1.4,0.12,1,0,1,0.0400,0.0,0.0400,0,0.76,0.24,0.8,19,20,25,0.5747,0.5747,2.6723,0.2,0.4,0.0,0.6,0.6,0,0,0.6,5,3,0.5518,0.1,0.12,0.84,0.04,0.2,0.0,0.0,0.6,0.0,0.0,0.0,0.673,0.0,return_outer,obstacle,0.7193,9.901257
1871,86.0,49.4642,1,6.0,1.0,41,19680,41,137.5714,0.6037,138.1751,0.5857,1.7073,0.1463,1,0,1,0.0244,0.0,0.0244,0,0.8049,0.1951,0.878,33,36,41,0.1207,0.1207,0.9358,0.1463,0.1667,0.5,0.3333,0.8333,0,0,0.6429,14,9,0.5636,0.1,0.0732,0.7805,0.0488,0.3415,0.0,0.0,0.6429,0.0,0.0,0.0,1.0114,0.0,completed,,0.7191,9.907368
1872,2.9859,1.4565,0,1.0,0.1667,14,6720,70,150.0,0.8777,150.8777,1.0,0.8333,0.0714,0,0,0,0.0000,0.0,0.0000,0,0.8571,0.1429,0.8571,12,12,14,0.8777,0.8777,1.3604,0.1429,0.5,0.0,0.5,0.5,0,0,0.6667,3,2,0.5365,0.1,0.0714,0.8571,0.0714,0.2143,0.0,0.0,0.6667,0.0,0.0,0.0,0.6931,0.0,enter_inner,obstacle,0.7188,11.643026
1873,30.7434,14.9968,0,3.0,0.5,22,10560,70,150.0,0.0,150.0,1.0,1.5909,0.1364,1,0,1,0.0455,0.0,0.0455,0,0.8182,0.1818,0.8636,18,19,22,0.0,0.0,0.0,0.1364,0.0,0.3333,0.6667,1.0,0,0,0.6667,3,2,0.5332,0.1,0.0909,0.7273,0.0,0.1364,0.0,0.0,0.6667,0.0,0.0,0.0,0.6365,0.0,return_outer,obstacle,0.7185,11.069228
1874,35.2881,17.2137,0,4.0,0.6667,31,14880,70,150.0,0.8794,150.8794,1.0,1.5054,0.129,0,0,0,0.0000,0.0,0.0000,0,0.7419,0.2581,0.8065,23,25,31,0.2199,0.2199,1.3631,0.1935,0.1667,0.3333,0.5,0.8333,0,0,0.4545,11,5,0.5972,0.1,0.1935,0.9032,0.129,0.3548,0.0,0.0,0.4545,0.0,0.0,0.0,1.0114,0.0,outer_patrol_b,road_edge,0.7183,11.74044
1875,2.9105,1.4197,0,1.0,0.1667,15,7200,70,150.0,0.6885,150.6885,1.0,0.7778,0.0667,1,0,1,0.0667,0.0,0.0667,0,0.8667,0.1333,0.8667,13,13,15,0.6885,0.6885,1.0672,0.1333,0.5,0.0,0.5,0.5,0,0,0.6,5,3,0.5489,0.1,0.1333,0.8,0.0667,0.3333,0.0,0.0,0.6,0.0,0.0,0.0,0.6931,0.0,enter_inner,obstacle,0.718,12.063526
1876,-2.8085,-1.37,0,0.0,0.0,9,4320,70,150.0,0.0,150.0,1.0,0.0,0.0,1,0,1,0.1111,0.0,0.1111,0,1.0,0.0,1.0,9,9,9,0.0,0.0,0.0,0.0,0.0,0.0,0.0,0.0,0,0,1.0,2,2,0.5042,0.1,0.0,0.8889,0.0,0.2222,0.0,0.0,1.0,0.0,0.0,0.0,0.0,0.0,outer_patrol_a,road_edge,0.7177,11.793927
1877,86.0,51.3931,1,6.0,1.0,40,19200,40,137.1429,0.0,137.1429,0.5714,1.75,0.15,0,0,0,0.0000,0.0,0.0000,0,0.8,0.2,0.875,32,35,40,0.0,0.0,0.0,0.125,0.0,0.2,0.8,1.0,0,0,0.6364,11,7,0.546,0.1,0.05,0.75,0.0,0.275,0.0,0.0,0.6364,0.0,0.0,0.0,0.5004,0.0,completed,,0.7174,11.867377
1878,86.0,50.347,1,6.0,1.0,41,19680,41,137.5714,0.0,137.5714,0.5857,1.7073,0.1463,0,0,0,0.0000,0.0,0.0000,0,0.7561,0.2439,0.878,31,36,41,0.0,0.0,0.0,0.122,0.0,0.6,0.4,1.0,0,0,0.8571,7,6,0.5408,0.1,0.0976,0.6098,0.0244,0.1707,0.0,0.0,0.8571,0.0,0.0,0.0,0.673,0.0,completed,,0.7172,11.164105
1879,86.0,49.0767,1,6.0,1.0,41,19680,41,137.5714,0.8253,138.3968,0.5857,1.7073,0.1463,1,0,1,0.0244,0.0,0.0244,0,0.7073,0.2927,0.8537,29,35,41,0.1651,0.1651,1.2793,0.1463,0.1667,0.5,0.3333,0.8333,0,0,1.0,8,8,0.5388,0.1,0.0244,0.7561,0.0244,0.1951,0.0,0.0,1.0,0.0,0.0,0.0,1.0114,0.0,completed,,0.7169,11.553174
1880,86.0,47.9627,1,6.0,1.0,42,20160,42,138.0,2.501,140.501,0.6,1.6667,0.1429,1,0,1,0.0238,0.0,0.0238,0,0.8095,0.1905,0.8571,34,36,42,0.5002,0.5002,3.8766,0.1429,0.5,0.0,0.5,0.5,0,0,0.8125,16,13,0.5548,0.1,0.0714,0.7857,0.0476,0.381,0.0,0.0,0.8125,0.0,0.0,0.0,0.6931,0.0,completed,,0.7166,12.469732
1881,86.0,51.5187,1,6.0,1.0,40,19200,40,137.1429,0.0,137.1429,0.5714,1.75,0.15,1,0,1,0.0250,0.0,0.0250,0,0.8,0.2,0.85,32,34,40,0.0,0.0,0.0,0.15,0.0,0.3333,0.6667,1.0,0,0,0.6667,12,8,0.5612,0.1,0.05,0.65,0.05,0.3,0.0,0.0,0.6667,0.0,0.0,0.0,0.6365,0.0,completed,,0.7164,13.685259
1882,86.0,47.6845,1,6.0,1.0,42,20160,42,138.0,2.6303,140.6303,0.6,1.6667,0.1429,1,0,1,0.0238,0.0,0.0238,0,0.7857,0.2143,0.8333,33,35,42,0.5261,0.5261,4.077,0.1667,0.5714,0.2857,0.1429,0.4286,0,0,0.8667,15,13,0.5636,0.1,0.119,0.9048,0.0476,0.3571,0.0,0.0,0.8667,0.0,0.0,0.0,0.9557,0.0,completed,,0.7161,13.136936
1883,50.9993,24.8777,0,5.0,0.8333,50,24000,70,150.0,2.9193,152.9193,1.0,1.1667,0.1,0,0,0,0.0000,0.0,0.0000,0,0.74,0.26,0.84,37,42,50,0.5839,0.5839,4.5249,0.16,0.5,0.0,0.5,0.5,0,0,0.5909,22,13,0.5709,0.1,0.14,0.84,0.04,0.44,0.0,0.0,0.5909,0.0,0.0,0.0,0.6931,0.0,final_park,wall,0.7158,9.130155
1884,86.0,52.3351,1,6.0,1.0,38,18240,38,136.2857,0.0,136.2857,0.5429,1.8421,0.1579,1,0,1,0.0263,0.0,0.0263,0,0.8158,0.1842,0.8421,31,32,38,0.0,0.0,0.0,0.1579,0.0,0.3333,0.6667,1.0,0,0,0.7,10,7,0.5594,0.1,0.0526,0.7105,0.0526,0.2632,0.0,0.0,0.7,0.0,0.0,0.0,0.6365,0.0,completed,,0.7156,11.481681
1885,86.0,51.6691,1,6.0,1.0,38,18240,38,136.2857,0.694,136.9797,0.5429,1.8421,0.1579,1,0,1,0.0263,0.0,0.0263,0,0.8421,0.1579,0.8684,32,33,38,0.1388,0.1388,1.0757,0.1316,0.2,0.2,0.6,0.8,0,0,0.7778,9,7,0.5346,0.1,0.0526,0.7105,0.0,0.2368,0.0,0.0,0.7778,0.0,0.0,0.0,0.9503,0.0,completed,,0.7153,11.489549
1886,86.0,50.8949,1,6.0,1.0,38,18240,38,136.2857,0.7001,136.9858,0.5429,1.8421,0.1579,0,0,0,0.0000,0.0,0.0000,0,0.7895,0.2105,0.8421,30,32,38,0.14,0.14,1.0851,0.1579,0.1667,0.5,0.3333,0.8333,0,0,0.8,5,4,0.5373,0.1,0.0789,0.7368,0.0263,0.1316,0.0,0.0,0.8,0.0,0.0,0.0,1.0114,0.0,completed,,0.715,11.254794
1887,10.5636,5.153,0,2.0,0.3333,17,8160,70,150.0,1.4421,151.4421,1.0,1.3725,0.1176,0,0,0,0.0000,0.0,0.0000,0,0.7647,0.2353,0.8235,13,14,17,0.7211,0.7211,2.2353,0.1765,0.6667,0.3333,0.0,0.3333,0,0,0.8,5,4,0.5539,0.1,0.1765,0.6471,0.0588,0.2941,0.0,0.0,0.8,0.0,0.0,0.0,0.6365,0.0,inner_patrol,obstacle,0.7147,11.109619
1888,-10.0,-5.24,0,0.0,0.0,8,3840,70,150.0,0.0,150.0,1.0,0.0,0.0,1,0,1,0.1250,0.0,0.1250,0,1.0,0.0,1.0,8,8,8,0.0,0.0,0.0,0.0,0.0,0.0,0.0,0.0,0,0,0.5,2,1,0.5029,0.1,0.0,0.625,0.0,0.25,0.0,0.0,0.5,0.0,0.0,0.0,0.0,0.0,outer_patrol_a,road_edge,0.7145,11.634507
1889,22.9504,11.1953,0,3.0,0.5,31,14880,70,150.0,1.2697,151.2697,1.0,1.129,0.0968,1,0,1,0.0323,0.0,0.0323,0,0.7419,0.2581,0.8065,23,25,31,0.4232,0.4232,1.968,0.1613,0.4,0.2,0.4,0.6,0,0,0.2,10,2,0.5825,0.1,0.1935,0.8065,0.0645,0.3226,0.0,0.0,0.2,0.0,0.0,0.0,1.0549,0.0,return_outer,obstacle,0.7142,12.74139
1890,86.0,51.6615,1,6.0,1.0,37,17760,37,135.8571,0.8342,136.6914,0.5286,1.8919,0.1622,1,0,1,0.0270,0.0,0.0270,0,0.8108,0.1892,0.8108,30,30,37,0.1668,0.1668,1.2931,0.1892,0.1429,0.1429,0.7143,0.8571,0,0,0.7778,9,7,0.5537,0.1,0.1081,0.7027,0.027,0.2432,0.0,0.0,0.7778,0.0,0.0,0.0,0.7963,0.0,completed,,0.7139,11.741668
1891,86.0,50.1877,1,6.0,1.0,44,21120,44,138.8571,0.8471,139.7042,0.6286,1.5909,0.1364,1,0,1,0.0227,0.0,0.0227,0,0.8409,0.1591,0.8409,37,37,44,0.1694,0.1694,1.313,0.1591,0.1429,0.2857,0.5714,0.8571,0,0,0.5625,16,9,0.6014,0.1,0.2045,0.7727,0.0909,0.3636,0.0,0.0,0.5625,0.0,0.0,0.0,0.9557,0.0,completed,,0.7137,10.112706
1892,86.0,49.8472,1,6.0,1.0,41,19680,41,137.5714,0.6956,138.2671,0.5857,1.7073,0.1463,1,0,1,0.0244,0.0,0.0244,0,0.8293,0.1707,0.878,34,36,41,0.1391,0.1391,1.0782,0.122,0.2,0.2,0.6,0.8,0,0,0.6667,9,6,0.5446,0.1,0.0488,0.6341,0.0244,0.2195,0.0,0.0,0.6667,0.0,0.0,0.0,0.9503,0.0,completed,,0.7134,8.797529
1893,86.0,51.8958,1,6.0,1.0,36,17280,36,135.4286,0.6185,136.0471,0.5143,1.9444,0.1667,1,0,1,0.0278,0.0,0.0278,0,0.8056,0.1944,0.8333,29,30,36,0.1237,0.1237,0.9587,0.1667,0.1667,0.0,0.8333,0.8333,0,0,1.0,9,9,0.5524,0.1,0.0556,0.7222,0.0278,0.25,0.0,0.0,1.0,0.0,0.0,0.0,0.4506,0.0,completed,,0.7131,10.40455
1894,23.4996,11.4632,0,3.0,0.5,29,13920,70,150.0,0.7721,150.7721,1.0,1.2069,0.1034,0,0,0,0.0000,0.0,0.0000,0,0.8276,0.1724,0.8966,24,26,29,0.2574,0.2574,1.1968,0.1034,0.3333,0.3333,0.3333,0.6667,0,0,0.6154,13,8,0.5622,0.1,0.069,0.7931,0.0,0.4483,0.0,0.0,0.6154,0.0,0.0,0.0,1.0986,0.0,return_outer,obstacle,0.7129,11.879491
1895,86.0,48.6839,1,6.0,1.0,42,20160,42,138.0,2.1879,140.1879,0.6,1.6667,0.1429,1,0,1,0.0238,0.0,0.0238,0,0.7619,0.2381,0.8333,32,35,42,0.4376,0.4376,3.3913,0.1667,0.4286,0.0,0.5714,0.5714,0,0,0.7273,11,8,0.5679,0.1,0.119,0.881,0.0714,0.2619,0.0,0.0,0.7273,0.0,0.0,0.0,0.6829,0.0,completed,,0.7126,10.717646
1896,86.0,49.7217,1,6.0,1.0,40,19200,40,137.1429,0.8508,137.9936,0.5714,1.75,0.15,1,0,1,0.0250,0.0,0.0250,0,0.725,0.275,0.85,29,34,40,0.1702,0.1702,1.3187,0.15,0.1667,0.3333,0.5,0.8333,0,0,0.75,8,6,0.5422,0.1,0.05,0.8,0.0,0.2,0.0,0.0,0.75,0.0,0.0,0.0,1.0114,0.0,completed,,0.7123,11.269561
1897,20.1065,9.808,0,3.0,0.5,30,14400,70,150.0,1.5484,151.5484,1.0,1.1667,0.1,1,0,1,0.0333,0.0,0.0333,0,0.6,0.4,0.8,18,24,30,0.5161,0.5161,2.4,0.2,0.3333,0.3333,0.3333,0.6667,0,0,0.75,8,6,0.577,0.1,0.1333,0.7,0.0333,0.2667,0.0,0.0,0.75,0.0,0.0,0.0,1.0986,0.0,return_outer,obstacle,0.7121,9.3898
1898,7.8916,3.8496,0,2.0,0.3333,21,10080,70,150.0,1.2761,151.2761,1.0,1.1111,0.0952,0,0,0,0.0000,0.0,0.0000,0,0.6667,0.3333,0.8571,14,18,21,0.638,0.638,1.9779,0.1429,0.6667,0.3333,0.0,0.3333,0,0,0.6667,3,2,0.5365,0.1,0.0476,0.619,0.0476,0.1429,0.0,0.0,0.6667,0.0,0.0,0.0,0.6365,0.0,inner_patrol,obstacle,0.7118,10.113448
1899,12.2042,5.9532,0,2.0,0.3333,23,11040,70,150.0,0.8893,150.8893,1.0,1.0145,0.087,1,0,1,0.0435,0.0,0.0435,0,0.6957,0.3043,0.8261,16,19,23,0.4446,0.4446,1.3784,0.1739,0.25,0.0,0.75,0.75,0,0,0.5556,9,5,0.5685,0.1,0.2174,0.7826,0.087,0.3913,0.0,0.0,0.5556,0.0,0.0,0.0,0.5623,0.0,inner_patrol,obstacle,0.7115,9.503355
1900,86.0,50.2908,1,6.0,1.0,41,19680,41,137.5714,0.86,138.4314,0.5857,1.7073,0.1463,0,0,0,0.0000,0.0,0.0000,0,0.7805,0.2195,0.8293,32,34,41,0.172,0.172,1.333,0.1707,0.1429,0.2857,0.5714,0.8571,0,0,0.6667,12,8,0.5533,0.1,0.1463,0.878,0.0244,0.2927,0.0,0.0,0.6667,0.0,0.0,0.0,0.9557,0.0,completed,,0.7112,11.168067
1901,4.9511,2.4151,0,1.0,0.1667,14,6720,70,150.0,0.0,150.0,1.0,0.8333,0.0714,0,0,0,0.0000,0.0,0.0000,0,0.8571,0.1429,0.9286,12,13,14,0.0,0.0,0.0,0.0714,0.0,0.0,1.0,1.0,0,0,0.5,2,1,0.5148,0.1,0.0714,0.6429,0.0714,0.1429,0.0,0.0,0.5,0.0,0.0,0.0,-0.0,0.0,enter_inner,obstacle,0.711,11.659836
1902,64.356,31.3932,0,5.0,0.8333,38,18240,70,150.0,0.0,150.0,1.0,1.5351,0.1316,0,0,0,0.0000,0.0,0.0000,0,0.8421,0.1579,0.8684,32,33,38,0.0,0.0,0.0,0.1316,0.0,0.2,0.8,1.0,0,0,0.6667,12,8,0.5523,0.1,0.0789,0.7368,0.0526,0.3158,0.0,0.0,0.6667,0.0,0.0,0.0,0.5004,0.0,final_park,wall,0.7107,11.048914
1903,86.0,47.175,1,6.0,1.0,48,23040,48,140.5714,2.8147,143.3861,0.6857,1.4583,0.125,1,0,1,0.0208,0.0,0.0208,0,0.7708,0.2292,0.8125,37,39,48,0.5629,0.5629,4.3627,0.1875,0.4444,0.0,0.5556,0.5556,0,0,0.5789,19,11,0.6061,0.1,0.1875,0.75,0.1042,0.3958,0.0,0.0,0.5789,0.0,0.0,0.0,0.687,0.0,completed,,0.7104,9.744516
1904,86.0,47.5179,1,6.0,1.0,44,21120,44,138.8571,1.9983,140.8555,0.6286,1.5909,0.1364,0,0,0,0.0000,0.0,0.0000,0,0.7727,0.2273,0.8409,34,37,44,0.3997,0.3997,3.0974,0.1591,0.4286,0.1429,0.4286,0.5714,0,0,0.7778,9,7,0.5555,0.1,0.0682,0.7955,0.0455,0.2045,0.0,0.0,0.7778,0.0,0.0,0.0,1.0042,0.0,completed,,0.7102,9.979452
1905,-7.3595,-3.59,0,0.0,0.0,11,5280,70,150.0,0.0,150.0,1.0,0.0,0.0,1,0,1,0.0909,0.0,0.0909,0,0.8182,0.1818,1.0,9,11,11,0.0,0.0,0.0,0.0,0.0,0.0,0.0,0.0,0,0,0.5,2,1,0.4944,0.1,0.0,0.5455,0.0,0.1818,0.0,0.0,0.5,0.0,0.0,0.0,0.0,0.0,outer_patrol_a,road_edge,0.7099,10.470335
1906,2.266,1.1054,0,1.0,0.1667,17,8160,70,150.0,0.0,150.0,1.0,0.6863,0.0588,1,0,1,0.0588,0.0,0.0588,0,0.6471,0.3529,0.9412,11,16,17,0.0,0.0,0.0,0.0588,0.0,0.0,1.0,1.0,0,0,0.5,4,2,0.5367,0.1,0.0588,0.6471,0.0588,0.2353,0.0,0.0,0.5,0.0,0.0,0.0,-0.0,0.0,enter_inner,obstacle,0.7096,11.024894
1907,38.7919,18.9229,0,4.0,0.6667,28,13440,70,150.0,0.0,150.0,1.0,1.6667,0.1429,1,0,1,0.0357,0.0,0.0357,0,0.75,0.25,0.8214,21,23,28,0.0,0.0,0.0,0.1786,0.0,0.4,0.6,1.0,0,0,0.4286,7,3,0.5697,0.1,0.1071,0.9286,0.0714,0.25,0.0,0.0,0.4286,0.0,0.0,0.0,0.673,0.0,outer_patrol_b,road_edge,0.7094,10.886616
1908,0.9747,0.4755,0,1.0,0.1667,18,8640,70,150.0,0.8389,150.8389,1.0,0.6481,0.0556,1,0,1,0.0556,0.0,0.0556,0,0.7222,0.2778,0.8889,13,16,18,0.8389,0.8389,1.3003,0.1111,0.5,0.0,0.5,0.5,0,0,0.0,2,0,0.5519,0.1,0.1111,0.6111,0.0556,0.1111,0.0,0.0,0.0,0.0,0.0,0.0,0.6931,0.0,enter_inner,obstacle,0.7091,10.588323
1909,24.9248,12.1584,0,3.0,0.5,26,12480,70,150.0,0.6992,150.6992,1.0,1.3462,0.1154,1,0,1,0.0385,0.0,0.0385,0,0.6538,0.3462,0.8462,17,22,26,0.2331,0.2331,1.0838,0.1538,0.25,0.5,0.25,0.75,0,0,0.6667,9,6,0.5791,0.1,0.1154,0.7308,0.0769,0.3462,0.0,0.0,0.6667,0.0,0.0,0.0,1.0397,0.0,return_outer,obstacle,0.7088,11.029501
1910,41.206,20.1005,0,4.0,0.6667,24,11520,70,150.0,0.0,150.0,1.0,1.9444,0.1667,0,0,0,0.0000,0.0,0.0000,0,0.75,0.25,0.7917,18,19,24,0.0,0.0,0.0,0.2083,0.0,0.2,0.8,1.0,0,0,0.7143,7,5,0.5717,0.1,0.1667,0.75,0.0417,0.2917,0.0,0.0,0.7143,0.0,0.0,0.0,0.5004,0.0,outer_patrol_b,road_edge,0.7085,10.654224
1911,28.1713,13.7421,0,3.0,0.5,26,12480,70,150.0,0.6782,150.6782,1.0,1.3462,0.1154,0,0,0,0.0000,0.0,0.0000,0,0.7308,0.2692,0.8077,19,21,26,0.2261,0.2261,1.0512,0.1923,0.2,0.2,0.6,0.8,0,0,0.2,5,1,0.5709,0.1,0.1154,0.8077,0.0769,0.1923,0.0,0.0,0.2,0.0,0.0,0.0,0.9503,0.0,return_outer,obstacle,0.7083,9.17276
1912,34.7321,16.9425,0,4.0,0.6667,35,16800,70,150.0,1.2939,151.2939,1.0,1.3333,0.1143,0,0,0,0.0000,0.0,0.0000,0,0.7714,0.2286,0.8286,27,29,35,0.3235,0.3235,2.0055,0.1714,0.3333,0.3333,0.3333,0.6667,0,0,0.4667,15,7,0.6092,0.1,0.2857,0.8857,0.1429,0.4286,0.0,0.0,0.4667,0.0,0.0,0.0,1.0986,0.0,outer_patrol_b,road_edge,0.708,8.333726
1913,86.0,48.5982,1,6.0,1.0,41,19680,41,137.5714,2.2294,139.8008,0.5857,1.7073,0.1463,1,0,1,0.0244,0.0,0.0244,0,0.8049,0.1951,0.8293,33,34,41,0.4459,0.4459,3.4555,0.1707,0.4286,0.1429,0.4286,0.5714,0,0,0.8,15,12,0.5588,0.1,0.0976,0.8293,0.0244,0.3659,0.0,0.0,0.8,0.0,0.0,0.0,1.0042,0.0,completed,,0.7077,7.986269
1914,86.0,45.3712,1,6.0,1.0,47,22560,47,140.1429,2.384,142.5268,0.6714,1.4894,0.1277,1,0,1,0.0213,0.0,0.0213,0,0.7021,0.2979,0.8723,33,41,47,0.4768,0.4768,3.6952,0.1277,0.5,0.3333,0.1667,0.5,0,0,0.8462,13,11,0.542,0.1,0.1064,0.7872,0.0,0.2766,0.0,0.0,0.8462,0.0,0.0,0.0,1.0114,0.0,completed,,0.7075,10.137572
1915,86.0,50.304,1,6.0,1.0,40,19200,40,137.1429,0.8733,138.0162,0.5714,1.75,0.15,1,0,1,0.0250,0.0,0.0250,0,0.775,0.225,0.875,31,35,40,0.1747,0.1747,1.3536,0.125,0.2,0.2,0.6,0.8,0,0,0.8182,11,9,0.536,0.1,0.025,0.825,0.0,0.275,0.0,0.0,0.8182,0.0,0.0,0.0,0.9503,0.0,completed,,0.7072,11.747199
1916,29.8421,14.5571,0,3.0,0.5,22,10560,70,150.0,0.6264,150.6264,1.0,1.5909,0.1364,1,0,1,0.0455,0.0,0.0455,0,0.8636,0.1364,0.8636,19,19,22,0.2088,0.2088,0.9709,0.1364,0.3333,0.3333,0.3333,0.6667,0,0,0.8333,6,5,0.5726,0.1,0.0909,0.8636,0.0455,0.2727,0.0,0.0,0.8333,0.0,0.0,0.0,1.0986,0.0,return_outer,obstacle,0.7069,13.067113
1917,33.0948,16.1438,0,4.0,0.6667,34,16320,70,150.0,0.0,150.0,1.0,1.3725,0.1176,1,0,1,0.0294,0.0,0.0294,0,0.6471,0.3529,0.8529,22,29,34,0.0,0.0,0.0,0.1471,0.0,0.4,0.6,1.0,0,0,0.5385,13,7,0.5779,0.1,0.1471,0.7941,0.0294,0.3824,0.0,0.0,0.5385,0.0,0.0,0.0,0.673,0.0,outer_patrol_b,road_edge,0.7067,12.523457
1918,37.5397,18.312,0,4.0,0.6667,26,12480,70,150.0,0.0,150.0,1.0,1.7949,0.1538,1,0,1,0.0385,0.0,0.0385,0,0.7308,0.2692,0.8462,19,22,26,0.0,0.0,0.0,0.1538,0.0,0.75,0.25,1.0,0,0,0.75,8,6,0.5609,0.1,0.0769,0.8462,0.0769,0.3077,0.0,0.0,0.75,0.0,0.0,0.0,0.5623,0.0,outer_patrol_b,road_edge,0.7064,10.829878
1919,4.2763,2.086,0,1.0,0.1667,15,7200,70,150.0,0.0,150.0,1.0,0.7778,0.0667,0,0,0,0.0000,0.0,0.0000,0,0.8667,0.1333,0.9333,13,14,15,0.0,0.0,0.0,0.0667,0.0,0.0,1.0,1.0,0,0,0.5,6,3,0.5326,0.1,0.0667,0.9333,0.0667,0.4,0.0,0.0,0.5,0.0,0.0,0.0,-0.0,0.0,enter_inner,obstacle,0.7061,10.056494
1920,22.8247,11.134,0,2.0,0.3333,21,10080,70,150.0,0.0,150.0,1.0,1.1111,0.0952,0,0,0,0.0000,0.0,0.0000,0,0.8095,0.1905,0.9048,17,19,21,0.0,0.0,0.0,0.0952,0.0,0.5,0.5,1.0,0,0,0.6667,9,6,0.5427,0.1,0.0952,0.7619,0.0,0.4286,0.0,0.0,0.6667,0.0,0.0,0.0,0.6931,0.0,inner_patrol,obstacle,0.7059,8.938309
1921,86.0,49.0809,1,6.0,1.0,45,21600,45,139.2857,0.6435,139.9292,0.6429,1.5556,0.1333,1,0,1,0.0222,0.0,0.0222,0,0.7556,0.2444,0.8889,34,40,45,0.1287,0.1287,0.9974,0.1111,0.2,0.0,0.8,0.8,0,0,0.5385,13,7,0.5451,0.1,0.0889,0.7556,0.0,0.2889,0.0,0.0,0.5385,0.0,0.0,0.0,0.5004,0.0,completed,,0.7056,8.522382
1922,5.7936,2.8261,0,1.0,0.1667,13,6240,70,150.0,0.0,150.0,1.0,0.8974,0.0769,1,0,1,0.0769,0.0,0.0769,0,0.9231,0.0769,0.9231,12,12,13,0.0,0.0,0.0,0.0769,0.0,0.0,1.0,1.0,0,0,0.5,2,1,0.5043,0.1,0.0769,0.6154,0.0,0.1538,0.0,0.0,0.5,0.0,0.0,0.0,-0.0,0.0,enter_inner,obstacle,0.7053,8.822013
1923,86.0,49.4962,1,6.0,1.0,38,18240,38,136.2857,2.2592,138.5449,0.5429,1.8421,0.1579,0,0,0,0.0000,0.0,0.0000,0,0.7895,0.2105,0.8421,30,32,38,0.4518,0.4518,3.5018,0.1579,0.5,0.1667,0.3333,0.5,0,0,0.875,8,7,0.5472,0.1,0.0526,0.9211,0.0,0.2105,0.0,0.0,0.875,0.0,0.0,0.0,1.0114,0.0,completed,,0.705,9.11126
1924,86.0,51.8559,1,6.0,1.0,37,17760,37,135.8571,0.7347,136.5918,0.5286,1.8919,0.1622,1,0,1,0.0270,0.0,0.0270,0,0.8108,0.1892,0.8378,30,31,37,0.1469,0.1469,1.1388,0.1622,0.1667,0.1667,0.6667,0.8333,0,0,0.9167,12,11,0.5675,0.1,0.1081,0.6216,0.0811,0.3243,0.0,0.0,0.9167,0.0,0.0,0.0,0.8676,0.0,completed,,0.7048,8.561225
1925,37.9259,18.5004,0,4.0,0.6667,25,12000,70,150.0,0.8968,150.8968,1.0,1.8667,0.16,1,0,1,0.0400,0.0,0.0400,0,0.72,0.28,0.76,18,19,25,0.2242,0.2242,1.39,0.24,0.1667,0.3333,0.5,0.8333,0,0,0.8333,6,5,0.5434,0.1,0.12,0.68,0.0,0.24,0.0,0.0,0.8333,0.0,0.0,0.0,1.0114,0.0,outer_patrol_b,road_edge,0.7045,9.790915
1926,86.0,48.7913,1,6.0,1.0,42,20160,42,138.0,2.1297,140.1297,0.6,1.6667,0.1429,0,0,0,0.0000,0.0,0.0000,0,0.8095,0.1905,0.8333,34,35,42,0.4259,0.4259,3.3011,0.1667,0.4286,0.1429,0.4286,0.5714,0,0,0.6667,15,10,0.5592,0.1,0.0952,0.7619,0.0,0.3571,0.0,0.0,0.6667,0.0,0.0,0.0,1.0042,0.0,completed,,0.7042,11.806859
1927,86.0,53.5133,1,6.0,1.0,34,16320,34,134.5714,0.0,134.5714,0.4857,2.0588,0.1765,0,0,0,0.0000,0.0,0.0000,0,0.8529,0.1471,0.8529,29,29,34,0.0,0.0,0.0,0.1471,0.0,0.2,0.8,1.0,0,0,1.0,6,6,0.5515,0.1,0.0588,0.7647,0.0,0.1765,0.0,0.0,1.0,0.0,0.0,0.0,0.5004,0.0,completed,,0.704,13.933453
1928,86.0,52.3169,1,6.0,1.0,37,17760,37,135.8571,0.0,135.8571,0.5286,1.8919,0.1622,0,0,0,0.0000,0.0,0.0000,0,0.8378,0.1622,0.8649,31,32,37,0.0,0.0,0.0,0.1351,0.0,0.4,0.6,1.0,0,0,0.75,8,6,0.5482,0.1,0.027,0.6757,0.027,0.2162,0.0,0.0,0.75,0.0,0.0,0.0,0.673,0.0,completed,,0.7037,13.200967
1929,27.1476,13.2427,0,3.0,0.5,26,12480,70,150.0,0.0,150.0,1.0,1.3462,0.1154,0,0,0,0.0000,0.0,0.0000,0,0.6923,0.3077,0.8846,18,23,26,0.0,0.0,0.0,0.1154,0.0,0.3333,0.6667,1.0,0,0,0.75,4,3,0.5374,0.1,0.0769,0.8077,0.0,0.1538,0.0,0.0,0.75,0.0,0.0,0.0,0.6365,0.0,return_outer,obstacle,0.7034,13.786383
1930,4.1036,2.0017,0,1.0,0.1667,15,7200,70,150.0,0.0,150.0,1.0,0.7778,0.0667,1,0,1,0.0667,0.0,0.0667,0,0.8667,0.1333,0.9333,13,14,15,0.0,0.0,0.0,0.0667,0.0,1.0,0.0,1.0,0,0,0.5,2,1,0.5332,0.1,0.0667,0.7333,0.0667,0.1333,0.0,0.0,0.5,0.0,0.0,0.0,-0.0,0.0,enter_inner,obstacle,0.7032,11.847023
1931,86.0,50.886,1,6.0,1.0,38,18240,38,136.2857,0.6853,136.971,0.5429,1.8421,0.1579,1,0,1,0.0263,0.0,0.0263,0,0.8158,0.1842,0.8684,31,33,38,0.1371,0.1371,1.0622,0.1316,0.2,0.4,0.4,0.8,0,0,1.0,8,8,0.5378,0.1,0.0789,0.8421,0.0,0.2105,0.0,0.0,1.0,0.0,0.0,0.0,1.0549,0.0,completed,,0.7029,11.769043
1932,86.0,51.6028,1,6.0,1.0,37,17760,37,135.8571,0.6947,136.5518,0.5286,1.8919,0.1622,0,0,0,0.0000,0.0,0.0000,0,0.7838,0.2162,0.8108,29,30,37,0.1389,0.1389,1.0768,0.1892,0.1429,0.2857,0.5714,0.8571,0,0,0.9167,12,11,0.554,0.1,0.0811,0.7838,0.027,0.3243,0.0,0.0,0.9167,0.0,0.0,0.0,0.9557,0.0,completed,,0.7026,9.457299
1933,86.0,42.8582,1,6.0,1.0,52,24960,52,142.2857,4.0874,146.3731,0.7429,1.3462,0.1154,0,0,0,0.0000,0.0,0.0000,0,0.6538,0.3462,0.8077,34,42,52,0.8175,0.8175,6.3354,0.1923,0.5,0.0,0.5,0.5,0,0,0.6316,19,12,0.6027,0.1,0.2308,0.8269,0.1154,0.3654,0.0,0.0,0.6316,0.0,0.0,0.0,0.6931,0.0,completed,,0.7023,8.870861
1934,86.0,50.22,1,6.0,1.0,40,19200,40,137.1429,0.6427,137.7856,0.5714,1.75,0.15,1,0,1,0.0250,0.0,0.0250,0,0.75,0.25,0.85,30,34,40,0.1285,0.1285,0.9962,0.15,0.1667,0.1667,0.6667,0.8333,0,0,0.875,8,7,0.5412,0.1,0.075,0.775,0.025,0.2,0.0,0.0,0.875,0.0,0.0,0.0,0.8676,0.0,completed,,0.7021,11.199821
1935,-5.166,-2.52,0,0.0,0.0,12,5760,70,150.0,0.0,150.0,1.0,0.0,0.0,1,0,1,0.0833,0.0,0.0833,0,0.8333,0.1667,1.0,10,12,12,0.0,0.0,0.0,0.0,0.0,0.0,0.0,0.0,0,0,0.0,2,0,0.4964,0.1,0.0,0.75,0.0,0.1667,0.0,0.0,0.0,0.0,0.0,0.0,0.0,0.0,outer_patrol_a,road_edge,0.7018,10.677005
1936,13.0767,6.3789,0,3.0,0.5,40,19200,70,150.0,2.4211,152.4211,1.0,0.875,0.075,1,0,1,0.0250,0.0,0.0250,0,0.7,0.3,0.9,28,36,40,0.807,0.807,3.7527,0.1,0.75,0.0,0.25,0.25,0,0,0.4,20,8,0.6184,0.1,0.25,0.925,0.15,0.5,0.0,0.0,0.4,0.0,0.0,0.0,0.5623,0.0,return_outer,obstacle,0.7015,11.532406
1937,4.7797,2.3316,0,1.0,0.1667,14,6720,70,150.0,0.0,150.0,1.0,0.8333,0.0714,0,0,0,0.0000,0.0,0.0000,0,0.8571,0.1429,0.9286,12,13,14,0.0,0.0,0.0,0.0714,0.0,1.0,0.0,1.0,0,0,0.5,4,2,0.5302,0.1,0.0714,0.6429,0.0714,0.2857,0.0,0.0,0.5,0.0,0.0,0.0,-0.0,0.0,enter_inner,obstacle,0.7013,11.060574
1938,28.7646,14.0315,0,3.0,0.5,23,11040,70,150.0,0.6168,150.6168,1.0,1.5217,0.1304,1,0,1,0.0435,0.0,0.0435,0,0.8261,0.1739,0.8261,19,19,23,0.2056,0.2056,0.956,0.1739,0.25,0.5,0.25,0.75,0,0,0.8,5,4,0.5626,0.1,0.1304,0.6522,0.0435,0.2174,0.0,0.0,0.8,0.0,0.0,0.0,1.0397,0.0,return_outer,obstacle,0.701,11.52379
1939,38.5543,18.807,0,4.0,0.6667,25,12000,70,150.0,0.0,150.0,1.0,1.8667,0.16,1,0,1,0.0400,0.0,0.0400,0,0.76,0.24,0.84,19,21,25,0.0,0.0,0.0,0.16,0.0,0.5,0.5,1.0,0,0,0.8333,6,5,0.5523,0.1,0.04,0.68,0.0,0.24,0.0,0.0,0.8333,0.0,0.0,0.0,0.6931,0.0,outer_patrol_b,road_edge,0.7007,11.60955
1940,86.0,45.7435,1,6.0,1.0,45,21600,45,139.2857,2.5213,141.807,0.6429,1.5556,0.1333,1,0,1,0.0222,0.0,0.0222,0,0.7556,0.2444,0.8444,34,38,45,0.5043,0.5043,3.908,0.1556,0.4286,0.2857,0.2857,0.5714,0,0,0.7692,13,10,0.5701,0.1,0.1111,0.7111,0.0667,0.2889,0.0,0.0,0.7692,0.0,0.0,0.0,1.079,0.0,completed,,0.7005,12.675428
1941,86.0,50.3929,1,6.0,1.0,40,19200,40,137.1429,0.7954,137.9382,0.5714,1.75,0.15,1,0,1,0.0250,0.0,0.0250,0,0.775,0.225,0.875,31,35,40,0.1591,0.1591,1.2328,0.125,0.2,0.0,0.8,0.8,0,0,0.7778,9,7,0.5324,0.1,0.025,0.775,0.0,0.225,0.0,0.0,0.7778,0.0,0.0,0.0,0.5004,0.0,completed,,0.7002,11.272439
1942,4.2786,2.0871,0,1.0,0.1667,15,7200,70,150.0,0.0,150.0,1.0,0.7778,0.0667,0,0,0,0.0000,0.0,0.0000,0,0.8667,0.1333,0.9333,13,14,15,0.0,0.0,0.0,0.0667,0.0,0.0,1.0,1.0,0,0,0.4,5,2,0.5226,0.1,0.0667,0.8,0.0,0.3333,0.0,0.0,0.4,0.0,0.0,0.0,-0.0,0.0,enter_inner,obstacle,0.6999,11.688236
1943,13.6139,6.6409,0,2.0,0.3333,16,7680,70,150.0,0.6368,150.6368,1.0,1.4583,0.125,1,0,1,0.0625,0.0,0.0625,0,0.75,0.25,0.8125,12,13,16,0.3184,0.3184,0.9871,0.1875,0.3333,0.3333,0.3333,0.6667,0,0,1.0,2,2,0.511,0.1,0.0625,0.6875,0.0,0.125,0.0,0.0,1.0,0.0,0.0,0.0,1.0986,0.0,inner_patrol,obstacle,0.6997,10.922451
1944,86.0,49.2595,1,6.0,1.0,41,19680,41,137.5714,1.3728,138.9442,0.5857,1.7073,0.1463,1,0,1,0.0244,0.0,0.0244,0,0.7805,0.2195,0.8293,32,34,41,0.2746,0.2746,2.1279,0.1707,0.2857,0.4286,0.2857,0.7143,0,0,0.8571,14,12,0.5584,0.1,0.0732,0.7805,0.0488,0.3415,0.0,0.0,0.8571,0.0,0.0,0.0,1.079,0.0,completed,,0.6994,10.212842
1945,86.0,48.7612,1,6.0,1.0,41,19680,41,137.5714,2.0722,139.6436,0.5857,1.7073,0.1463,1,0,1,0.0244,0.0,0.0244,0,0.7561,0.2439,0.8293,31,34,41,0.4144,0.4144,3.2119,0.1707,0.4286,0.0,0.5714,0.5714,0,0,0.8333,12,10,0.5415,0.1,0.122,0.7805,0.0244,0.2927,0.0,0.0,0.8333,0.0,0.0,0.0,0.6829,0.0,completed,,0.6991,9.956606
1946,86.0,50.8879,1,6.0,1.0,37,17760,37,135.8571,0.8753,136.7325,0.5286,1.8919,0.1622,1,0,1,0.0270,0.0,0.0270,0,0.8108,0.1892,0.8649,30,32,37,0.1751,0.1751,1.3567,0.1351,0.2,0.4,0.4,0.8,0,0,1.0,8,8,0.5575,0.1,0.0811,0.7027,0.0541,0.2162,0.0,0.0,1.0,0.0,0.0,0.0,1.0549,0.0,completed,,0.6988,11.683717
1947,86.0,46.0546,1,6.0,1.0,47,22560,47,140.1429,2.7024,142.8453,0.6714,1.4894,0.1277,1,0,1,0.0213,0.0,0.0213,0,0.7234,0.2766,0.8511,34,40,47,0.5405,0.5405,4.1888,0.1489,0.5714,0.0,0.4286,0.4286,0,0,0.7,10,7,0.553,0.1,0.0638,0.7872,0.0213,0.2128,0.0,0.0,0.7,0.0,0.0,0.0,0.6829,0.0,completed,,0.6986,12.351205
1948,86.0,44.4353,1,6.0,1.0,49,23520,49,141.0,3.3742,144.3742,0.7,1.4286,0.1224,1,0,1,0.0204,0.0,0.0204,0,0.7143,0.2857,0.8571,35,42,49,0.6748,0.6748,5.23,0.1429,0.5714,0.1429,0.2857,0.4286,0,0,0.6471,17,11,0.5896,0.1,0.2041,0.7143,0.102,0.3469,0.0,0.0,0.6471,0.0,0.0,0.0,0.9557,0.0,completed,,0.6983,10.020093
1949,86.0,50.2167,1,6.0,1.0,42,20160,42,138.0,0.0,138.0,0.6,1.6667,0.1429,1,0,1,0.0238,0.0,0.0238,0,0.7619,0.2381,0.881,32,37,42,0.0,0.0,0.0,0.119,0.0,0.6,0.4,1.0,0,0,0.6667,9,6,0.5359,0.1,0.0714,0.7143,0.0,0.2143,0.0,0.0,0.6667,0.0,0.0,0.0,0.673,0.0,completed,,0.698,10.626014
1950,25.6988,12.536,0,3.0,0.5,28,13440,70,150.0,0.0,150.0,1.0,1.25,0.1071,1,0,1,0.0357,0.0,0.0357,0,0.7857,0.2143,0.8929,22,25,28,0.0,0.0,0.0,0.1071,0.0,0.6667,0.3333,1.0,0,0,0.4545,11,5,0.5692,0.1,0.0714,0.8929,0.0357,0.3929,0.0,0.0,0.4545,0.0,0.0,0.0,0.6365,0.0,return_outer,obstacle,0.6978,12.485047
1951,23.4525,11.4402,0,3.0,0.5,28,13440,70,150.0,1.6432,151.6432,1.0,1.25,0.1071,1,0,1,0.0357,0.0,0.0357,0,0.7143,0.2857,0.8214,20,23,28,0.5477,0.5477,2.5469,0.1786,0.4,0.0,0.6,0.6,0,0,0.8333,12,10,0.588,0.1,0.0714,0.8214,0.0714,0.4286,0.0,0.0,0.8333,0.0,0.0,0.0,0.673,0.0,return_outer,obstacle,0.6975,14.246721
1952,2.8019,1.3668,0,1.0,0.1667,18,8640,70,150.0,0.0,150.0,1.0,0.6481,0.0556,1,0,1,0.0556,0.0,0.0556,0,0.7778,0.2222,0.8889,14,16,18,0.0,0.0,0.0,0.1111,0.0,0.5,0.5,1.0,0,0,0.3333,3,1,0.5572,0.1,0.1111,0.5556,0.1111,0.1667,0.0,0.0,0.3333,0.0,0.0,0.0,0.6931,0.0,enter_inner,obstacle,0.6972,12.643068
1953,1.9222,0.9377,0,1.0,0.1667,18,8640,70,150.0,0.0,150.0,1.0,0.6481,0.0556,1,0,1,0.0556,0.0,0.0556,0,0.7778,0.2222,0.9444,14,17,18,0.0,0.0,0.0,0.0556,0.0,0.0,1.0,1.0,0,0,0.25,4,1,0.5335,0.1,0.0556,0.7778,0.0556,0.2222,0.0,0.0,0.25,0.0,0.0,0.0,-0.0,0.0,enter_inner,obstacle,0.697,13.904816
1954,86.0,47.4363,1,6.0,1.0,41,19680,41,137.5714,2.3336,139.905,0.5857,1.7073,0.1463,1,0,1,0.0244,0.0,0.0244,0,0.7561,0.2439,0.8537,31,35,41,0.4667,0.4667,3.6171,0.1463,0.5,0.3333,0.1667,0.5,0,0,0.8333,6,5,0.535,0.1,0.0244,0.8293,0.0,0.1463,0.0,0.0,0.8333,0.0,0.0,0.0,1.0114,0.0,completed,,0.6967,11.879196
1955,13.7176,6.6915,0,2.0,0.3333,18,8640,70,150.0,0.0,150.0,1.0,1.2963,0.1111,1,0,1,0.0556,0.0,0.0556,0,0.8333,0.1667,0.8889,15,16,18,0.0,0.0,0.0,0.1111,0.0,0.0,1.0,1.0,0,0,0.6,5,3,0.5214,0.1,0.0556,0.7222,0.0,0.2778,0.0,0.0,0.6,0.0,0.0,0.0,-0.0,0.0,inner_patrol,obstacle,0.6964,12.175061
1956,19.3005,9.4149,0,2.0,0.3333,21,10080,70,150.0,0.0,150.0,1.0,1.1111,0.0952,1,0,1,0.0476,0.0,0.0476,0,0.7619,0.2381,0.9048,16,19,21,0.0,0.0,0.0,0.0952,0.0,0.5,0.5,1.0,0,0,0.5,8,4,0.5424,0.1,0.0952,0.8571,0.0,0.381,0.0,0.0,0.5,0.0,0.0,0.0,0.6931,0.0,inner_patrol,obstacle,0.6961,12.987207
1957,52.2151,25.4708,0,4.0,0.6667,39,18720,70,150.0,2.1755,152.1755,1.0,1.1966,0.1026,0,0,0,0.0000,0.0,0.0000,0,0.7949,0.2051,0.8462,31,33,39,0.5439,0.5439,3.372,0.1538,0.5,0.0,0.5,0.5,0,0,0.625,8,5,0.547,0.1,0.1026,0.6923,0.0513,0.2051,0.0,0.0,0.625,0.0,0.0,0.0,0.6931,0.0,outer_patrol_b,road_edge,0.6959,11.849896
1958,3.0977,1.511,0,1.0,0.1667,16,7680,70,150.0,0.0,150.0,1.0,0.7292,0.0625,0,0,0,0.0000,0.0,0.0000,0,0.75,0.25,0.9375,12,15,16,0.0,0.0,0.0,0.0625,0.0,1.0,0.0,1.0,0,0,0.6667,6,4,0.5288,0.1,0.0625,0.6875,0.0,0.375,0.0,0.0,0.6667,0.0,0.0,0.0,-0.0,0.0,enter_inner,obstacle,0.6956,11.078113
1959,44.1468,21.535,0,4.0,0.6667,35,16800,70,150.0,1.3019,151.3019,1.0,1.3333,0.1143,0,0,0,0.0000,0.0,0.0000,0,0.7714,0.2286,0.8286,27,29,35,0.3255,0.3255,2.0179,0.1714,0.3333,0.1667,0.5,0.6667,0,0,0.6667,12,8,0.5924,0.1,0.1429,0.7714,0.1429,0.3429,0.0,0.0,0.6667,0.0,0.0,0.0,1.0114,0.0,outer_patrol_b,road_edge,0.6953,8.575386
1960,13.323,6.499,0,2.0,0.3333,17,8160,70,150.0,0.0,150.0,1.0,1.3725,0.1176,1,0,1,0.0588,0.0,0.0588,0,0.7059,0.2941,0.8824,12,15,17,0.0,0.0,0.0,0.1176,0.0,0.5,0.5,1.0,0,0,0.6667,3,2,0.5211,0.1,0.0588,0.7647,0.0,0.1765,0.0,0.0,0.6667,0.0,0.0,0.0,0.6931,0.0,inner_patrol,obstacle,0.6951,8.146885
1961,25.1154,12.2514,0,3.0,0.5,26,12480,70,150.0,1.7507,151.7507,1.0,1.3462,0.1154,1,0,1,0.0385,0.0,0.0385,0,0.8077,0.1923,0.8077,21,21,26,0.5836,0.5836,2.7136,0.1923,0.4,0.2,0.4,0.6,0,0,0.3333,6,2,0.5739,0.1,0.1154,0.8462,0.1154,0.2308,0.0,0.0,0.3333,0.0,0.0,0.0,1.0549,0.0,return_outer,obstacle,0.6948,7.837707
1962,2.5849,1.2609,0,1.0,0.1667,17,8160,70,150.0,0.0,150.0,1.0,0.6863,0.0588,1,0,1,0.0588,0.0,0.0588,0,0.8235,0.1765,0.9412,14,16,17,0.0,0.0,0.0,0.0588,0.0,1.0,0.0,1.0,0,0,0.0,2,0,0.5051,0.1,0.0,0.7647,0.0,0.1176,0.0,0.0,0.0,0.0,0.0,0.0,-0.0,0.0,enter_inner,obstacle,0.6945,7.590675
1963,86.0,52.139,1,6.0,1.0,38,18240,38,136.2857,0.6326,136.9183,0.5429,1.8421,0.1579,1,0,1,0.0263,0.0,0.0263,0,0.8158,0.1842,0.8684,31,33,38,0.1265,0.1265,0.9805,0.1316,0.2,0.0,0.8,0.8,0,0,1.0,8,8,0.534,0.1,0.0789,0.7632,0.0,0.2105,0.0,0.0,1.0,0.0,0.0,0.0,0.5004,0.0,completed,,0.6943,10.11022
1964,-0.0172,-0.0084,0,1.0,0.1667,16,7680,70,150.0,1.5034,151.5034,1.0,0.7292,0.0625,1,0,1,0.0625,0.0,0.0625,0,0.75,0.25,0.8125,12,13,16,1.5034,1.5034,2.3302,0.125,1.0,0.0,0.0,0.0,0,0,0.75,4,3,0.5383,0.1,0.1875,0.625,0.0625,0.25,0.0,0.0,0.75,0.0,0.0,0.0,-0.0,0.0,enter_inner,red_light,0.694,10.890315
1965,15.7887,7.7018,0,2.0,0.3333,17,8160,70,150.0,0.7302,150.7302,1.0,1.3725,0.1176,1,0,1,0.0588,0.0,0.0588,0,0.7647,0.2353,0.7647,13,13,17,0.3651,0.3651,1.1318,0.2353,0.25,0.0,0.75,0.75,0,0,0.5,4,2,0.5414,0.1,0.1176,0.6471,0.0,0.2353,0.0,0.0,0.5,0.0,0.0,0.0,0.5623,0.0,inner_patrol,obstacle,0.6937,10.204169
1966,30.0451,14.6561,0,4.0,0.6667,35,16800,70,150.0,1.5057,151.5057,1.0,1.3333,0.1143,1,0,1,0.0286,0.0,0.0286,0,0.6571,0.3429,0.8286,23,29,35,0.3764,0.3764,2.3339,0.1714,0.3333,0.3333,0.3333,0.6667,0,0,0.6429,14,9,0.583,0.1,0.1429,0.7429,0.0571,0.4,0.0,0.0,0.6429,0.0,0.0,0.0,1.0986,0.0,outer_patrol_b,road_edge,0.6935,10.747869
1967,86.0,50.6982,1,6.0,1.0,40,19200,40,137.1429,0.0,137.1429,0.5714,1.75,0.15,1,0,1,0.0250,0.0,0.0250,0,0.75,0.25,0.875,30,35,40,0.0,0.0,0.0,0.125,0.0,0.2,0.8,1.0,0,0,0.7,10,7,0.5445,0.1,0.075,0.7,0.025,0.25,0.0,0.0,0.7,0.0,0.0,0.0,0.5004,0.0,completed,,0.6932,11.154873
1968,18.8698,9.2048,0,2.0,0.3333,15,7200,70,150.0,0.0,150.0,1.0,1.5556,0.1333,0,0,0,0.0000,0.0,0.0000,0,0.8667,0.1333,0.8667,13,13,15,0.0,0.0,0.0,0.1333,0.0,0.0,1.0,1.0,0,0,1.0,3,3,0.514,0.1,0.0,0.6667,0.0,0.2,0.0,0.0,1.0,0.0,0.0,0.0,-0.0,0.0,inner_patrol,obstacle,0.6929,11.724487
1969,15.1842,7.4069,0,2.0,0.3333,15,7200,70,150.0,0.0,150.0,1.0,1.5556,0.1333,1,0,1,0.0667,0.0,0.0667,0,0.8,0.2,0.8667,12,13,15,0.0,0.0,0.0,0.1333,0.0,0.0,1.0,1.0,0,0,1.0,5,5,0.5386,0.1,0.0667,0.7333,0.0667,0.3333,0.0,0.0,1.0,0.0,0.0,0.0,-0.0,0.0,inner_patrol,obstacle,0.6926,12.478158
1970,36.5034,17.8065,0,4.0,0.6667,24,11520,70,150.0,1.424,151.424,1.0,1.9444,0.1667,1,0,1,0.0417,0.0,0.0417,0,0.7917,0.2083,0.7917,19,19,24,0.356,0.356,2.2072,0.2083,0.4,0.6,0.0,0.6,0,0,1.0,7,7,0.5789,0.1,0.0833,0.8333,0.0833,0.2917,0.0,0.0,1.0,0.0,0.0,0.0,0.673,0.0,outer_patrol_b,road_edge,0.6924,13.389936
1971,-0.5716,-0.2788,0,1.0,0.1667,19,9120,70,150.0,0.6711,150.6711,1.0,0.614,0.0526,1,0,1,0.0526,0.0,0.0526,0,0.6842,0.3158,0.8947,13,17,19,0.6711,0.6711,1.0403,0.1053,0.5,0.5,0.0,0.5,0,0,0.8333,6,5,0.5452,0.1,0.1053,0.7368,0.0526,0.3158,0.0,0.0,0.8333,0.0,0.0,0.0,0.6931,0.0,enter_inner,obstacle,0.6921,12.90157
1972,-2.3487,-1.1457,0,1.0,0.1667,19,9120,70,150.0,1.7594,151.7594,1.0,0.614,0.0526,1,0,1,0.0526,0.0,0.0526,0,0.7895,0.2105,0.8421,15,16,19,1.7594,1.7594,2.7271,0.1053,1.0,0.0,0.0,0.0,0,0,0.4286,7,3,0.6031,0.1,0.2632,0.7368,0.2105,0.3684,0.0,0.0,0.4286,0.0,0.0,0.0,-0.0,0.0,enter_inner,red_light,0.6918,11.076876
1973,4.1177,2.0087,0,1.0,0.1667,15,7200,70,150.0,0.0,150.0,1.0,0.7778,0.0667,0,0,0,0.0000,0.0,0.0000,0,0.8,0.2,0.9333,12,14,15,0.0,0.0,0.0,0.0667,0.0,0.0,1.0,1.0,0,0,0.75,4,3,0.5111,0.1,0.0667,0.6667,0.0,0.2667,0.0,0.0,0.75,0.0,0.0,0.0,-0.0,0.0,enter_inner,obstacle,0.6916,10.492848
1974,86.0,50.0276,1,6.0,1.0,42,20160,42,138.0,0.8145,138.8145,0.6,1.6667,0.1429,0,0,0,0.0000,0.0,0.0000,0,0.7381,0.2619,0.8571,31,36,42,0.1629,0.1629,1.2625,0.1429,0.1667,0.1667,0.6667,0.8333,0,0,0.8462,13,11,0.5502,0.1,0.0952,0.7143,0.0,0.3095,0.0,0.0,0.8462,0.0,0.0,0.0,0.8676,0.0,completed,,0.6913,10.067066
1975,86.0,49.3175,1,6.0,1.0,42,20160,42,138.0,0.0,138.0,0.6,1.6667,0.1429,1,0,1,0.0238,0.0,0.0238,0,0.7143,0.2857,0.881,30,37,42,0.0,0.0,0.0,0.119,0.0,0.4,0.6,1.0,0,0,0.7778,9,7,0.5514,0.1,0.0476,0.6905,0.0238,0.2143,0.0,0.0,0.7778,0.0,0.0,0.0,0.673,0.0,completed,,0.691,10.559054
1976,25.256,12.32,0,3.0,0.5,26,12480,70,150.0,0.852,150.852,1.0,1.3462,0.1154,0,0,0,0.0000,0.0,0.0000,0,0.8077,0.1923,0.8462,21,22,26,0.284,0.284,1.3206,0.1538,0.25,0.5,0.25,0.75,0,0,0.5,8,4,0.5498,0.1,0.1923,0.9231,0.0,0.3077,0.0,0.0,0.5,0.0,0.0,0.0,1.0397,0.0,return_outer,obstacle,0.6908,10.153129
1977,14.4923,7.0694,0,2.0,0.3333,16,7680,70,150.0,0.0,150.0,1.0,1.4583,0.125,1,0,1,0.0625,0.0,0.0625,0,0.875,0.125,0.875,14,14,16,0.0,0.0,0.0,0.125,0.0,0.5,0.5,1.0,0,0,0.5,6,3,0.5275,0.1,0.0,0.9375,0.0,0.375,0.0,0.0,0.5,0.0,0.0,0.0,0.6931,0.0,inner_patrol,obstacle,0.6905,9.034166
1978,-4.4379,-2.1648,0,1.0,0.1667,23,11040,70,150.0,1.5716,151.5716,1.0,0.5072,0.0435,1,0,1,0.0435,0.0,0.0435,0,0.7391,0.2609,0.8696,17,20,23,1.5716,1.5716,2.4359,0.087,1.0,0.0,0.0,0.0,0,0,0.0,8,0,0.6097,0.1,0.2609,0.7826,0.1739,0.3478,0.0,0.0,0.0,0.0,0.0,0.0,-0.0,0.0,enter_inner,red_light,0.6902,7.98934
1979,4.2824,2.089,0,1.0,0.1667,15,7200,70,150.0,0.0,150.0,1.0,0.7778,0.0667,0,0,0,0.0000,0.0,0.0000,0,0.8667,0.1333,0.9333,13,14,15,0.0,0.0,0.0,0.0667,0.0,0.0,1.0,1.0,0,0,0.75,4,3,0.5283,0.1,0.0667,0.4,0.0,0.2667,0.0,0.0,0.75,0.0,0.0,0.0,-0.0,0.0,enter_inner,obstacle,0.6899,8.045542
1980,27.4332,13.3821,0,3.0,0.5,25,12000,70,150.0,0.7816,150.7816,1.0,1.4,0.12,1,0,1,0.0400,0.0,0.0400,0,0.76,0.24,0.84,19,21,25,0.2605,0.2605,1.2115,0.16,0.25,0.0,0.75,0.75,0,0,0.6667,6,4,0.5498,0.1,0.12,0.8,0.0,0.24,0.0,0.0,0.6667,0.0,0.0,0.0,0.5623,0.0,return_outer,obstacle,0.6897,9.475289
1981,14.3285,6.9895,0,2.0,0.3333,16,7680,70,150.0,0.0,150.0,1.0,1.4583,0.125,0,0,0,0.0000,0.0,0.0000,0,0.8125,0.1875,0.875,13,14,16,0.0,0.0,0.0,0.125,0.0,0.5,0.5,1.0,0,0,0.6667,3,2,0.5236,0.1,0.0625,0.6875,0.0625,0.1875,0.0,0.0,0.6667,0.0,0.0,0.0,0.6931,0.0,inner_patrol,obstacle,0.6894,10.883248
1982,64.7526,31.5867,0,5.0,0.8333,40,19200,70,150.0,0.0,150.0,1.0,1.4583,0.125,0,0,0,0.0000,0.0,0.0000,0,0.725,0.275,0.85,29,34,40,0.0,0.0,0.0,0.15,0.0,0.0,1.0,1.0,0,0,0.7143,7,5,0.5398,0.1,0.075,0.775,0.025,0.175,0.0,0.0,0.7143,0.0,0.0,0.0,-0.0,0.0,final_park,wall,0.6891,12.981573
1983,86.0,48.748,1,6.0,1.0,40,19200,40,137.1429,1.6338,138.7767,0.5714,1.75,0.15,1,0,1,0.0250,0.0,0.0250,0,0.75,0.25,0.825,30,33,40,0.3268,0.3268,2.5324,0.175,0.2857,0.4286,0.2857,0.7143,0,0,0.8889,9,8,0.5528,0.1,0.15,0.875,0.05,0.225,0.0,0.0,0.8889,0.0,0.0,0.0,1.079,0.0,completed,,0.6889,10.186016
1984,86.0,45.4375,1,6.0,1.0,44,21120,44,138.8571,3.9614,142.8185,0.6286,1.5909,0.1364,0,0,0,0.0000,0.0,0.0000,0,0.7273,0.2727,0.7727,32,34,44,0.7923,0.7923,6.1401,0.2273,0.5,0.3,0.2,0.5,0,0,0.8235,17,14,0.5761,0.1,0.2045,0.9318,0.0455,0.3864,0.0,0.0,0.8235,0.0,0.0,0.0,1.0297,0.0,completed,,0.6886,10.193464
1985,86.0,49.3329,1,6.0,1.0,41,19680,41,137.5714,0.8162,138.3876,0.5857,1.7073,0.1463,1,0,1,0.0244,0.0,0.0244,0,0.7317,0.2683,0.8537,30,35,41,0.1632,0.1632,1.2651,0.1463,0.1667,0.5,0.3333,0.8333,0,0,0.9231,13,12,0.5519,0.1,0.0732,0.8049,0.0244,0.3171,0.0,0.0,0.9231,0.0,0.0,0.0,1.0114,0.0,completed,,0.6883,12.239001
1986,52.4199,25.5707,0,5.0,0.8333,51,24480,70,150.0,0.0,150.0,1.0,1.1438,0.098,1,0,1,0.0196,0.0,0.0196,0,0.6863,0.3137,0.902,35,46,51,0.0,0.0,0.0,0.098,0.0,0.8,0.2,1.0,0,0,0.5882,17,10,0.5477,0.1,0.0588,0.8627,0.0196,0.3333,0.0,0.0,0.5882,0.0,0.0,0.0,0.5004,0.0,final_park,wall,0.6881,10.129922
1987,33.367,16.2766,0,4.0,0.6667,30,14400,70,150.0,1.4321,151.4321,1.0,1.5556,0.1333,1,0,1,0.0333,0.0,0.0333,0,0.7333,0.2667,0.7667,22,23,30,0.358,0.358,2.2197,0.2333,0.2857,0.4286,0.2857,0.7143,0,0,0.4444,9,4,0.5682,0.1,0.2,0.7667,0.0333,0.3,0.0,0.0,0.4444,0.0,0.0,0.0,1.079,0.0,outer_patrol_b,road_edge,0.6878,10.04142
1988,14.3043,6.9777,0,2.0,0.3333,17,8160,70,150.0,0.0,150.0,1.0,1.3725,0.1176,1,0,1,0.0588,0.0,0.0588,0,0.8235,0.1765,0.8824,14,15,17,0.0,0.0,0.0,0.1176,0.0,0.5,0.5,1.0,0,0,0.75,4,3,0.5291,0.1,0.0,0.5882,0.0,0.2353,0.0,0.0,0.75,0.0,0.0,0.0,0.6931,0.0,inner_patrol,obstacle,0.6875,10.54012
1989,28.0832,13.6991,0,4.0,0.6667,34,16320,70,150.0,1.4788,151.4788,1.0,1.3725,0.1176,1,0,1,0.0294,0.0,0.0294,0,0.6765,0.3235,0.8529,23,29,34,0.3697,0.3697,2.2922,0.1471,0.4,0.6,0.0,0.6,0,0,0.6364,11,7,0.5819,0.1,0.1471,0.7941,0.0588,0.3235,0.0,0.0,0.6364,0.0,0.0,0.0,0.673,0.0,outer_patrol_b,road_edge,0.6873,11.798269
1990,4.777,2.3302,0,1.0,0.1667,14,6720,70,150.0,0.0,150.0,1.0,0.8333,0.0714,0,0,0,0.0000,0.0,0.0000,0,0.8571,0.1429,0.9286,12,13,14,0.0,0.0,0.0,0.0714,0.0,1.0,0.0,1.0,0,0,0.0,1,0,0.4848,0.1,0.0714,0.5714,0.0,0.0714,0.0,0.0,0.0,0.0,0.0,0.0,-0.0,0.0,enter_inner,obstacle,0.687,11.643379
1991,5.4534,2.6602,0,1.0,0.1667,13,6240,70,150.0,0.0,150.0,1.0,0.8974,0.0769,0,0,0,0.0000,0.0,0.0000,0,0.8462,0.1538,0.9231,11,12,13,0.0,0.0,0.0,0.0769,0.0,1.0,0.0,1.0,0,0,0.8333,6,5,0.5198,0.1,0.0769,0.6923,0.0,0.4615,0.0,0.0,0.8333,0.0,0.0,0.0,-0.0,0.0,enter_inner,obstacle,0.6867,11.623374
1992,86.0,48.2826,1,6.0,1.0,43,20640,43,138.4286,2.5932,141.0217,0.6143,1.6279,0.1395,1,0,1,0.0233,0.0,0.0233,0,0.7442,0.2558,0.7907,32,34,43,0.5186,0.5186,4.0194,0.2093,0.4444,0.2222,0.3333,0.5556,0,0,0.7333,15,11,0.5952,0.1,0.2326,0.814,0.1395,0.3488,0.0,0.0,0.7333,0.0,0.0,0.0,1.0609,0.0,completed,,0.6864,10.293884
1993,39.5762,19.3055,0,4.0,0.6667,43,20640,70,150.0,4.4844,154.4844,1.0,1.0853,0.093,1,0,1,0.0233,0.0,0.0233,0,0.6977,0.3023,0.814,30,35,43,1.1211,1.1211,6.9509,0.186,0.75,0.0,0.25,0.25,0,0,0.6667,12,8,0.5782,0.1,0.1628,0.7674,0.0465,0.2791,0.0,0.0,0.6667,0.0,0.0,0.0,0.5623,0.0,outer_patrol_b,road_edge,0.6862,9.380238
1994,86.0,50.1414,1,6.0,1.0,40,19200,40,137.1429,0.6943,137.8372,0.5714,1.75,0.15,1,0,1,0.0250,0.0,0.0250,0,0.8,0.2,0.85,32,34,40,0.1389,0.1389,1.0762,0.15,0.1667,0.3333,0.5,0.8333,0,0,0.7333,15,11,0.549,0.1,0.05,0.85,0.0,0.375,0.0,0.0,0.7333,0.0,0.0,0.0,1.0114,0.0,completed,,0.6859,8.644525
1995,86.0,48.3082,1,6.0,1.0,44,21120,44,138.8571,1.5271,140.3843,0.6286,1.5909,0.1364,1,0,1,0.0227,0.0,0.0227,0,0.7045,0.2955,0.8182,31,36,44,0.3054,0.3054,2.367,0.1818,0.25,0.125,0.625,0.75,0,0,0.75,16,12,0.5624,0.1,0.1364,0.8636,0.0227,0.3636,0.0,0.0,0.75,0.0,0.0,0.0,0.9003,0.0,completed,,0.6856,11.765807
1996,19.0937,9.314,0,3.0,0.5,32,15360,70,150.0,2.0479,152.0479,1.0,1.0938,0.0938,1,0,1,0.0312,0.0,0.0312,0,0.7188,0.2812,0.8438,23,27,32,0.6826,0.6826,3.1742,0.1562,0.6,0.2,0.2,0.4,0,0,0.5,10,5,0.5707,0.1,0.125,0.8438,0.0312,0.3125,0.0,0.0,0.5,0.0,0.0,0.0,0.9503,0.0,return_outer,obstacle,0.6854,11.091135
1997,3.9361,1.9201,0,1.0,0.1667,15,7200,70,150.0,0.0,150.0,1.0,0.7778,0.0667,1,0,1,0.0667,0.0,0.0667,0,0.8,0.2,0.9333,12,14,15,0.0,0.0,0.0,0.0667,0.0,1.0,0.0,1.0,0,0,0.8,5,4,0.5192,0.1,0.0667,0.6667,0.0,0.3333,0.0,0.0,0.8,0.0,0.0,0.0,-0.0,0.0,enter_inner,obstacle,0.6851,11.036235
1998,28.4996,13.9023,0,3.0,0.5,23,11040,70,150.0,0.654,150.654,1.0,1.5217,0.1304,1,0,1,0.0435,0.0,0.0435,0,0.7826,0.2174,0.8261,18,19,23,0.218,0.218,1.0137,0.1739,0.25,0.25,0.5,0.75,0,0,0.9286,14,13,0.5947,0.1,0.1304,0.913,0.087,0.6087,0.0,0.0,0.9286,0.0,0.0,0.0,1.0397,0.0,return_outer,obstacle,0.6848,9.904374
1999,86.0,49.554,1,6.0,1.0,41,19680,41,137.5714,1.5252,139.0966,0.5857,1.7073,0.1463,1,0,1,0.0244,0.0,0.0244,0,0.7805,0.2195,0.8293,32,34,41,0.305,0.305,2.364,0.1707,0.2857,0.2857,0.4286,0.7143,0,0,0.75,12,9,0.5583,0.1,0.1463,0.7561,0.0244,0.2927,0.0,0.0,0.75,0.0,0.0,0.0,1.079,0.0,completed,,0.6846,8.956149
2000,33.7904,16.4831,0,4.0,0.6667,32,15360,70,150.0,1.4896,151.4896,1.0,1.4583,0.125,0,0,0,0.0000,0.0,0.0000,0,0.7188,0.2812,0.7812,23,25,32,0.3724,0.3724,2.3089,0.2188,0.2857,0.1429,0.5714,0.7143,0,0,0.4615,13,6,0.6069,0.1,0.2188,0.7812,0.125,0.4062,0.0,0.0,0.4615,0.0,0.0,0.0,0.9557,0.0,outer_patrol_b,road_edge,0.6843,9.80131
2001,4.4487,2.1701,0,1.0,0.1667,15,7200,70,150.0,0.0,150.0,1.0,0.7778,0.0667,1,0,1,0.0667,0.0,0.0667,0,0.9333,0.0667,0.9333,14,14,15,0.0,0.0,0.0,0.0667,0.0,0.0,1.0,1.0,0,0,0.6,5,3,0.5296,0.1,0.0667,0.8,0.0,0.3333,0.0,0.0,0.6,0.0,0.0,0.0,-0.0,0.0,enter_inner,obstacle,0.684,9.619904
2002,86.0,48.6179,1,6.0,1.0,45,21600,45,139.2857,0.6311,139.9168,0.6429,1.5556,0.1333,1,0,1,0.0222,0.0,0.0222,0,0.7111,0.2889,0.8667,32,39,45,0.1262,0.1262,0.9783,0.1556,0.1429,0.4286,0.4286,0.8571,0,0,0.6875,16,11,0.56,0.1,0.1111,0.8,0.0222,0.3556,0.0,0.0,0.6875,0.0,0.0,0.0,1.0042,0.0,completed,,0.6837,11.032128
2003,12.5433,6.1187,0,2.0,0.3333,17,8160,70,150.0,0.819,150.819,1.0,1.3725,0.1176,1,0,1,0.0588,0.0,0.0588,0,0.7647,0.2353,0.8824,13,15,17,0.4095,0.4095,1.2694,0.1176,0.5,0.0,0.5,0.5,0,0,0.5,6,3,0.5083,0.1,0.0,0.8824,0.0,0.3529,0.0,0.0,0.5,0.0,0.0,0.0,0.6931,0.0,inner_patrol,obstacle,0.6835,11.533975
2004,3.4445,1.6802,0,1.0,0.1667,16,7680,70,150.0,0.0,150.0,1.0,0.7292,0.0625,1,0,1,0.0625,0.0,0.0625,0,0.8125,0.1875,0.9375,13,15,16,0.0,0.0,0.0,0.0625,0.0,0.0,1.0,1.0,0,0,0.25,4,1,0.5204,0.1,0.0625,0.6875,0.0625,0.25,0.0,0.0,0.25,0.0,0.0,0.0,-0.0,0.0,enter_inner,obstacle,0.6832,11.167155
2005,86.0,51.5486,1,6.0,1.0,38,18240,38,136.2857,1.2958,137.5815,0.5429,1.8421,0.1579,0,0,0,0.0000,0.0,0.0000,0,0.7895,0.2105,0.7895,30,30,38,0.2592,0.2592,2.0085,0.2105,0.25,0.125,0.625,0.75,0,0,0.875,16,14,0.5697,0.1,0.1316,0.8158,0.0526,0.4211,0.0,0.0,0.875,0.0,0.0,0.0,0.9003,0.0,completed,,0.6829,11.570979
2006,86.0,49.4388,1,6.0,1.0,40,19200,40,137.1429,0.6782,137.8211,0.5714,1.75,0.15,1,0,1,0.0250,0.0,0.0250,0,0.725,0.275,0.85,29,34,40,0.1356,0.1356,1.0512,0.15,0.1667,0.5,0.3333,0.8333,0,0,1.0,7,7,0.5455,0.1,0.1,0.775,0.025,0.175,0.0,0.0,1.0,0.0,0.0,0.0,1.0114,0.0,completed,,0.6827,12.792391
2007,9.7843,4.7728,0,2.0,0.3333,19,9120,70,150.0,1.5272,151.5272,1.0,1.2281,0.1053,1,0,1,0.0526,0.0,0.0526,0,0.8421,0.1579,0.8421,16,16,19,0.7636,0.7636,2.3672,0.1579,0.6667,0.0,0.3333,0.3333,0,0,0.5714,7,4,0.5829,0.1,0.2105,0.8421,0.1053,0.3684,0.0,0.0,0.5714,0.0,0.0,0.0,0.6365,0.0,inner_patrol,obstacle,0.6824,11.211634
2008,86.0,47.1096,1,6.0,1.0,44,21120,44,138.8571,2.1098,140.9669,0.6286,1.5909,0.1364,0,0,0,0.0000,0.0,0.0000,0,0.8182,0.1818,0.8409,36,37,44,0.422,0.422,3.2702,0.1591,0.4286,0.2857,0.2857,0.5714,0,0,0.6923,13,9,0.5666,0.1,0.1364,0.7273,0.0455,0.2955,0.0,0.0,0.6923,0.0,0.0,0.0,1.079,0.0,completed,,0.6821,8.260853
2009,86.0,49.592,1,6.0,1.0,43,20640,43,138.4286,0.8295,139.2581,0.6143,1.6279,0.1395,1,0,1,0.0233,0.0,0.0233,0,0.7907,0.2093,0.8837,34,38,43,0.1659,0.1659,1.2858,0.1163,0.2,0.0,0.8,0.8,0,0,0.6875,16,11,0.5457,0.1,0.0698,0.7442,0.0,0.3721,0.0,0.0,0.6875,0.0,0.0,0.0,0.5004,0.0,completed,,0.6819,9.744261
2010,39.617,19.3254,0,4.0,0.6667,26,12480,70,150.0,0.0,150.0,1.0,1.7949,0.1538,1,0,1,0.0385,0.0,0.0385,0,0.8077,0.1923,0.8462,21,22,26,0.0,0.0,0.0,0.1538,0.0,0.25,0.75,1.0,0,0,0.625,8,5,0.5638,0.1,0.1154,0.7692,0.0385,0.3077,0.0,0.0,0.625,0.0,0.0,0.0,0.5623,0.0,outer_patrol_b,road_edge,0.6816,10.611834
2011,86.0,50.4821,1,6.0,1.0,38,18240,38,136.2857,1.5371,137.8228,0.5429,1.8421,0.1579,1,0,1,0.0263,0.0,0.0263,0,0.7895,0.2105,0.8158,30,31,38,0.3074,0.3074,2.3825,0.1842,0.2857,0.2857,0.4286,0.7143,0,0,0.9286,14,13,0.552,0.1,0.0789,0.8421,0.0,0.3684,0.0,0.0,0.9286,0.0,0.0,0.0,1.079,0.0,completed,,0.6813,13.623057
2012,86.0,51.528,1,6.0,1.0,40,19200,40,137.1429,0.0,137.1429,0.5714,1.75,0.15,1,0,1,0.0250,0.0,0.0250,0,0.75,0.25,0.85,30,34,40,0.0,0.0,0.0,0.15,0.0,0.3333,0.6667,1.0,0,0,0.8,10,8,0.5479,0.1,0.075,0.825,0.025,0.25,0.0,0.0,0.8,0.0,0.0,0.0,0.6365,0.0,completed,,0.6811,11.45816
2013,86.0,46.561,1,6.0,1.0,44,21120,44,138.8571,3.0886,141.9458,0.6286,1.5909,0.1364,1,0,1,0.0227,0.0,0.0227,0,0.75,0.25,0.8182,33,36,44,0.6177,0.6177,4.7874,0.1818,0.5,0.125,0.375,0.5,0,0,0.7,10,7,0.5862,0.1,0.1591,0.6364,0.1136,0.2273,0.0,0.0,0.7,0.0,0.0,0.0,0.9743,0.0,completed,,0.6808,10.250768
2014,3.585,1.7488,0,1.0,0.1667,17,8160,70,150.0,0.0,150.0,1.0,0.6863,0.0588,0,0,0,0.0000,0.0,0.0000,0,0.8824,0.1176,0.9412,15,16,17,0.0,0.0,0.0,0.0588,0.0,0.0,1.0,1.0,0,0,0.2,5,1,0.517,0.1,0.0588,0.8235,0.0,0.2941,0.0,0.0,0.2,0.0,0.0,0.0,-0.0,0.0,enter_inner,obstacle,0.6805,10.278136
2015,61.0215,29.7666,0,5.0,0.8333,42,20160,70,150.0,1.9426,151.9426,1.0,1.3889,0.119,0,0,0,0.0000,0.0,0.0000,0,0.7857,0.2143,0.8095,33,34,42,0.3885,0.3885,3.0111,0.1905,0.375,0.125,0.5,0.625,0,0,0.625,16,10,0.6024,0.1,0.2143,0.8095,0.119,0.381,0.0,0.0,0.625,0.0,0.0,0.0,0.9743,0.0,final_park,wall,0.6802,11.489809
2016,20.7773,10.1353,0,3.0,0.5,32,15360,70,150.0,1.543,151.543,1.0,1.0938,0.0938,1,0,1,0.0312,0.0,0.0312,0,0.75,0.25,0.875,24,28,32,0.5143,0.5143,2.3916,0.125,0.5,0.0,0.5,0.5,0,0,0.5385,13,7,0.5686,0.1,0.0938,0.7812,0.0,0.4062,0.0,0.0,0.5385,0.0,0.0,0.0,0.6931,0.0,return_outer,obstacle,0.68,10.785438
2017,-2.9725,-1.45,0,0.0,0.0,13,6240,70,150.0,0.0,150.0,1.0,0.0,0.0,0,0,0,0.0000,0.0,0.0000,0,0.8462,0.1538,1.0,11,13,13,0.0,0.0,0.0,0.0,0.0,0.0,0.0,0.0,0,0,0.5,2,1,0.5042,0.1,0.0,0.8462,0.0,0.1538,0.0,0.0,0.5,0.0,0.0,0.0,0.0,0.0,outer_patrol_a,road_edge,0.6797,10.95736
2018,25.1095,12.2485,0,3.0,0.5,28,13440,70,150.0,0.0,150.0,1.0,1.25,0.1071,1,0,1,0.0357,0.0,0.0357,0,0.75,0.25,0.8929,21,25,28,0.0,0.0,0.0,0.1071,0.0,1.0,0.0,1.0,0,0,0.6364,11,7,0.5527,0.1,0.0714,0.9286,0.0357,0.3929,0.0,0.0,0.6364,0.0,0.0,0.0,-0.0,0.0,return_outer,obstacle,0.6794,11.587071
2019,86.0,50.676,1,6.0,1.0,38,18240,38,136.2857,1.5568,137.8425,0.5429,1.8421,0.1579,0,0,0,0.0000,0.0,0.0000,0,0.7895,0.2105,0.8421,30,32,38,0.3114,0.3114,2.413,0.1579,0.3333,0.0,0.6667,0.6667,0,0,0.875,8,7,0.557,0.1,0.0789,0.7632,0.0263,0.2105,0.0,0.0,0.875,0.0,0.0,0.0,0.6365,0.0,completed,,0.6792,10.743843
2020,59.98,29.2585,0,5.0,0.8333,43,20640,70,150.0,0.0,150.0,1.0,1.3566,0.1163,0,0,0,0.0000,0.0,0.0000,0,0.7442,0.2558,0.8837,32,38,43,0.0,0.0,0.0,0.1163,0.0,0.6,0.4,1.0,0,0,0.8571,7,6,0.5336,0.1,0.0233,0.6047,0.0,0.1628,0.0,0.0,0.8571,0.0,0.0,0.0,0.673,0.0,final_park,wall,0.6789,10.231934
2021,5.8038,2.8311,0,1.0,0.1667,13,6240,70,150.0,0.0,150.0,1.0,0.8974,0.0769,1,0,1,0.0769,0.0,0.0769,0,0.9231,0.0769,0.9231,12,12,13,0.0,0.0,0.0,0.0769,0.0,0.0,1.0,1.0,0,0,0.75,4,3,0.5154,0.1,0.0769,0.6923,0.0,0.3077,0.0,0.0,0.75,0.0,0.0,0.0,-0.0,0.0,enter_inner,obstacle,0.6786,9.92246
2022,26.5724,12.9622,0,3.0,0.5,28,13440,70,150.0,0.6661,150.6661,1.0,1.25,0.1071,1,0,1,0.0357,0.0,0.0357,0,0.7857,0.2143,0.8214,22,23,28,0.222,0.222,1.0324,0.1786,0.2,0.4,0.4,0.8,0,0,0.4167,12,5,0.5981,0.1,0.2143,0.8929,0.1071,0.4286,0.0,0.0,0.4167,0.0,0.0,0.0,1.0549,0.0,return_outer,obstacle,0.6784,9.985348
2023,86.0,47.4016,1,6.0,1.0,44,21120,44,138.8571,1.792,140.6491,0.6286,1.5909,0.1364,1,0,1,0.0227,0.0,0.0227,0,0.75,0.25,0.8409,33,37,44,0.3584,0.3584,2.7776,0.1591,0.2857,0.2857,0.4286,0.7143,0,0,0.6667,12,8,0.562,0.1,0.1136,0.8182,0.0455,0.2727,0.0,0.0,0.6667,0.0,0.0,0.0,1.079,0.0,completed,,0.6781,11.80746
2024,86.0,49.7916,1,6.0,1.0,45,21600,45,139.2857,0.6702,139.9559,0.6429,1.5556,0.1333,0,0,0,0.0000,0.0,0.0000,0,0.7556,0.2444,0.8222,34,37,45,0.134,0.134,1.0388,0.1778,0.125,0.0,0.875,0.875,0,0,0.6,15,9,0.5897,0.1,0.1556,0.7778,0.1111,0.3333,0.0,0.0,0.6,0.0,0.0,0.0,0.3768,0.0,completed,,0.6778,12.447382
2025,86.0,50.8702,1,6.0,1.0,39,18720,39,136.7143,0.787,137.5012,0.5571,1.7949,0.1538,1,0,1,0.0256,0.0,0.0256,0,0.8205,0.1795,0.8462,32,33,39,0.1574,0.1574,1.2198,0.1538,0.1667,0.1667,0.6667,0.8333,0,0,0.7,10,7,0.5479,0.1,0.0769,0.7179,0.0,0.2564,0.0,0.0,0.7,0.0,0.0,0.0,0.8676,0.0,completed,,0.6775,11.492649
2026,49.0837,23.9433,0,4.0,0.6667,38,18240,70,150.0,2.1643,152.1643,1.0,1.2281,0.1053,1,0,1,0.0263,0.0,0.0263,0,0.7895,0.2105,0.8421,30,32,38,0.5411,0.5411,3.3547,0.1579,0.5,0.1667,0.3333,0.5,0,0,0.5556,9,5,0.5371,0.1,0.0526,0.8158,0.0,0.2368,0.0,0.0,0.5556,0.0,0.0,0.0,1.0114,0.0,outer_patrol_b,road_edge,0.6773,11.833627
2027,86.0,48.9629,1,6.0,1.0,43,20640,43,138.4286,0.7134,139.142,0.6143,1.6279,0.1395,0,0,0,0.0000,0.0,0.0000,0,0.814,0.186,0.8837,35,38,43,0.1427,0.1427,1.1058,0.1163,0.2,0.4,0.4,0.8,0,0,0.7333,15,11,0.5568,0.1,0.093,0.7442,0.0,0.3488,0.0,0.0,0.7333,0.0,0.0,0.0,1.0549,0.0,completed,,0.677,12.096907
2028,86.0,46.3649,1,6.0,1.0,47,22560,47,140.1429,2.815,142.9579,0.6714,1.4894,0.1277,0,0,0,0.0000,0.0,0.0000,0,0.766,0.234,0.8085,36,38,47,0.563,0.563,4.3633,0.1915,0.4444,0.1111,0.4444,0.5556,0,0,0.7222,18,13,0.5777,0.1,0.1915,0.7872,0.0426,0.383,0.0,0.0,0.7222,0.0,0.0,0.0,0.965,0.0,completed,,0.6767,12.543487
2029,86.0,49.4366,1,6.0,1.0,40,19200,40,137.1429,1.3557,138.4986,0.5714,1.75,0.15,0,0,0,0.0000,0.0,0.0000,0,0.8,0.2,0.85,32,34,40,0.2711,0.2711,2.1014,0.15,0.3333,0.3333,0.3333,0.6667,0,0,0.9091,11,10,0.546,0.1,0.075,0.775,0.0,0.275,0.0,0.0,0.9091,0.0,0.0,0.0,1.0986,0.0,completed,,0.6765,10.172979
2030,11.9471,5.8278,0,2.0,0.3333,17,8160,70,150.0,0.6917,150.6917,1.0,1.3725,0.1176,1,0,1,0.0588,0.0,0.0588,0,0.7059,0.2941,0.8235,12,14,17,0.3459,0.3459,1.0722,0.1765,0.3333,0.3333,0.3333,0.6667,0,0,0.6667,3,2,0.5355,0.1,0.1176,0.7647,0.0588,0.1765,0.0,0.0,0.6667,0.0,0.0,0.0,1.0986,0.0,inner_patrol,obstacle,0.6762,11.295213
2031,37.0476,18.072,0,4.0,0.6667,26,12480,70,150.0,0.7515,150.7515,1.0,1.7949,0.1538,0,0,0,0.0000,0.0,0.0000,0,0.7692,0.2308,0.8077,20,21,26,0.1879,0.1879,1.1648,0.1923,0.2,0.4,0.4,0.8,0,0,0.75,4,3,0.5419,0.1,0.0769,0.8077,0.0,0.1538,0.0,0.0,0.75,0.0,0.0,0.0,1.0549,0.0,outer_patrol_b,road_edge,0.6759,12.062443
2032,86.0,50.4705,1,6.0,1.0,44,21120,44,138.8571,0.0,138.8571,0.6286,1.5909,0.1364,1,0,1,0.0227,0.0,0.0227,0,0.75,0.25,0.8864,33,39,44,0.0,0.0,0.0,0.1136,0.0,0.0,1.0,1.0,0,0,0.7273,11,8,0.5485,0.1,0.0909,0.8409,0.0,0.25,0.0,0.0,0.7273,0.0,0.0,0.0,-0.0,0.0,completed,,0.6757,13.54464
2033,59.7215,29.1324,0,5.0,0.8333,41,19680,70,150.0,0.8154,150.8154,1.0,1.4228,0.122,1,0,1,0.0244,0.0,0.0244,0,0.7561,0.2439,0.878,31,36,41,0.1631,0.1631,1.2638,0.122,0.2,0.6,0.2,0.8,0,0,0.7273,11,8,0.5457,0.1,0.0732,0.7805,0.0244,0.2683,0.0,0.0,0.7273,0.0,0.0,0.0,0.9503,0.0,final_park,wall,0.6754,11.484041
2034,1.3141,0.641,0,1.0,0.1667,15,7200,70,150.0,1.4498,151.4498,1.0,0.7778,0.0667,0,0,0,0.0000,0.0,0.0000,0,0.8667,0.1333,0.8667,13,13,15,1.4498,1.4498,2.2471,0.1333,1.0,0.0,0.0,0.0,0,0,1.0,2,2,0.5372,0.1,0.1333,0.5333,0.0667,0.1333,0.0,0.0,1.0,0.0,0.0,0.0,-0.0,0.0,enter_inner,obstacle,0.6751,12.354027
2035,-1.4555,-0.71,0,0.0,0.0,19,9120,70,150.0,0.0,150.0,1.0,0.0,0.0,1,0,1,0.0526,0.0,0.0526,0,0.8421,0.1579,1.0,16,19,19,0.0,0.0,0.0,0.0,0.0,0.0,0.0,0.0,0,0,0.5714,7,4,0.52,0.1,0.0,0.6842,0.0,0.3684,0.0,0.0,0.5714,0.0,0.0,0.0,0.0,0.0,outer_patrol_a,road_edge,0.6749,11.325769
2036,86.0,51.245,1,6.0,1.0,40,19200,40,137.1429,0.8759,138.0188,0.5714,1.75,0.15,0,0,0,0.0000,0.0,0.0000,0,0.775,0.225,0.85,31,34,40,0.1752,0.1752,1.3577,0.15,0.1667,0.0,0.8333,0.8333,0,0,0.8889,9,8,0.548,0.1,0.025,0.675,0.0,0.225,0.0,0.0,0.8889,0.0,0.0,0.0,0.4506,0.0,completed,,0.6746,12.180846
2037,86.0,50.2648,1,6.0,1.0,40,19200,40,137.1429,0.8323,137.9752,0.5714,1.75,0.15,1,0,1,0.0250,0.0,0.0250,0,0.775,0.225,0.875,31,35,40,0.1665,0.1665,1.2901,0.125,0.2,0.0,0.8,0.8,0,0,1.0,10,10,0.539,0.1,0.0,0.85,0.0,0.25,0.0,0.0,1.0,0.0,0.0,0.0,0.5004,0.0,completed,,0.6743,12.628529
2038,14.2496,6.951,0,2.0,0.3333,17,8160,70,150.0,0.0,150.0,1.0,1.3725,0.1176,0,0,0,0.0000,0.0,0.0000,0,0.7647,0.2353,0.8235,13,14,17,0.0,0.0,0.0,0.1765,0.0,0.3333,0.6667,1.0,0,0,0.5,4,2,0.5439,0.1,0.1176,0.6471,0.0,0.2353,0.0,0.0,0.5,0.0,0.0,0.0,0.6365,0.0,inner_patrol,obstacle,0.674,13.120827
2039,86.0,48.8224,1,6.0,1.0,43,20640,43,138.4286,0.7295,139.1581,0.6143,1.6279,0.1395,1,0,1,0.0233,0.0,0.0233,0,0.7442,0.2558,0.8372,32,36,43,0.1459,0.1459,1.1308,0.1628,0.1429,0.2857,0.5714,0.8571,0,0,0.7273,11,8,0.5561,0.1,0.1395,0.7209,0.0465,0.2558,0.0,0.0,0.7273,0.0,0.0,0.0,0.9557,0.0,completed,,0.6738,13.748799
2040,61.7574,30.1256,0,5.0,0.8333,41,19680,70,150.0,0.7444,150.7444,1.0,1.4228,0.122,1,0,1,0.0244,0.0,0.0244,0,0.7317,0.2683,0.8537,30,35,41,0.1489,0.1489,1.1538,0.1707,0.1429,0.2857,0.5714,0.8571,0,0,0.875,8,7,0.5631,0.1,0.0976,0.7317,0.0732,0.1951,0.0,0.0,0.875,0.0,0.0,0.0,0.9557,0.0,final_park,wall,0.6735,12.885617
2041,29.554,14.4166,0,3.0,0.5,23,11040,70,150.0,0.0,150.0,1.0,1.5217,0.1304,0,0,0,0.0000,0.0,0.0000,0,0.8261,0.1739,0.8696,19,20,23,0.0,0.0,0.0,0.1304,0.0,0.0,1.0,1.0,0,0,0.6,5,3,0.5519,0.1,0.1304,0.7826,0.0,0.2174,0.0,0.0,0.6,0.0,0.0,0.0,-0.0,0.0,return_outer,obstacle,0.6732,11.606506
2042,3.9337,1.9189,0,1.0,0.1667,15,7200,70,150.0,0.0,150.0,1.0,0.7778,0.0667,0,0,0,0.0000,0.0,0.0000,0,0.8,0.2,0.9333,12,14,15,0.0,0.0,0.0,0.0667,0.0,1.0,0.0,1.0,0,0,0.5,2,1,0.5415,0.1,0.0667,0.6,0.0667,0.1333,0.0,0.0,0.5,0.0,0.0,0.0,-0.0,0.0,enter_inner,obstacle,0.673,11.76359
2043,16.6631,8.1283,0,2.0,0.3333,19,9120,70,150.0,0.6383,150.6383,1.0,1.2281,0.1053,0,0,0,0.0000,0.0,0.0000,0,0.7895,0.2105,0.8947,15,17,19,0.3192,0.3192,0.9894,0.1053,0.5,0.5,0.0,0.5,0,0,1.0,1,1,0.5071,0.1,0.0,0.7895,0.0,0.0526,0.0,0.0,1.0,0.0,0.0,0.0,0.6931,0.0,inner_patrol,obstacle,0.6727,11.523932
2044,64.0005,31.2197,0,5.0,0.8333,39,18720,70,150.0,0.0,150.0,1.0,1.4957,0.1282,1,0,1,0.0256,0.0,0.0256,0,0.7436,0.2564,0.8718,29,34,39,0.0,0.0,0.0,0.1282,0.0,0.0,1.0,1.0,0,0,0.8,10,8,0.5428,0.1,0.1026,0.7692,0.0,0.2564,0.0,0.0,0.8,0.0,0.0,0.0,-0.0,0.0,final_park,wall,0.6724,11.540865
2045,35.438,17.2868,0,4.0,0.6667,27,12960,70,150.0,0.8746,150.8746,1.0,1.7284,0.1481,1,0,1,0.0370,0.0,0.0370,0,0.7778,0.2222,0.8519,21,23,27,0.2186,0.2186,1.3556,0.1481,0.25,0.25,0.5,0.75,0,0,0.6667,9,6,0.5744,0.1,0.0741,0.7037,0.037,0.3333,0.0,0.0,0.6667,0.0,0.0,0.0,1.0397,0.0,outer_patrol_b,road_edge,0.6722,9.961593
2046,13.4669,6.5692,0,2.0,0.3333,18,8640,70,150.0,0.0,150.0,1.0,1.2963,0.1111,1,0,1,0.0556,0.0,0.0556,0,0.7778,0.2222,0.8889,14,16,18,0.0,0.0,0.0,0.1111,0.0,0.5,0.5,1.0,0,0,0.3333,3,1,0.5108,0.1,0.0556,0.6667,0.0,0.1667,0.0,0.0,0.3333,0.0,0.0,0.0,0.6931,0.0,inner_patrol,obstacle,0.6719,10.18579
2047,86.0,49.8509,1,6.0,1.0,42,20160,42,138.0,1.5766,139.5766,0.6,1.6667,0.1429,0,0,0,0.0000,0.0,0.0000,0,0.7381,0.2619,0.8095,31,34,42,0.3153,0.3153,2.4437,0.1905,0.25,0.0,0.75,0.75,0,0,0.75,12,9,0.5669,0.1,0.119,0.7619,0.0476,0.2857,0.0,0.0,0.75,0.0,0.0,0.0,0.5623,0.0,completed,,0.6716,9.206826
2048,8.9252,4.3538,0,2.0,0.3333,25,12000,70,150.0,0.6494,150.6494,1.0,0.9333,0.08,1,0,1,0.0400,0.0,0.0400,0,0.72,0.28,0.84,18,21,25,0.3247,0.3247,1.0066,0.16,0.25,0.0,0.75,0.75,0,0,0.2,10,2,0.6084,0.1,0.28,0.84,0.16,0.4,0.0,0.0,0.2,0.0,0.0,0.0,0.5623,0.0,inner_patrol,obstacle,0.6713,8.96251
2049,3.237,1.579,0,1.0,0.1667,14,6720,70,150.0,0.7409,150.7409,1.0,0.8333,0.0714,1,0,1,0.0714,0.0,0.0714,0,0.8571,0.1429,0.8571,12,12,14,0.7409,0.7409,1.1484,0.1429,0.5,0.5,0.0,0.5,0,0,1.0,4,4,0.5376,0.1,0.0714,0.7143,0.0,0.2857,0.0,0.0,1.0,0.0,0.0,0.0,0.6931,0.0,enter_inner,obstacle,0.6711,9.773123
2050,29.2344,14.2607,0,3.0,0.5,24,11520,70,150.0,0.0,150.0,1.0,1.4583,0.125,0,0,0,0.0000,0.0,0.0000,0,0.75,0.25,0.8333,18,20,24,0.0,0.0,0.0,0.1667,0.0,0.5,0.5,1.0,0,0,0.8333,6,5,0.5594,0.1,0.0833,0.875,0.0833,0.25,0.0,0.0,0.8333,0.0,0.0,0.0,0.6931,0.0,return_outer,obstacle,0.6708,9.254512
2051,86.0,50.989,1,6.0,1.0,38,18240,38,136.2857,0.6118,136.8975,0.5429,1.8421,0.1579,0,0,0,0.0000,0.0,0.0000,0,0.8421,0.1579,0.8684,32,33,38,0.1224,0.1224,0.9483,0.1316,0.2,0.6,0.2,0.8,0,0,0.75,8,6,0.536,0.1,0.0789,0.7895,0.0263,0.2105,0.0,0.0,0.75,0.0,0.0,0.0,0.9503,0.0,completed,,0.6705,9.22895
2052,86.0,50.1088,1,6.0,1.0,40,19200,40,137.1429,0.6242,137.7671,0.5714,1.75,0.15,0,0,0,0.0000,0.0,0.0000,0,0.75,0.25,0.85,30,34,40,0.1248,0.1248,0.9675,0.15,0.1667,0.1667,0.6667,0.8333,0,0,0.8571,14,12,0.5726,0.1,0.125,0.8,0.05,0.35,0.0,0.0,0.8571,0.0,0.0,0.0,0.8676,0.0,completed,,0.6703,10.341526
2053,86.0,49.8809,1,6.0,1.0,42,20160,42,138.0,1.408,139.408,0.6,1.6667,0.1429,1,0,1,0.0238,0.0,0.0238,0,0.7619,0.2381,0.8333,32,35,42,0.2816,0.2816,2.1824,0.1667,0.2857,0.0,0.7143,0.7143,0,0,0.7857,14,11,0.5584,0.1,0.0952,0.7619,0.0238,0.3333,0.0,0.0,0.7857,0.0,0.0,0.0,0.5983,0.0,completed,,0.67,12.527822
2054,4.4544,2.1729,0,1.0,0.1667,15,7200,70,150.0,0.0,150.0,1.0,0.7778,0.0667,1,0,1,0.0667,0.0,0.0667,0,0.9333,0.0667,0.9333,14,14,15,0.0,0.0,0.0,0.0667,0.0,0.0,1.0,1.0,0,0,0.75,4,3,0.5449,0.1,0.0667,0.7333,0.0667,0.2667,0.0,0.0,0.75,0.0,0.0,0.0,-0.0,0.0,enter_inner,obstacle,0.6697,12.262956
2055,86.0,51.4101,1,6.0,1.0,38,18240,38,136.2857,0.6211,136.9068,0.5429,1.8421,0.1579,0,0,0,0.0000,0.0,0.0000,0,0.7632,0.2368,0.8421,29,32,38,0.1242,0.1242,0.9627,0.1579,0.1667,0.1667,0.6667,0.8333,0,0,0.875,8,7,0.542,0.1,0.0789,0.8158,0.0,0.2105,0.0,0.0,0.875,0.0,0.0,0.0,0.8676,0.0,completed,,0.6695,12.299883
2056,86.0,50.9715,1,6.0,1.0,39,18720,39,136.7143,0.0,136.7143,0.5571,1.7949,0.1538,1,0,1,0.0256,0.0,0.0256,0,0.7949,0.2051,0.8718,31,34,39,0.0,0.0,0.0,0.1282,0.0,0.6,0.4,1.0,0,0,0.7778,9,7,0.5584,0.1,0.0769,0.7179,0.0513,0.2308,0.0,0.0,0.7778,0.0,0.0,0.0,0.673,0.0,completed,,0.6692,12.686709
2057,86.0,45.2359,1,6.0,1.0,46,22080,46,139.7143,3.8075,143.5218,0.6571,1.5217,0.1304,0,0,0,0.0000,0.0,0.0000,0,0.7609,0.2391,0.8261,35,38,46,0.7615,0.7615,5.9016,0.1739,0.625,0.0,0.375,0.375,0,0,0.7059,17,12,0.5593,0.1,0.1304,0.8261,0.0217,0.3696,0.0,0.0,0.7059,0.0,0.0,0.0,0.6616,0.0,completed,,0.6689,13.68799
2058,62.8671,30.6669,0,5.0,0.8333,41,19680,70,150.0,0.0,150.0,1.0,1.4228,0.122,1,0,1,0.0244,0.0,0.0244,0,0.7805,0.2195,0.878,32,36,41,0.0,0.0,0.0,0.122,0.0,0.2,0.8,1.0,0,0,0.7368,19,14,0.5408,0.1,0.0732,0.8537,0.0,0.4634,0.0,0.0,0.7368,0.0,0.0,0.0,0.5004,0.0,final_park,wall,0.6687,11.48243
2059,27.9961,13.6566,0,3.0,0.5,27,12960,70,150.0,0.0,150.0,1.0,1.2963,0.1111,1,0,1,0.0370,0.0,0.0370,0,0.7407,0.2593,0.8519,20,23,27,0.0,0.0,0.0,0.1481,0.0,0.0,1.0,1.0,0,0,0.3333,6,2,0.5557,0.1,0.1111,0.8148,0.037,0.2222,0.0,0.0,0.3333,0.0,0.0,0.0,-0.0,0.0,return_outer,obstacle,0.6684,10.39902
2060,86.0,45.8116,1,6.0,1.0,45,21600,45,139.2857,3.4622,142.7479,0.6429,1.5556,0.1333,0,0,0,0.0000,0.0,0.0000,0,0.6889,0.3111,0.8,31,36,45,0.6924,0.6924,5.3664,0.2,0.5556,0.1111,0.3333,0.4444,0,0,0.6923,13,9,0.5695,0.1,0.1556,0.8222,0.0444,0.2889,0.0,0.0,0.6923,0.0,0.0,0.0,0.9369,0.0,completed,,0.6681,9.132768
2061,30.0485,14.6578,0,3.0,0.5,23,11040,70,150.0,0.0,150.0,1.0,1.5217,0.1304,0,0,0,0.0000,0.0,0.0000,0,0.7826,0.2174,0.8696,18,20,23,0.0,0.0,0.0,0.1304,0.0,0.0,1.0,1.0,0,0,0.75,8,6,0.5616,0.1,0.087,0.8261,0.0435,0.3478,0.0,0.0,0.75,0.0,0.0,0.0,-0.0,0.0,return_outer,obstacle,0.6678,8.228449
2062,-10.0,-5.65,0,0.0,0.0,5,2400,70,150.0,0.0,150.0,1.0,0.0,0.0,0,0,0,0.0000,0.0,0.0000,0,1.0,0.0,1.0,5,5,5,0.0,0.0,0.0,0.0,0.0,0.0,0.0,0.0,0,0,1.0,1,1,0.5067,0.1,0.0,0.4,0.0,0.2,0.0,0.0,1.0,0.0,0.0,0.0,0.0,0.0,outer_patrol_a,road_edge,0.6676,8.363941
2063,86.0,51.9167,1,6.0,1.0,38,18240,38,136.2857,0.0,136.2857,0.5429,1.8421,0.1579,0,0,0,0.0000,0.0,0.0000,0,0.8421,0.1579,0.8684,32,33,38,0.0,0.0,0.0,0.1316,0.0,0.4,0.6,1.0,0,0,0.8462,13,11,0.5563,0.1,0.0526,0.7368,0.0263,0.3421,0.0,0.0,0.8462,0.0,0.0,0.0,0.673,0.0,completed,,0.6673,7.710434
2064,86.0,49.8894,1,6.0,1.0,42,20160,42,138.0,0.857,138.857,0.6,1.6667,0.1429,1,0,1,0.0238,0.0,0.0238,0,0.7381,0.2619,0.8333,31,35,42,0.1714,0.1714,1.3283,0.1667,0.1429,0.1429,0.7143,0.8571,0,0,0.8,15,12,0.5742,0.1,0.119,0.881,0.0714,0.3571,0.0,0.0,0.8,0.0,0.0,0.0,0.7963,0.0,completed,,0.667,11.221041
2065,2.7875,1.3598,0,1.0,0.1667,15,7200,70,150.0,0.7303,150.7303,1.0,0.7778,0.0667,1,0,1,0.0667,0.0,0.0667,0,0.8667,0.1333,0.8667,13,13,15,0.7303,0.7303,1.132,0.1333,0.5,0.0,0.5,0.5,0,0,0.5,4,2,0.5685,0.1,0.1333,0.8667,0.1333,0.2667,0.0,0.0,0.5,0.0,0.0,0.0,0.6931,0.0,enter_inner,obstacle,0.6668,12.528885
2066,86.0,44.8734,1,6.0,1.0,46,22080,46,139.7143,3.3599,143.0742,0.6571,1.5217,0.1304,1,0,1,0.0217,0.0,0.0217,0,0.6957,0.3043,0.8043,32,37,46,0.672,0.672,5.2079,0.1957,0.4444,0.1111,0.4444,0.5556,0,0,0.7333,15,11,0.5714,0.1,0.1522,0.8043,0.0652,0.3261,0.0,0.0,0.7333,0.0,0.0,0.0,0.965,0.0,completed,,0.6665,13.23908
2067,86.0,48.5777,1,6.0,1.0,41,19680,41,137.5714,1.7327,139.3042,0.5857,1.7073,0.1463,0,0,0,0.0000,0.0,0.0000,0,0.7317,0.2683,0.8537,30,35,41,0.3465,0.3465,2.6857,0.1463,0.3333,0.1667,0.5,0.6667,0,0,0.9091,11,10,0.5588,0.1,0.0976,0.7805,0.0244,0.2683,0.0,0.0,0.9091,0.0,0.0,0.0,1.0114,0.0,completed,,0.6662,11.034488
2068,86.0,44.3539,1,6.0,1.0,49,23520,49,141.0,3.0842,144.0842,0.7,1.4286,0.1224,0,0,0,0.0000,0.0,0.0000,0,0.7143,0.2857,0.8367,35,41,49,0.6168,0.6168,4.7805,0.1633,0.5,0.25,0.25,0.5,0,0,0.7222,18,13,0.5716,0.1,0.2041,0.8776,0.0612,0.3673,0.0,0.0,0.7222,0.0,0.0,0.0,1.0397,0.0,completed,,0.666,11.119725
2069,-10.0,-4.91,0,0.0,0.0,7,3360,70,150.0,0.0,150.0,1.0,0.0,0.0,0,0,0,0.0000,0.0,0.0000,0,1.0,0.0,1.0,7,7,7,0.0,0.0,0.0,0.0,0.0,0.0,0.0,0.0,0,0,0.0,1,0,0.4821,0.1,0.0,0.4286,0.0,0.1429,0.0,0.0,0.0,0.0,0.0,0.0,0.0,0.0,outer_patrol_a,road_edge,0.6657,12.595184
2070,58.7623,28.6645,0,5.0,0.8333,41,19680,70,150.0,2.3142,152.3142,1.0,1.4228,0.122,0,0,0,0.0000,0.0,0.0000,0,0.7317,0.2683,0.8049,30,33,41,0.4628,0.4628,3.587,0.1951,0.375,0.125,0.5,0.625,0,0,0.8889,9,8,0.5648,0.1,0.122,0.7561,0.0732,0.2195,0.0,0.0,0.8889,0.0,0.0,0.0,0.9743,0.0,final_park,wall,0.6654,12.599607
2071,60.2382,29.3845,0,5.0,0.8333,42,20160,70,150.0,1.4203,151.4203,1.0,1.3889,0.119,0,0,0,0.0000,0.0,0.0000,0,0.8333,0.1667,0.8333,35,35,42,0.2841,0.2841,2.2014,0.1905,0.25,0.375,0.375,0.75,0,0,0.7059,17,12,0.5721,0.1,0.1429,0.8095,0.0238,0.4048,0.0,0.0,0.7059,0.0,0.0,0.0,1.0822,0.0,final_park,wall,0.6651,12.621975
2072,86.0,49.4745,1,6.0,1.0,42,20160,42,138.0,0.6871,138.6871,0.6,1.6667,0.1429,0,0,0,0.0000,0.0,0.0000,0,0.7619,0.2381,0.8571,32,36,42,0.1374,0.1374,1.0651,0.1429,0.1667,0.1667,0.6667,0.8333,0,0,0.7273,11,8,0.549,0.1,0.0952,0.6905,0.0238,0.2619,0.0,0.0,0.7273,0.0,0.0,0.0,0.8676,0.0,completed,,0.6649,12.44185
2073,65.2875,31.8476,0,5.0,0.8333,41,19680,70,150.0,0.0,150.0,1.0,1.4228,0.122,1,0,1,0.0244,0.0,0.0244,0,0.7805,0.2195,0.8293,32,34,41,0.0,0.0,0.0,0.1707,0.0,0.1429,0.8571,1.0,0,0,0.5333,15,8,0.5872,0.1,0.2195,0.7561,0.0976,0.3659,0.0,0.0,0.5333,0.0,0.0,0.0,0.4101,0.0,final_park,wall,0.6646,9.25611
2074,86.0,52.002,1,6.0,1.0,39,18720,39,136.7143,0.7703,137.4846,0.5571,1.7949,0.1538,1,0,1,0.0256,0.0,0.0256,0,0.7692,0.2308,0.8205,30,32,39,0.1541,0.1541,1.1939,0.1795,0.1429,0.1429,0.7143,0.8571,0,0,0.7273,11,8,0.5528,0.1,0.0769,0.7692,0.0513,0.2821,0.0,0.0,0.7273,0.0,0.0,0.0,0.7963,0.0,completed,,0.6643,8.68847
2075,86.0,49.2181,1,6.0,1.0,44,21120,44,138.8571,0.0,138.8571,0.6286,1.5909,0.1364,0,0,0,0.0000,0.0,0.0000,0,0.75,0.25,0.8864,33,39,44,0.0,0.0,0.0,0.1136,0.0,0.4,0.6,1.0,0,0,0.625,16,10,0.5524,0.1,0.0909,0.8636,0.0,0.3636,0.0,0.0,0.625,0.0,0.0,0.0,0.673,0.0,completed,,0.6641,10.639382
2076,14.8131,7.2259,0,2.0,0.3333,15,7200,70,150.0,0.0,150.0,1.0,1.5556,0.1333,0,0,0,0.0000,0.0,0.0000,0,0.8,0.2,0.8667,12,13,15,0.0,0.0,0.0,0.1333,0.0,1.0,0.0,1.0,0,0,1.0,1,1,0.5293,0.1,0.0667,0.6,0.0667,0.0667,0.0,0.0,1.0,0.0,0.0,0.0,-0.0,0.0,inner_patrol,obstacle,0.6638,12.176414
2077,86.0,48.1121,1,6.0,1.0,41,19680,41,137.5714,2.3535,139.925,0.5857,1.7073,0.1463,0,0,0,0.0000,0.0,0.0000,0,0.7317,0.2683,0.8049,30,33,41,0.4707,0.4707,3.648,0.1951,0.375,0.25,0.375,0.625,0,0,0.7778,9,7,0.5551,0.1,0.0976,0.7317,0.0244,0.2195,0.0,0.0,0.7778,0.0,0.0,0.0,1.0822,0.0,completed,,0.6635,12.748108
2078,20.6944,10.0948,0,3.0,0.5,27,12960,70,150.0,2.7966,152.7966,1.0,1.2963,0.1111,0,0,0,0.0000,0.0,0.0000,0,0.7407,0.2593,0.8148,20,22,27,0.9322,0.9322,4.3347,0.1852,0.8,0.2,0.0,0.2,0,0,0.7143,7,5,0.5529,0.1,0.1481,0.7037,0.0,0.2593,0.0,0.0,0.7143,0.0,0.0,0.0,0.5004,0.0,return_outer,obstacle,0.6633,11.946965
2079,3.5672,1.7401,0,1.0,0.1667,14,6720,70,150.0,0.6359,150.6359,1.0,0.8333,0.0714,0,0,0,0.0000,0.0,0.0000,0,0.8571,0.1429,0.8571,12,12,14,0.6359,0.6359,0.9856,0.1429,0.5,0.5,0.0,0.5,0,0,0.75,4,3,0.5246,0.1,0.0714,0.7143,0.0,0.2857,0.0,0.0,0.75,0.0,0.0,0.0,0.6931,0.0,enter_inner,obstacle,0.663,11.753839
2080,1.3009,0.6346,0,1.0,0.1667,22,10560,70,150.0,0.6359,150.6359,1.0,0.5303,0.0455,0,0,0,0.0000,0.0,0.0000,0,0.8636,0.1364,0.9091,19,20,22,0.6359,0.6359,0.9856,0.0909,0.5,0.0,0.5,0.5,0,0,0.3333,12,4,0.6457,0.1,0.3636,0.9091,0.2727,0.5455,0.0,0.0,0.3333,0.0,0.0,0.0,0.6931,0.0,enter_inner,obstacle,0.6627,10.969009
2081,26.4796,12.9169,0,3.0,0.5,25,12000,70,150.0,0.8026,150.8026,1.0,1.4,0.12,0,0,0,0.0000,0.0,0.0000,0,0.8,0.2,0.84,20,21,25,0.2675,0.2675,1.244,0.16,0.25,0.0,0.75,0.75,0,0,0.625,8,5,0.5788,0.1,0.12,0.76,0.08,0.32,0.0,0.0,0.625,0.0,0.0,0.0,0.5623,0.0,return_outer,obstacle,0.6625,9.631371
2082,0.6517,0.3179,0,1.0,0.1667,18,8640,70,150.0,0.8918,150.8918,1.0,0.6481,0.0556,1,0,1,0.0556,0.0,0.0556,0,0.7222,0.2778,0.8333,13,15,18,0.8918,0.8918,1.3823,0.1111,0.5,0.0,0.5,0.5,0,0,0.5,6,3,0.5717,0.1,0.1667,0.6667,0.1667,0.3333,0.0,0.0,0.5,0.0,0.0,0.0,0.6931,0.0,enter_inner,red_light,0.6622,9.184206
2083,86.0,50.5585,1,6.0,1.0,39,18720,39,136.7143,0.7215,137.4357,0.5571,1.7949,0.1538,1,0,1,0.0256,0.0,0.0256,0,0.8205,0.1795,0.8462,32,33,39,0.1443,0.1443,1.1183,0.1538,0.1667,0.3333,0.5,0.8333,0,0,0.9167,12,11,0.5522,0.1,0.0513,0.6667,0.0256,0.3077,0.0,0.0,0.9167,0.0,0.0,0.0,1.0114,0.0,completed,,0.6619,8.816574
2084,86.0,46.9789,1,6.0,1.0,43,20640,43,138.4286,2.8904,141.3189,0.6143,1.6279,0.1395,1,0,1,0.0233,0.0,0.0233,0,0.7674,0.2326,0.8372,33,36,43,0.5781,0.5781,4.4801,0.1628,0.5714,0.2857,0.1429,0.4286,0,0,0.6364,11,7,0.565,0.1,0.1163,0.814,0.0465,0.2558,0.0,0.0,0.6364,0.0,0.0,0.0,0.9557,0.0,completed,,0.6616,9.169633
2085,86.0,48.7231,1,6.0,1.0,43,20640,43,138.4286,1.7009,140.1294,0.6143,1.6279,0.1395,0,0,0,0.0000,0.0,0.0000,0,0.7674,0.2326,0.8372,33,36,43,0.3402,0.3402,2.6363,0.1628,0.2857,0.1429,0.5714,0.7143,0,0,0.5556,9,5,0.5511,0.1,0.1163,0.7907,0.0465,0.2093,0.0,0.0,0.5556,0.0,0.0,0.0,0.9557,0.0,completed,,0.6614,13.124293
2086,86.0,46.6512,1,6.0,1.0,47,22560,47,140.1429,2.8835,143.0264,0.6714,1.4894,0.1277,0,0,0,0.0000,0.0,0.0000,0,0.8298,0.1702,0.8511,39,40,47,0.5767,0.5767,4.4694,0.1489,0.5714,0.0,0.4286,0.4286,0,0,0.6667,18,12,0.5703,0.1,0.0851,0.8298,0.0426,0.383,0.0,0.0,0.6667,0.0,0.0,0.0,0.6829,0.0,completed,,0.6611,15.130118
2087,0.4937,0.2408,0,1.0,0.1667,17,8160,70,150.0,0.8093,150.8093,1.0,0.6863,0.0588,0,0,0,0.0000,0.0,0.0000,0,0.7059,0.2941,0.8824,12,15,17,0.8093,0.8093,1.2545,0.1176,0.5,0.5,0.0,0.5,0,0,0.75,4,3,0.5301,0.1,0.0588,0.8824,0.0588,0.2353,0.0,0.0,0.75,0.0,0.0,0.0,0.6931,0.0,enter_inner,obstacle,0.6608,15.09741
2088,86.0,51.9028,1,6.0,1.0,36,17280,36,135.4286,0.7772,136.2058,0.5143,1.9444,0.1667,1,0,1,0.0278,0.0,0.0278,0,0.8333,0.1667,0.8611,30,31,36,0.1554,0.1554,1.2047,0.1389,0.2,0.2,0.6,0.8,0,0,1.0,8,8,0.5421,0.1,0.0278,0.8333,0.0278,0.2222,0.0,0.0,1.0,0.0,0.0,0.0,0.9503,0.0,completed,,0.6606,11.835519
2089,57.674,28.1336,0,5.0,0.8333,43,20640,70,150.0,0.8673,150.8673,1.0,1.3566,0.1163,1,0,1,0.0233,0.0,0.0233,0,0.7907,0.2093,0.8837,34,38,43,0.1735,0.1735,1.3444,0.1163,0.2,0.8,0.0,0.8,0,0,0.5385,13,7,0.5427,0.1,0.1163,0.7209,0.0,0.3023,0.0,0.0,0.5385,0.0,0.0,0.0,0.5004,0.0,final_park,wall,0.6603,12.55711
2090,14.3345,6.9924,0,2.0,0.3333,16,7680,70,150.0,0.0,150.0,1.0,1.4583,0.125,1,0,1,0.0625,0.0,0.0625,0,0.8125,0.1875,0.875,13,14,16,0.0,0.0,0.0,0.125,0.0,0.5,0.5,1.0,0,0,1.0,2,2,0.5223,0.1,0.0625,0.625,0.0,0.125,0.0,0.0,1.0,0.0,0.0,0.0,0.6931,0.0,inner_patrol,obstacle,0.66,11.07915
2091,27.8756,13.5978,0,3.0,0.5,23,11040,70,150.0,0.8536,150.8536,1.0,1.5217,0.1304,1,0,1,0.0435,0.0,0.0435,0,0.7826,0.2174,0.8261,18,19,23,0.2845,0.2845,1.3231,0.1739,0.25,0.25,0.5,0.75,0,0,0.9,10,9,0.5693,0.1,0.1304,0.9565,0.0435,0.4348,0.0,0.0,0.9,0.0,0.0,0.0,1.0397,0.0,return_outer,obstacle,0.6598,10.093676
2092,30.2889,14.7751,0,4.0,0.6667,35,16800,70,150.0,1.408,151.408,1.0,1.3333,0.1143,1,0,1,0.0286,0.0,0.0286,0,0.6286,0.3714,0.8286,22,29,35,0.352,0.352,2.1824,0.1714,0.3333,0.1667,0.5,0.6667,0,0,0.5385,13,7,0.5862,0.1,0.2286,0.8857,0.0857,0.3714,0.0,0.0,0.5385,0.0,0.0,0.0,1.0114,0.0,outer_patrol_b,road_edge,0.6595,10.828422
2093,27.9282,13.6235,0,3.0,0.5,25,12000,70,150.0,0.0,150.0,1.0,1.4,0.12,1,0,1,0.0400,0.0,0.0400,0,0.72,0.28,0.88,18,22,25,0.0,0.0,0.0,0.12,0.0,0.3333,0.6667,1.0,0,0,0.6667,6,4,0.576,0.1,0.08,0.8,0.08,0.24,0.0,0.0,0.6667,0.0,0.0,0.0,0.6365,0.0,return_outer,obstacle,0.6592,9.772305
2094,86.0,47.2482,1,6.0,1.0,47,22560,47,140.1429,0.6515,140.7943,0.6714,1.4894,0.1277,0,0,0,0.0000,0.0,0.0000,0,0.7234,0.2766,0.8723,34,41,47,0.1303,0.1303,1.0098,0.1277,0.1667,0.5,0.3333,0.8333,0,0,0.7,10,7,0.5403,0.1,0.0426,0.7447,0.0,0.2128,0.0,0.0,0.7,0.0,0.0,0.0,1.0114,0.0,completed,,0.6589,10.265547
2095,30.7535,15.0017,0,3.0,0.5,23,11040,70,150.0,0.0,150.0,1.0,1.5217,0.1304,0,0,0,0.0000,0.0,0.0000,0,0.8261,0.1739,0.8696,19,20,23,0.0,0.0,0.0,0.1304,0.0,0.3333,0.6667,1.0,0,0,0.4,5,2,0.5612,0.1,0.1304,0.7391,0.0435,0.2174,0.0,0.0,0.4,0.0,0.0,0.0,0.6365,0.0,return_outer,obstacle,0.6587,10.409088
2096,48.4542,23.6362,0,4.0,0.6667,31,14880,70,150.0,0.6898,150.6898,1.0,1.5054,0.129,0,0,0,0.0000,0.0,0.0000,0,0.7742,0.2258,0.8065,24,25,31,0.1724,0.1724,1.0692,0.1935,0.1667,0.0,0.8333,0.8333,0,0,0.6,5,3,0.5595,0.1,0.0645,0.6129,0.0323,0.1613,0.0,0.0,0.6,0.0,0.0,0.0,0.4506,0.0,outer_patrol_b,road_edge,0.6584,11.259623
2097,4.9351,2.4074,0,1.0,0.1667,14,6720,70,150.0,0.0,150.0,1.0,0.8333,0.0714,0,0,0,0.0000,0.0,0.0000,0,0.9286,0.0714,0.9286,13,13,14,0.0,0.0,0.0,0.0714,0.0,1.0,0.0,1.0,0,0,1.0,2,2,0.5006,0.1,0.0,0.5,0.0,0.1429,0.0,0.0,1.0,0.0,0.0,0.0,-0.0,0.0,enter_inner,obstacle,0.6581,13.034449
2098,14.6751,7.1586,0,2.0,0.3333,17,8160,70,150.0,0.0,150.0,1.0,1.3725,0.1176,1,0,1,0.0588,0.0,0.0588,0,0.8824,0.1176,0.8824,15,15,17,0.0,0.0,0.0,0.1176,0.0,0.0,1.0,1.0,0,0,0.3333,3,1,0.5276,0.1,0.0,0.7647,0.0,0.1765,0.0,0.0,0.3333,0.0,0.0,0.0,-0.0,0.0,inner_patrol,obstacle,0.6579,12.977545
2099,34.7445,16.9486,0,4.0,0.6667,32,15360,70,150.0,1.4706,151.4706,1.0,1.4583,0.125,1,0,1,0.0312,0.0,0.0312,0,0.6875,0.3125,0.8125,22,26,32,0.3677,0.3677,2.2794,0.1875,0.3333,0.3333,0.3333,0.6667,0,0,0.5833,12,7,0.5701,0.1,0.1562,0.8125,0.0625,0.375,0.0,0.0,0.5833,0.0,0.0,0.0,1.0986,0.0,outer_patrol_b,road_edge,0.6576,12.074876
2100,17.4595,8.5168,0,2.0,0.3333,17,8160,70,150.0,0.0,150.0,1.0,1.3725,0.1176,1,0,1,0.0588,0.0,0.0588,0,0.8824,0.1176,0.8824,15,15,17,0.0,0.0,0.0,0.1176,0.0,0.0,1.0,1.0,0,0,0.5,6,3,0.5315,0.1,0.1176,0.8235,0.0,0.3529,0.0,0.0,0.5,0.0,0.0,0.0,-0.0,0.0,inner_patrol,obstacle,0.6573,11.767412
2101,4.163,2.0307,0,1.0,0.1667,16,7680,70,150.0,0.0,150.0,1.0,0.7292,0.0625,1,0,1,0.0625,0.0,0.0625,0,0.75,0.25,0.875,12,14,16,0.0,0.0,0.0,0.125,0.0,0.5,0.5,1.0,0,0,0.4,5,2,0.5541,0.1,0.125,0.75,0.125,0.3125,0.0,0.0,0.4,0.0,0.0,0.0,0.6931,0.0,enter_inner,obstacle,0.6571,10.978666
2102,86.0,49.4809,1,6.0,1.0,44,21120,44,138.8571,0.6965,139.5537,0.6286,1.5909,0.1364,0,0,0,0.0000,0.0,0.0000,0,0.7045,0.2955,0.8636,31,38,44,0.1393,0.1393,1.0796,0.1364,0.1667,0.1667,0.6667,0.8333,0,0,0.7273,11,8,0.5475,0.1,0.0682,0.8409,0.0227,0.25,0.0,0.0,0.7273,0.0,0.0,0.0,0.8676,0.0,completed,,0.6568,11.383159
2103,86.0,48.3184,1,6.0,1.0,45,21600,45,139.2857,1.49,140.7758,0.6429,1.5556,0.1333,1,0,1,0.0222,0.0,0.0222,0,0.7333,0.2667,0.8444,33,38,45,0.298,0.298,2.3096,0.1556,0.2857,0.1429,0.5714,0.7143,0,0,0.5,10,5,0.5537,0.1,0.1111,0.7556,0.0444,0.2222,0.0,0.0,0.5,0.0,0.0,0.0,0.9557,0.0,completed,,0.6565,12.551269
2104,86.0,47.0736,1,6.0,1.0,42,20160,42,138.0,2.9221,140.9221,0.6,1.6667,0.1429,0,0,0,0.0000,0.0,0.0000,0,0.7381,0.2619,0.8095,31,34,42,0.5844,0.5844,4.5292,0.1905,0.5,0.125,0.375,0.5,0,0,0.875,16,14,0.563,0.1,0.119,0.8571,0.0238,0.381,0.0,0.0,0.875,0.0,0.0,0.0,0.9743,0.0,completed,,0.6563,13.919561
2105,0.6653,0.3246,0,1.0,0.1667,18,8640,70,150.0,0.8105,150.8105,1.0,0.6481,0.0556,1,0,1,0.0556,0.0,0.0556,0,0.7222,0.2778,0.8889,13,16,18,0.8105,0.8105,1.2563,0.1111,0.5,0.0,0.5,0.5,0,0,0.75,4,3,0.545,0.1,0.0556,0.5556,0.0556,0.2222,0.0,0.0,0.75,0.0,0.0,0.0,0.6931,0.0,enter_inner,obstacle,0.656,12.749741
2106,86.0,51.7332,1,6.0,1.0,39,18720,39,136.7143,0.0,136.7143,0.5571,1.7949,0.1538,1,0,1,0.0256,0.0,0.0256,0,0.7692,0.2308,0.8462,30,33,39,0.0,0.0,0.0,0.1538,0.0,0.3333,0.6667,1.0,0,0,0.75,12,9,0.5499,0.1,0.1026,0.7179,0.0256,0.3077,0.0,0.0,0.75,0.0,0.0,0.0,0.6365,0.0,completed,,0.6557,13.31985
2107,7.9658,3.8858,0,2.0,0.3333,18,8640,70,150.0,2.292,152.292,1.0,1.2963,0.1111,1,0,1,0.0556,0.0,0.0556,0,0.7778,0.2222,0.7778,14,14,18,1.146,1.146,3.5526,0.2222,0.75,0.25,0.0,0.25,0,0,1.0,3,3,0.5373,0.1,0.0556,0.7222,0.0,0.1667,0.0,0.0,1.0,0.0,0.0,0.0,0.5623,0.0,inner_patrol,obstacle,0.6554,14.303452
2108,86.0,45.6872,1,6.0,1.0,48,23040,48,140.5714,3.0431,143.6145,0.6857,1.4583,0.125,0,0,0,0.0000,0.0,0.0000,0,0.7292,0.2708,0.8333,35,40,48,0.6086,0.6086,4.7168,0.1875,0.4444,0.2222,0.3333,0.5556,0,0,0.6667,18,12,0.5729,0.1,0.1667,0.8125,0.0625,0.375,0.0,0.0,0.6667,0.0,0.0,0.0,1.0609,0.0,completed,,0.6552,11.425788
2109,86.0,49.7893,1,6.0,1.0,40,19200,40,137.1429,0.7946,137.9375,0.5714,1.75,0.15,1,0,1,0.0250,0.0,0.0250,0,0.75,0.25,0.875,30,35,40,0.1589,0.1589,1.2317,0.125,0.2,0.4,0.4,0.8,0,0,1.0,6,6,0.5389,0.1,0.05,0.8,0.0,0.15,0.0,0.0,1.0,0.0,0.0,0.0,1.0549,0.0,completed,,0.6549,11.560078
2110,86.0,44.611,1,6.0,1.0,46,22080,46,139.7143,3.7632,143.4775,0.6571,1.5217,0.1304,1,0,1,0.0217,0.0,0.0217,0,0.7391,0.2609,0.8261,34,38,46,0.7526,0.7526,5.833,0.1739,0.625,0.125,0.25,0.375,0,0,0.7857,14,11,0.5892,0.1,0.1304,0.8261,0.1087,0.3043,0.0,0.0,0.7857,0.0,0.0,0.0,0.9003,0.0,completed,,0.6546,12.174895
2111,60.5305,29.5271,0,5.0,0.8333,43,20640,70,150.0,0.0,150.0,1.0,1.3566,0.1163,1,0,1,0.0233,0.0,0.0233,0,0.6512,0.3488,0.8837,28,38,43,0.0,0.0,0.0,0.1163,0.0,0.2,0.8,1.0,0,0,0.7143,14,10,0.5396,0.1,0.093,0.7209,0.0,0.3256,0.0,0.0,0.7143,0.0,0.0,0.0,0.5004,0.0,final_park,wall,0.6544,13.313635
2112,35.0712,17.1079,0,4.0,0.6667,26,12480,70,150.0,1.6666,151.6666,1.0,1.7949,0.1538,0,0,0,0.0000,0.0,0.0000,0,0.7308,0.2692,0.8077,19,21,26,0.4166,0.4166,2.5832,0.1923,0.4,0.2,0.4,0.6,0,0,0.7143,7,5,0.5741,0.1,0.1154,0.8077,0.0769,0.2692,0.0,0.0,0.7143,0.0,0.0,0.0,1.0549,0.0,outer_patrol_b,road_edge,0.6541,12.100961
2113,59.6347,29.0901,0,5.0,0.8333,43,20640,70,150.0,1.7106,151.7106,1.0,1.3566,0.1163,0,0,0,0.0000,0.0,0.0000,0,0.7674,0.2326,0.814,33,35,43,0.3421,0.3421,2.6514,0.186,0.25,0.125,0.625,0.75,0,0,0.5333,15,8,0.5656,0.1,0.1628,0.7442,0.0233,0.3488,0.0,0.0,0.5333,0.0,0.0,0.0,0.9003,0.0,final_park,wall,0.6538,11.34388
2114,27.4422,13.3864,0,3.0,0.5,25,12000,70,150.0,0.7484,150.7484,1.0,1.4,0.12,1,0,1,0.0400,0.0,0.0400,0,0.72,0.28,0.8,18,20,25,0.2495,0.2495,1.16,0.2,0.2,0.2,0.6,0.8,0,0,0.7778,9,7,0.5756,0.1,0.16,0.92,0.08,0.36,0.0,0.0,0.7778,0.0,0.0,0.0,0.9503,0.0,return_outer,obstacle,0.6536,11.27583
2115,38.2239,18.6458,0,4.0,0.6667,25,12000,70,150.0,0.7763,150.7763,1.0,1.8667,0.16,1,0,1,0.0400,0.0,0.0400,0,0.76,0.24,0.8,19,20,25,0.1941,0.1941,1.2033,0.2,0.2,0.4,0.4,0.8,0,0,0.8,10,8,0.5835,0.1,0.16,0.72,0.08,0.4,0.0,0.0,0.8,0.0,0.0,0.0,1.0549,0.0,outer_patrol_b,road_edge,0.6533,11.266499
2116,86.0,47.8174,1,6.0,1.0,41,19680,41,137.5714,2.4045,139.9759,0.5857,1.7073,0.1463,1,0,1,0.0244,0.0,0.0244,0,0.7317,0.2683,0.8293,30,34,41,0.4809,0.4809,3.7269,0.1707,0.4286,0.1429,0.4286,0.5714,0,0,0.8333,12,10,0.5632,0.1,0.122,0.9024,0.0244,0.2927,0.0,0.0,0.8333,0.0,0.0,0.0,1.0042,0.0,completed,,0.653,11.562891
2117,86.0,51.2366,1,6.0,1.0,38,18240,38,136.2857,0.6476,136.9333,0.5429,1.8421,0.1579,0,0,0,0.0000,0.0,0.0000,0,0.7632,0.2368,0.8158,29,31,38,0.1295,0.1295,1.0038,0.1842,0.1429,0.4286,0.4286,0.8571,0,0,0.8333,12,10,0.5571,0.1,0.1579,0.7105,0.0263,0.3158,0.0,0.0,0.8333,0.0,0.0,0.0,1.0042,0.0,completed,,0.6527,11.767021
2118,2.7807,1.3564,0,1.0,0.1667,17,8160,70,150.0,0.0,150.0,1.0,0.6863,0.0588,1,0,1,0.0588,0.0,0.0588,0,0.8235,0.1765,0.9412,14,16,17,0.0,0.0,0.0,0.0588,0.0,0.0,1.0,1.0,0,0,0.25,4,1,0.5254,0.1,0.0588,0.7059,0.0588,0.2353,0.0,0.0,0.25,0.0,0.0,0.0,-0.0,0.0,enter_inner,obstacle,0.6525,14.213315
2119,86.0,51.3531,1,6.0,1.0,41,19680,41,137.5714,0.0,137.5714,0.5857,1.7073,0.1463,0,0,0,0.0000,0.0,0.0000,0,0.7317,0.2683,0.8537,30,35,41,0.0,0.0,0.0,0.1463,0.0,0.1667,0.8333,1.0,0,0,0.6667,12,8,0.551,0.1,0.0488,0.6341,0.0488,0.2927,0.0,0.0,0.6667,0.0,0.0,0.0,0.4506,0.0,completed,,0.6522,13.814985
2120,27.7084,13.5163,0,3.0,0.5,24,11520,70,150.0,0.6281,150.6281,1.0,1.4583,0.125,0,0,0,0.0000,0.0,0.0000,0,0.7917,0.2083,0.875,19,21,24,0.2094,0.2094,0.9735,0.125,0.3333,0.0,0.6667,0.6667,0,0,1.0,5,5,0.5402,0.1,0.0,0.9167,0.0,0.2083,0.0,0.0,1.0,0.0,0.0,0.0,0.6365,0.0,return_outer,obstacle,0.6519,14.600175
2121,28.8968,14.096,0,3.0,0.5,24,11520,70,150.0,0.0,150.0,1.0,1.4583,0.125,1,0,1,0.0417,0.0,0.0417,0,0.7917,0.2083,0.875,19,21,24,0.0,0.0,0.0,0.125,0.0,0.6667,0.3333,1.0,0,0,0.6,5,3,0.5614,0.1,0.0833,0.75,0.0417,0.2083,0.0,0.0,0.6,0.0,0.0,0.0,0.6365,0.0,return_outer,obstacle,0.6517,12.87275
2122,16.0583,7.8333,0,2.0,0.3333,14,6720,70,150.0,0.0,150.0,1.0,1.6667,0.1429,0,0,0,0.0000,0.0,0.0000,0,0.8571,0.1429,0.8571,12,12,14,0.0,0.0,0.0,0.1429,0.0,0.0,1.0,1.0,0,0,0.0,0,0,0.5141,0.1,0.0,0.7143,0.0,0.0,0.0,0.0,0.0,0.0,0.0,0.0,-0.0,0.0,inner_patrol,obstacle,0.6514,12.641042
2123,14.8243,7.2314,0,2.0,0.3333,16,7680,70,150.0,0.0,150.0,1.0,1.4583,0.125,1,0,1,0.0625,0.0,0.0625,0,0.75,0.25,0.875,12,14,16,0.0,0.0,0.0,0.125,0.0,0.5,0.5,1.0,0,0,1.0,5,5,0.5124,0.1,0.0,0.75,0.0,0.3125,0.0,0.0,1.0,0.0,0.0,0.0,0.6931,0.0,inner_patrol,obstacle,0.6511,12.156272
2124,86.0,50.6537,1,6.0,1.0,40,19200,40,137.1429,0.0,137.1429,0.5714,1.75,0.15,1,0,1,0.0250,0.0,0.0250,0,0.775,0.225,0.875,31,35,40,0.0,0.0,0.0,0.125,0.0,0.2,0.8,1.0,0,0,0.6667,9,6,0.544,0.1,0.075,0.75,0.025,0.225,0.0,0.0,0.6667,0.0,0.0,0.0,0.5004,0.0,completed,,0.6509,12.727873
2125,2.7815,1.3568,0,1.0,0.1667,17,8160,70,150.0,0.0,150.0,1.0,0.6863,0.0588,1,0,1,0.0588,0.0,0.0588,0,0.8235,0.1765,0.9412,14,16,17,0.0,0.0,0.0,0.0588,0.0,0.0,1.0,1.0,0,0,0.625,8,5,0.5325,0.1,0.0588,0.7647,0.0588,0.4706,0.0,0.0,0.625,0.0,0.0,0.0,-0.0,0.0,enter_inner,obstacle,0.6506,12.205245
2126,39.1902,19.1172,0,4.0,0.6667,25,12000,70,150.0,0.0,150.0,1.0,1.8667,0.16,0,0,0,0.0000,0.0,0.0000,0,0.72,0.28,0.84,18,21,25,0.0,0.0,0.0,0.16,0.0,0.25,0.75,1.0,0,0,0.6667,3,2,0.5431,0.1,0.08,0.84,0.0,0.12,0.0,0.0,0.6667,0.0,0.0,0.0,0.5623,0.0,outer_patrol_b,road_edge,0.6503,13.133345
2127,58.2906,28.4345,0,5.0,0.8333,44,21120,70,150.0,1.8422,151.8422,1.0,1.3258,0.1136,0,0,0,0.0000,0.0,0.0000,0,0.7273,0.2727,0.8182,32,36,44,0.3684,0.3684,2.8554,0.1818,0.375,0.125,0.5,0.625,0,0,0.75,16,12,0.5823,0.1,0.1364,0.7727,0.0909,0.3636,0.0,0.0,0.75,0.0,0.0,0.0,0.9743,0.0,final_park,wall,0.6501,13.840321
2128,26.7367,13.0423,0,3.0,0.5,26,12480,70,150.0,0.7956,150.7956,1.0,1.3462,0.1154,0,0,0,0.0000,0.0,0.0000,0,0.8077,0.1923,0.8462,21,22,26,0.2652,0.2652,1.2332,0.1538,0.25,0.0,0.75,0.75,0,0,0.5,10,5,0.5873,0.1,0.1923,0.8846,0.0769,0.3846,0.0,0.0,0.5,0.0,0.0,0.0,0.5623,0.0,return_outer,obstacle,0.6498,13.369858
2129,14.7637,7.2018,0,2.0,0.3333,17,8160,70,150.0,1.2588,151.2588,1.0,1.3725,0.1176,0,0,0,0.0000,0.0,0.0000,0,0.7647,0.2353,0.7647,13,13,17,0.6294,0.6294,1.9512,0.2353,0.5,0.0,0.5,0.5,0,0,1.0,4,4,0.5408,0.1,0.1765,0.7059,0.0588,0.2353,0.0,0.0,1.0,0.0,0.0,0.0,0.6931,0.0,inner_patrol,obstacle,0.6495,13.888227
2130,86.0,50.257,1,6.0,1.0,42,20160,42,138.0,0.8796,138.8796,0.6,1.6667,0.1429,0,0,0,0.0000,0.0,0.0000,0,0.7857,0.2143,0.8333,33,35,42,0.1759,0.1759,1.3634,0.1667,0.1429,0.1429,0.7143,0.8571,0,0,0.7,10,7,0.5548,0.1,0.0952,0.8333,0.0476,0.2381,0.0,0.0,0.7,0.0,0.0,0.0,0.7963,0.0,completed,,0.6492,12.94749
2131,86.0,50.724,1,6.0,1.0,38,18240,38,136.2857,0.8118,137.0975,0.5429,1.8421,0.1579,1,0,1,0.0263,0.0,0.0263,0,0.7895,0.2105,0.8684,30,33,38,0.1624,0.1624,1.2583,0.1316,0.2,0.2,0.6,0.8,0,0,1.0,6,6,0.5348,0.1,0.0526,0.6842,0.0263,0.1579,0.0,0.0,1.0,0.0,0.0,0.0,0.9503,0.0,completed,,0.649,11.298481
2132,86.0,49.1026,1,6.0,1.0,43,20640,43,138.4286,0.852,139.2806,0.6143,1.6279,0.1395,0,0,0,0.0000,0.0,0.0000,0,0.7674,0.2326,0.8837,33,38,43,0.1704,0.1704,1.3207,0.1163,0.2,0.0,0.8,0.8,0,0,0.8,10,8,0.5584,0.1,0.0465,0.6512,0.0233,0.2326,0.0,0.0,0.8,0.0,0.0,0.0,0.5004,0.0,completed,,0.6487,10.340636
2133,40.9851,19.9927,0,4.0,0.6667,26,12480,70,150.0,0.0,150.0,1.0,1.7949,0.1538,0,0,0,0.0000,0.0,0.0000,0,0.6923,0.3077,0.7692,18,20,26,0.0,0.0,0.0,0.2308,0.0,0.1667,0.8333,1.0,0,0,0.4,5,2,0.5766,0.1,0.0769,0.8462,0.0769,0.1923,0.0,0.0,0.4,0.0,0.0,0.0,0.4506,0.0,outer_patrol_b,road_edge,0.6484,10.414722
2134,86.0,52.4336,1,6.0,1.0,37,17760,37,135.8571,0.0,135.8571,0.5286,1.8919,0.1622,0,0,0,0.0000,0.0,0.0000,0,0.7838,0.2162,0.8649,29,32,37,0.0,0.0,0.0,0.1351,0.0,0.2,0.8,1.0,0,0,0.9091,11,10,0.5439,0.1,0.0811,0.8919,0.027,0.2973,0.0,0.0,0.9091,0.0,0.0,0.0,0.5004,0.0,completed,,0.6482,13.106784
2135,3.8597,1.8828,0,1.0,0.1667,17,8160,70,150.0,0.0,150.0,1.0,0.6863,0.0588,1,0,1,0.0588,0.0,0.0588,0,0.8235,0.1765,0.8824,14,15,17,0.0,0.0,0.0,0.1176,0.0,0.0,1.0,1.0,0,0,0.4,5,2,0.5715,0.1,0.1176,0.7059,0.1176,0.2941,0.0,0.0,0.4,0.0,0.0,0.0,-0.0,0.0,enter_inner,obstacle,0.6479,12.671061
2136,86.0,48.0256,1,6.0,1.0,43,20640,43,138.4286,2.2545,140.6831,0.6143,1.6279,0.1395,1,0,1,0.0233,0.0,0.0233,0,0.7674,0.2326,0.814,33,35,43,0.4509,0.4509,3.4945,0.186,0.375,0.0,0.625,0.625,0,0,0.6667,12,8,0.5535,0.1,0.1163,0.7907,0.0233,0.2791,0.0,0.0,0.6667,0.0,0.0,0.0,0.6616,0.0,completed,,0.6476,12.174772
2137,86.0,48.6772,1,6.0,1.0,41,19680,41,137.5714,1.5677,139.1392,0.5857,1.7073,0.1463,1,0,1,0.0244,0.0,0.0244,0,0.7805,0.2195,0.8537,32,35,41,0.3135,0.3135,2.43,0.1463,0.3333,0.1667,0.5,0.6667,0,0,0.8571,14,12,0.5572,0.1,0.0976,0.8049,0.0244,0.3415,0.0,0.0,0.8571,0.0,0.0,0.0,1.0114,0.0,completed,,0.6474,12.2694
2138,-10.0,-8.86,0,0.0,0.0,2,960,70,150.0,0.0,150.0,1.0,0.0,0.0,1,0,1,0.5000,0.0,0.5000,0,1.0,0.0,1.0,2,2,2,0.0,0.0,0.0,0.0,0.0,0.0,0.0,0.0,0,0,0.0,0,0,0.5216,0.1,0.0,0.5,0.0,0.0,0.0,0.0,0.0,0.0,0.0,0.0,0.0,0.0,outer_patrol_a,road_edge,0.6471,12.2694
2139,56.9491,27.7801,0,5.0,0.8333,43,20640,70,150.0,1.4868,151.4868,1.0,1.3566,0.1163,1,0,1,0.0233,0.0,0.0233,0,0.7209,0.2791,0.8605,31,37,43,0.2974,0.2974,2.3045,0.1395,0.3333,0.5,0.1667,0.6667,0,0,0.8,10,8,0.5377,0.1,0.093,0.7209,0.0233,0.2326,0.0,0.0,0.8,0.0,0.0,0.0,1.0114,0.0,final_park,wall,0.6468,11.068845
2140,15.1779,7.4038,0,2.0,0.3333,15,7200,70,150.0,0.0,150.0,1.0,1.5556,0.1333,1,0,1,0.0667,0.0,0.0667,0,0.8667,0.1333,0.8667,13,13,15,0.0,0.0,0.0,0.1333,0.0,0.5,0.5,1.0,0,0,1.0,2,2,0.5246,0.1,0.0667,0.5333,0.0,0.1333,0.0,0.0,1.0,0.0,0.0,0.0,0.6931,0.0,inner_patrol,obstacle,0.6465,11.117406
2141,61.9305,30.21,0,5.0,0.8333,40,19200,70,150.0,1.3495,151.3495,1.0,1.4583,0.125,1,0,1,0.0250,0.0,0.0250,0,0.775,0.225,0.825,31,33,40,0.2699,0.2699,2.0917,0.175,0.2857,0.2857,0.4286,0.7143,0,0,0.7,10,7,0.5609,0.1,0.075,0.775,0.025,0.25,0.0,0.0,0.7,0.0,0.0,0.0,1.079,0.0,final_park,wall,0.6463,10.102234
2142,21.8266,10.6471,0,3.0,0.5,28,13440,70,150.0,1.6262,151.6262,1.0,1.25,0.1071,0,0,0,0.0000,0.0,0.0000,0,0.75,0.25,0.8571,21,24,28,0.5421,0.5421,2.5206,0.1429,0.5,0.0,0.5,0.5,0,0,0.7273,11,8,0.5781,0.1,0.1071,0.8929,0.0357,0.3929,0.0,0.0,0.7273,0.0,0.0,0.0,0.6931,0.0,return_outer,obstacle,0.646,11.012606
2143,13.1411,6.4103,0,2.0,0.3333,16,7680,70,150.0,0.8372,150.8372,1.0,1.4583,0.125,0,0,0,0.0000,0.0,0.0000,0,0.8125,0.1875,0.8125,13,13,16,0.4186,0.4186,1.2977,0.1875,0.3333,0.3333,0.3333,0.6667,0,0,0.8333,6,5,0.5302,0.1,0.0625,0.9375,0.0,0.375,0.0,0.0,0.8333,0.0,0.0,0.0,1.0986,0.0,inner_patrol,obstacle,0.6457,12.645607
2144,86.0,48.8328,1,6.0,1.0,43,20640,43,138.4286,1.638,140.0665,0.6143,1.6279,0.1395,0,0,0,0.0000,0.0,0.0000,0,0.7674,0.2326,0.814,33,35,43,0.3276,0.3276,2.5388,0.186,0.25,0.125,0.625,0.75,0,0,0.4444,9,4,0.5642,0.1,0.1163,0.7674,0.0465,0.2093,0.0,0.0,0.4444,0.0,0.0,0.0,0.9003,0.0,completed,,0.6455,13.603148
2145,86.0,51.8678,1,6.0,1.0,38,18240,38,136.2857,0.0,136.2857,0.5429,1.8421,0.1579,1,0,1,0.0263,0.0,0.0263,0,0.7895,0.2105,0.8684,30,33,38,0.0,0.0,0.0,0.1316,0.0,0.2,0.8,1.0,0,0,0.7778,9,7,0.5369,0.1,0.0789,0.8684,0.0,0.2368,0.0,0.0,0.7778,0.0,0.0,0.0,0.5004,0.0,completed,,0.6452,13.363933
2146,86.0,51.0701,1,6.0,1.0,43,20640,43,138.4286,0.0,138.4286,0.6143,1.6279,0.1395,0,0,0,0.0000,0.0,0.0000,0,0.7209,0.2791,0.8372,31,36,43,0.0,0.0,0.0,0.1628,0.0,0.1429,0.8571,1.0,0,0,0.625,8,5,0.5483,0.1,0.1163,0.6512,0.0465,0.186,0.0,0.0,0.625,0.0,0.0,0.0,0.4101,0.0,completed,,0.6449,10.682461
2147,86.0,52.1003,1,6.0,1.0,39,18720,39,136.7143,0.0,136.7143,0.5571,1.7949,0.1538,0,0,0,0.0000,0.0,0.0000,0,0.7692,0.2308,0.8462,30,33,39,0.0,0.0,0.0,0.1538,0.0,0.1667,0.8333,1.0,0,0,0.9091,11,10,0.5563,0.1,0.0513,0.6923,0.0513,0.2821,0.0,0.0,0.9091,0.0,0.0,0.0,0.4506,0.0,completed,,0.6447,10.028265
2148,-0.893,-0.4356,0,1.0,0.1667,20,9600,70,150.0,0.7224,150.7224,1.0,0.5833,0.05,0,0,0,0.0000,0.0,0.0000,0,0.8,0.2,0.9,16,18,20,0.7224,0.7224,1.1197,0.1,0.5,0.0,0.5,0.5,0,0,0.4,10,4,0.5447,0.1,0.1,0.9,0.05,0.5,0.0,0.0,0.4,0.0,0.0,0.0,0.6931,0.0,enter_inner,obstacle,0.6444,8.836686
2149,1.4154,0.6905,0,1.0,0.1667,18,8640,70,150.0,0.6011,150.6011,1.0,0.6481,0.0556,1,0,1,0.0556,0.0,0.0556,0,0.6667,0.3333,0.8333,12,15,18,0.6011,0.6011,0.9316,0.1111,0.5,0.0,0.5,0.5,0,0,0.4,5,2,0.55,0.1,0.1667,0.6667,0.1111,0.2778,0.0,0.0,0.4,0.0,0.0,0.0,0.6931,0.0,enter_inner,red_light,0.6441,10.652388
2150,4.6041,2.2459,0,1.0,0.1667,14,6720,70,150.0,0.0,150.0,1.0,0.8333,0.0714,1,0,1,0.0714,0.0,0.0714,0,0.7857,0.2143,0.9286,11,13,14,0.0,0.0,0.0,0.0714,0.0,1.0,0.0,1.0,0,0,0.5,4,2,0.5366,0.1,0.0714,0.6429,0.0,0.2857,0.0,0.0,0.5,0.0,0.0,0.0,-0.0,0.0,enter_inner,obstacle,0.6439,10.840032
2151,27.427,13.379,0,3.0,0.5,26,12480,70,150.0,0.7494,150.7494,1.0,1.3462,0.1154,0,0,0,0.0000,0.0,0.0000,0,0.8077,0.1923,0.8077,21,21,26,0.2498,0.2498,1.1616,0.1923,0.2,0.2,0.6,0.8,0,0,0.5,8,4,0.5736,0.1,0.1154,0.8462,0.0385,0.3077,0.0,0.0,0.5,0.0,0.0,0.0,0.9503,0.0,return_outer,obstacle,0.6436,11.484684
2152,86.0,46.1399,1,6.0,1.0,51,24480,51,141.8571,1.2591,143.1162,0.7286,1.3725,0.1176,0,0,0,0.0000,0.0,0.0000,0,0.6275,0.3725,0.8627,32,44,51,0.2518,0.2518,1.9516,0.1373,0.2857,0.0,0.7143,0.7143,0,0,0.5333,15,8,0.5592,0.1,0.1569,0.6667,0.0196,0.2941,0.0,0.0,0.5333,0.0,0.0,0.0,0.5983,0.0,completed,,0.6433,12.444263
2153,-10.0,-7.79,0,0.0,0.0,3,1440,70,150.0,0.0,150.0,1.0,0.0,0.0,0,0,0,0.0000,0.0,0.0000,0,1.0,0.0,1.0,3,3,3,0.0,0.0,0.0,0.0,0.0,0.0,0.0,0.0,0,0,0.0,0,0,0.4876,0.1,0.0,0.6667,0.0,0.0,0.0,0.0,0.0,0.0,0.0,0.0,0.0,0.0,outer_patrol_a,road_edge,0.643,12.444263
2154,14.9901,7.3122,0,2.0,0.3333,16,7680,70,150.0,0.0,150.0,1.0,1.4583,0.125,0,0,0,0.0000,0.0,0.0000,0,0.8125,0.1875,0.875,13,14,16,0.0,0.0,0.0,0.125,0.0,0.5,0.5,1.0,0,0,0.6667,6,4,0.5218,0.1,0.0,0.625,0.0,0.375,0.0,0.0,0.6667,0.0,0.0,0.0,0.6931,0.0,inner_patrol,obstacle,0.6428,12.619395
2155,86.0,51.9971,1,6.0,1.0,36,17280,36,135.4286,0.0,135.4286,0.5143,1.9444,0.1667,1,0,1,0.0278,0.0,0.0278,0,0.8333,0.1667,0.8611,30,31,36,0.0,0.0,0.0,0.1389,0.0,0.4,0.6,1.0,0,0,0.8,10,8,0.539,0.1,0.1389,0.8889,0.0,0.2778,0.0,0.0,0.8,0.0,0.0,0.0,0.673,0.0,completed,,0.6425,12.56923
2156,86.0,51.3503,1,6.0,1.0,38,18240,38,136.2857,0.0,136.2857,0.5429,1.8421,0.1579,1,0,1,0.0263,0.0,0.0263,0,0.8158,0.1842,0.8684,31,33,38,0.0,0.0,0.0,0.1316,0.0,0.6,0.4,1.0,0,0,0.7778,9,7,0.5446,0.1,0.0263,0.7105,0.0,0.2368,0.0,0.0,0.7778,0.0,0.0,0.0,0.673,0.0,completed,,0.6422,12.633344
2157,86.0,50.122,1,6.0,1.0,41,19680,41,137.5714,0.618,138.1895,0.5857,1.7073,0.1463,0,0,0,0.0000,0.0,0.0000,0,0.7073,0.2927,0.8537,29,35,41,0.1236,0.1236,0.958,0.1463,0.1667,0.1667,0.6667,0.8333,0,0,0.7857,14,11,0.5559,0.1,0.1463,0.7561,0.0244,0.3415,0.0,0.0,0.7857,0.0,0.0,0.0,0.8676,0.0,completed,,0.642,10.457432
2158,25.6455,12.51,0,3.0,0.5,27,12960,70,150.0,0.0,150.0,1.0,1.2963,0.1111,0,0,0,0.0000,0.0,0.0000,0,0.7407,0.2593,0.8889,20,24,27,0.0,0.0,0.0,0.1111,0.0,0.6667,0.3333,1.0,0,0,0.0,4,0,0.5457,0.1,0.037,0.6667,0.037,0.1481,0.0,0.0,0.0,0.0,0.0,0.0,0.6365,0.0,return_outer,obstacle,0.6417,9.285482
2159,86.0,46.8741,1,6.0,1.0,44,21120,44,138.8571,1.7945,140.6517,0.6286,1.5909,0.1364,0,0,0,0.0000,0.0,0.0000,0,0.75,0.25,0.8409,33,37,44,0.3589,0.3589,2.7815,0.1591,0.2857,0.4286,0.2857,0.7143,0,0,0.7857,14,11,0.5655,0.1,0.1136,0.7955,0.0455,0.3182,0.0,0.0,0.7857,0.0,0.0,0.0,1.079,0.0,completed,,0.6414,9.228385
2160,25.8828,12.6258,0,3.0,0.5,26,12480,70,150.0,0.8717,150.8717,1.0,1.3462,0.1154,1,0,1,0.0385,0.0,0.0385,0,0.8077,0.1923,0.8462,21,22,26,0.2906,0.2906,1.3511,0.1538,0.25,0.25,0.5,0.75,0,0,0.4286,7,3,0.5557,0.1,0.0769,0.7692,0.0,0.2692,0.0,0.0,0.4286,0.0,0.0,0.0,1.0397,0.0,return_outer,obstacle,0.6412,7.776925
2161,15.0319,7.3326,0,2.0,0.3333,18,8640,70,150.0,0.0,150.0,1.0,1.2963,0.1111,1,0,1,0.0556,0.0,0.0556,0,0.8333,0.1667,0.8333,15,15,18,0.0,0.0,0.0,0.1667,0.0,0.0,1.0,1.0,0,0,0.2857,7,2,0.5751,0.1,0.1667,0.5556,0.0556,0.3889,0.0,0.0,0.2857,0.0,0.0,0.0,-0.0,0.0,inner_patrol,obstacle,0.6409,10.244564
2162,4.3306,2.1125,0,1.0,0.1667,16,7680,70,150.0,0.0,150.0,1.0,0.7292,0.0625,0,0,0,0.0000,0.0,0.0000,0,0.8125,0.1875,0.875,13,14,16,0.0,0.0,0.0,0.125,0.0,0.5,0.5,1.0,0,0,0.3333,3,1,0.5397,0.1,0.125,0.75,0.0625,0.1875,0.0,0.0,0.3333,0.0,0.0,0.0,0.6931,0.0,enter_inner,obstacle,0.6406,11.002028
2163,28.692,13.9961,0,3.0,0.5,29,13920,70,150.0,0.6119,150.6119,1.0,1.2069,0.1034,0,0,0,0.0000,0.0,0.0000,0,0.7931,0.2069,0.7931,23,23,29,0.204,0.204,0.9484,0.2069,0.1667,0.0,0.8333,0.8333,0,0,0.4286,14,6,0.6474,0.1,0.3103,0.8276,0.2414,0.4828,0.0,0.0,0.4286,0.0,0.0,0.0,0.4506,0.0,return_outer,obstacle,0.6403,12.812321
2164,86.0,51.7081,1,6.0,1.0,37,17760,37,135.8571,0.0,135.8571,0.5286,1.8919,0.1622,1,0,1,0.0270,0.0,0.0270,0,0.7838,0.2162,0.8649,29,32,37,0.0,0.0,0.0,0.1351,0.0,0.4,0.6,1.0,0,0,1.0,7,7,0.5488,0.1,0.0541,0.7568,0.0541,0.1892,0.0,0.0,1.0,0.0,0.0,0.0,0.673,0.0,completed,,0.6401,15.071896
2165,30.1086,14.6871,0,3.0,0.5,23,11040,70,150.0,0.0,150.0,1.0,1.5217,0.1304,0,0,0,0.0000,0.0,0.0000,0,0.8261,0.1739,0.8261,19,19,23,0.0,0.0,0.0,0.1739,0.0,0.5,0.5,1.0,0,0,0.8,10,8,0.5671,0.1,0.1304,0.6522,0.0,0.4348,0.0,0.0,0.8,0.0,0.0,0.0,0.6931,0.0,return_outer,obstacle,0.6398,14.687414
2166,57.7186,28.1554,0,5.0,0.8333,43,20640,70,150.0,1.4511,151.4511,1.0,1.3566,0.1163,1,0,1,0.0233,0.0,0.0233,0,0.7907,0.2093,0.8837,34,38,43,0.2902,0.2902,2.2492,0.1163,0.4,0.2,0.4,0.6,0,0,0.75,16,12,0.5496,0.1,0.093,0.8372,0.0233,0.3721,0.0,0.0,0.75,0.0,0.0,0.0,1.0549,0.0,final_park,wall,0.6395,12.903703
2167,86.0,46.1135,1,6.0,1.0,48,23040,48,140.5714,2.6426,143.214,0.6857,1.4583,0.125,0,0,0,0.0000,0.0,0.0000,0,0.6875,0.3125,0.8125,33,39,48,0.5285,0.5285,4.096,0.1875,0.3333,0.0,0.6667,0.6667,0,0,0.6316,19,12,0.5868,0.1,0.1875,0.8542,0.0833,0.3958,0.0,0.0,0.6316,0.0,0.0,0.0,0.6365,0.0,completed,,0.6393,12.827978
2168,86.0,51.4106,1,6.0,1.0,39,18720,39,136.7143,0.0,136.7143,0.5571,1.7949,0.1538,0,0,0,0.0000,0.0,0.0000,0,0.7949,0.2051,0.8718,31,34,39,0.0,0.0,0.0,0.1282,0.0,0.6,0.4,1.0,0,0,0.75,12,9,0.5381,0.1,0.0769,0.7179,0.0,0.3077,0.0,0.0,0.75,0.0,0.0,0.0,0.673,0.0,completed,,0.639,12.182969
2169,86.0,49.8201,1,6.0,1.0,39,18720,39,136.7143,2.2645,138.9788,0.5571,1.7949,0.1538,0,0,0,0.0000,0.0,0.0000,0,0.7436,0.2564,0.7436,29,29,39,0.4529,0.4529,3.51,0.2308,0.3333,0.2222,0.4444,0.6667,0,0,0.8333,12,10,0.5757,0.1,0.1538,0.7692,0.0513,0.3077,0.0,0.0,0.8333,0.0,0.0,0.0,1.0609,0.0,completed,,0.6387,13.089209
2170,86.0,53.099,1,6.0,1.0,37,17760,37,135.8571,0.0,135.8571,0.5286,1.8919,0.1622,0,0,0,0.0000,0.0,0.0000,0,0.8378,0.1622,0.8649,31,32,37,0.0,0.0,0.0,0.1351,0.0,0.0,1.0,1.0,0,0,0.8333,12,10,0.5398,0.1,0.027,0.7568,0.0,0.3243,0.0,0.0,0.8333,0.0,0.0,0.0,-0.0,0.0,completed,,0.6385,11.870733
2171,86.0,48.0769,1,6.0,1.0,45,21600,45,139.2857,2.2697,141.5554,0.6429,1.5556,0.1333,0,0,0,0.0000,0.0,0.0000,0,0.7778,0.2222,0.8222,35,37,45,0.4539,0.4539,3.518,0.1778,0.375,0.125,0.5,0.625,0,0,0.625,16,10,0.5888,0.1,0.1556,0.8,0.0889,0.3556,0.0,0.0,0.625,0.0,0.0,0.0,0.9743,0.0,completed,,0.6382,11.393129
2172,86.0,48.2129,1,6.0,1.0,45,21600,45,139.2857,1.7482,141.0339,0.6429,1.5556,0.1333,0,0,0,0.0000,0.0,0.0000,0,0.7556,0.2444,0.8667,34,39,45,0.3496,0.3496,2.7097,0.1333,0.3333,0.0,0.6667,0.6667,0,0,0.4286,7,3,0.54,0.1,0.0444,0.7333,0.0222,0.1556,0.0,0.0,0.4286,0.0,0.0,0.0,0.6365,0.0,completed,,0.6379,12.704868
2173,62.0379,30.2624,0,5.0,0.8333,40,19200,70,150.0,1.3798,151.3798,1.0,1.4583,0.125,1,0,1,0.0250,0.0,0.0250,0,0.725,0.275,0.8,29,32,40,0.276,0.276,2.1387,0.2,0.25,0.25,0.5,0.75,0,0,0.625,8,5,0.5406,0.1,0.1,0.85,0.0,0.2,0.0,0.0,0.625,0.0,0.0,0.0,1.0397,0.0,final_park,wall,0.6377,11.133811
2174,26.0523,12.7084,0,3.0,0.5,29,13920,70,150.0,0.0,150.0,1.0,1.2069,0.1034,1,0,1,0.0345,0.0,0.0345,0,0.7586,0.2414,0.8966,22,26,29,0.0,0.0,0.0,0.1034,0.0,0.3333,0.6667,1.0,0,0,0.5,10,5,0.5601,0.1,0.0345,0.8276,0.0,0.3448,0.0,0.0,0.5,0.0,0.0,0.0,0.6365,0.0,return_outer,obstacle,0.6374,9.642703
2175,4.3044,2.0997,0,1.0,0.1667,15,7200,70,150.0,0.0,150.0,1.0,0.7778,0.0667,0,0,0,0.0000,0.0,0.0000,0,0.8667,0.1333,0.9333,13,14,15,0.0,0.0,0.0,0.0667,0.0,0.0,1.0,1.0,0,0,0.6667,6,4,0.5396,0.1,0.0667,0.7333,0.0667,0.4,0.0,0.0,0.6667,0.0,0.0,0.0,-0.0,0.0,enter_inner,obstacle,0.6371,9.403234
2176,-10.0,-6.72,0,0.0,0.0,4,1920,70,150.0,0.0,150.0,1.0,0.0,0.0,1,0,1,0.2500,0.0,0.2500,0,1.0,0.0,1.0,4,4,4,0.0,0.0,0.0,0.0,0.0,0.0,0.0,0.0,0,0,0.0,0,0,0.4765,0.1,0.0,1.0,0.0,0.0,0.0,0.0,0.0,0.0,0.0,0.0,0.0,0.0,outer_patrol_a,road_edge,0.6368,9.640948
2177,86.0,50.0903,1,6.0,1.0,41,19680,41,137.5714,0.8615,138.4329,0.5857,1.7073,0.1463,1,0,1,0.0244,0.0,0.0244,0,0.8537,0.1463,0.878,35,36,41,0.1723,0.1723,1.3353,0.122,0.2,0.2,0.6,0.8,0,0,0.7143,7,5,0.5477,0.1,0.0732,0.6585,0.0244,0.1707,0.0,0.0,0.7143,0.0,0.0,0.0,0.9503,0.0,completed,,0.6366,10.318701
2178,86.0,47.9642,1,6.0,1.0,44,21120,44,138.8571,1.4894,140.3466,0.6286,1.5909,0.1364,0,0,0,0.0000,0.0,0.0000,0,0.7273,0.2727,0.8636,32,38,44,0.2979,0.2979,2.3086,0.1364,0.3333,0.1667,0.5,0.6667,0,0,0.7647,17,13,0.5713,0.1,0.1818,0.8409,0.0455,0.3864,0.0,0.0,0.7647,0.0,0.0,0.0,1.0114,0.0,completed,,0.6363,10.890244
2179,-8.036,-3.92,0,0.0,0.0,8,3840,70,150.0,0.0,150.0,1.0,0.0,0.0,1,0,1,0.1250,0.0,0.1250,0,0.875,0.125,1.0,7,8,8,0.0,0.0,0.0,0.0,0.0,0.0,0.0,0.0,0,0,0.0,0,0,0.4853,0.1,0.0,0.5,0.0,0.0,0.0,0.0,0.0,0.0,0.0,0.0,0.0,0.0,outer_patrol_a,road_edge,0.636,10.519141
2180,86.0,49.98,1,6.0,1.0,40,19200,40,137.1429,1.4413,138.5842,0.5714,1.75,0.15,1,0,1,0.0250,0.0,0.0250,0,0.775,0.225,0.825,31,33,40,0.2883,0.2883,2.234,0.175,0.2857,0.2857,0.4286,0.7143,0,0,0.8182,11,9,0.5529,0.1,0.125,0.775,0.05,0.275,0.0,0.0,0.8182,0.0,0.0,0.0,1.079,0.0,completed,,0.6358,10.209583
2181,86.0,50.4866,1,6.0,1.0,42,20160,42,138.0,0.8475,138.8475,0.6,1.6667,0.1429,0,0,0,0.0000,0.0,0.0000,0,0.7857,0.2143,0.8333,33,35,42,0.1695,0.1695,1.3136,0.1667,0.1429,0.1429,0.7143,0.8571,0,0,0.7778,9,7,0.5458,0.1,0.0714,0.6667,0.0238,0.2143,0.0,0.0,0.7778,0.0,0.0,0.0,0.7963,0.0,completed,,0.6355,9.437613
2182,24.859,12.1264,0,3.0,0.5,26,12480,70,150.0,0.8347,150.8347,1.0,1.3462,0.1154,1,0,1,0.0385,0.0,0.0385,0,0.7308,0.2692,0.8462,19,22,26,0.2782,0.2782,1.2937,0.1538,0.25,0.25,0.5,0.75,0,0,0.8889,9,8,0.5558,0.1,0.1154,0.8077,0.0,0.3462,0.0,0.0,0.8889,0.0,0.0,0.0,1.0397,0.0,return_outer,obstacle,0.6352,10.405584
2183,39.9265,19.4763,0,4.0,0.6667,27,12960,70,150.0,0.8643,150.8643,1.0,1.7284,0.1481,1,0,1,0.0370,0.0,0.0370,0,0.7407,0.2593,0.7778,20,21,27,0.2161,0.2161,1.3397,0.2222,0.1667,0.5,0.3333,0.8333,0,0,0.8182,11,9,0.5887,0.1,0.1111,0.7037,0.0741,0.4074,0.0,0.0,0.8182,0.0,0.0,0.0,1.0114,0.0,outer_patrol_b,road_edge,0.635,12.940829
2184,86.0,51.5175,1,6.0,1.0,46,22080,46,139.7143,0.0,139.7143,0.6571,1.5217,0.1304,0,0,0,0.0000,0.0,0.0000,0,0.7609,0.2391,0.8478,35,39,46,0.0,0.0,0.0,0.1522,0.0,0.0,1.0,1.0,0,0,0.4118,17,7,0.5983,0.1,0.2174,0.7391,0.1087,0.3696,0.0,0.0,0.4118,0.0,0.0,0.0,-0.0,0.0,completed,,0.6347,14.563032
2185,25.5364,12.4568,0,3.0,0.5,27,12960,70,150.0,0.6384,150.6384,1.0,1.2963,0.1111,1,0,1,0.0370,0.0,0.0370,0,0.7407,0.2593,0.8519,20,23,27,0.2128,0.2128,0.9895,0.1481,0.25,0.25,0.5,0.75,0,0,0.8,5,4,0.5583,0.1,0.0741,0.6667,0.037,0.1852,0.0,0.0,0.8,0.0,0.0,0.0,1.0397,0.0,return_outer,obstacle,0.6344,13.794588
2186,86.0,48.6358,1,6.0,1.0,42,20160,42,138.0,1.6564,139.6564,0.6,1.6667,0.1429,0,0,0,0.0000,0.0,0.0000,0,0.7857,0.2143,0.881,33,37,42,0.3313,0.3313,2.5674,0.119,0.4,0.2,0.4,0.6,0,0,0.75,12,9,0.5369,0.1,0.0476,0.6905,0.0,0.2857,0.0,0.0,0.75,0.0,0.0,0.0,1.0549,0.0,completed,,0.6341,11.445435
2187,19.8915,9.7032,0,2.0,0.3333,17,8160,70,150.0,0.0,150.0,1.0,1.3725,0.1176,1,0,1,0.0588,0.0,0.0588,0,0.7647,0.2353,0.8824,13,15,17,0.0,0.0,0.0,0.1176,0.0,0.5,0.5,1.0,0,0,0.6,5,3,0.5282,0.1,0.0588,0.7059,0.0,0.2941,0.0,0.0,0.6,0.0,0.0,0.0,0.6931,0.0,inner_patrol,obstacle,0.6339,12.718714
2188,4.0893,1.9948,0,1.0,0.1667,15,7200,70,150.0,0.0,150.0,1.0,0.7778,0.0667,1,0,1,0.0667,0.0,0.0667,0,0.8667,0.1333,0.9333,13,14,15,0.0,0.0,0.0,0.0667,0.0,1.0,0.0,1.0,0,0,0.3333,3,1,0.5031,0.1,0.0,0.7333,0.0,0.2,0.0,0.0,0.3333,0.0,0.0,0.0,-0.0,0.0,enter_inner,obstacle,0.6336,13.200346
2189,2.2607,1.1028,0,1.0,0.1667,16,7680,70,150.0,0.7874,150.7874,1.0,0.7292,0.0625,1,0,1,0.0625,0.0,0.0625,0,0.75,0.25,0.875,12,14,16,0.7874,0.7874,1.2205,0.125,0.5,0.0,0.5,0.5,0,0,0.8,5,4,0.5339,0.1,0.0625,0.5625,0.0,0.3125,0.0,0.0,0.8,0.0,0.0,0.0,0.6931,0.0,enter_inner,obstacle,0.6333,13.731921
2190,86.0,47.7967,1,6.0,1.0,41,19680,41,137.5714,3.1496,140.721,0.5857,1.7073,0.1463,1,0,1,0.0244,0.0,0.0244,0,0.8049,0.1951,0.8293,33,34,41,0.6299,0.6299,4.8818,0.1707,0.5714,0.0,0.4286,0.4286,0,0,0.7778,9,7,0.5597,0.1,0.0976,0.7805,0.0488,0.2195,0.0,0.0,0.7778,0.0,0.0,0.0,0.6829,0.0,completed,,0.6331,14.025516
2191,86.0,50.3053,1,6.0,1.0,39,18720,39,136.7143,1.3333,138.0476,0.5571,1.7949,0.1538,0,0,0,0.0000,0.0,0.0000,0,0.7949,0.2051,0.8462,31,33,39,0.2667,0.2667,2.0666,0.1538,0.3333,0.1667,0.5,0.6667,0,0,0.875,8,7,0.548,0.1,0.0513,0.8462,0.0256,0.2051,0.0,0.0,0.875,0.0,0.0,0.0,1.0114,0.0,completed,,0.6328,10.927096
2192,64.3536,31.392,0,5.0,0.8333,39,18720,70,150.0,0.7097,150.7097,1.0,1.4957,0.1282,1,0,1,0.0256,0.0,0.0256,0,0.8205,0.1795,0.8462,32,33,39,0.1419,0.1419,1.1,0.1538,0.1667,0.0,0.8333,0.8333,0,0,0.7333,15,11,0.5505,0.1,0.0769,0.7692,0.0,0.3846,0.0,0.0,0.7333,0.0,0.0,0.0,0.4506,0.0,final_park,wall,0.6325,11.255992
2193,86.0,52.1226,1,6.0,1.0,38,18240,38,136.2857,0.6428,136.9285,0.5429,1.8421,0.1579,1,0,1,0.0263,0.0,0.0263,0,0.7632,0.2368,0.8158,29,31,38,0.1286,0.1286,0.9964,0.1842,0.1429,0.1429,0.7143,0.8571,0,0,0.9167,12,11,0.555,0.1,0.1316,0.7895,0.0526,0.3158,0.0,0.0,0.9167,0.0,0.0,0.0,0.7963,0.0,completed,,0.6323,12.721049
2194,86.0,52.3811,1,6.0,1.0,38,18240,38,136.2857,0.8234,137.1091,0.5429,1.8421,0.1579,0,0,0,0.0000,0.0,0.0000,0,0.8158,0.1842,0.8158,31,31,38,0.1647,0.1647,1.2763,0.1842,0.1429,0.0,0.8571,0.8571,0,0,0.7273,11,8,0.5598,0.1,0.1316,0.8158,0.0526,0.2895,0.0,0.0,0.7273,0.0,0.0,0.0,0.4101,0.0,completed,,0.632,14.525182
2195,86.0,50.3654,1,6.0,1.0,38,18240,38,136.2857,1.5981,137.8839,0.5429,1.8421,0.1579,1,0,1,0.0263,0.0,0.0263,0,0.8158,0.1842,0.8421,31,32,38,0.3196,0.3196,2.4771,0.1579,0.3333,0.0,0.6667,0.6667,0,0,0.9167,12,11,0.5591,0.1,0.1053,0.8947,0.0263,0.3158,0.0,0.0,0.9167,0.0,0.0,0.0,0.6365,0.0,completed,,0.6317,10.734887
2196,-5.8425,-2.85,0,0.0,0.0,9,4320,70,150.0,0.0,150.0,1.0,0.0,0.0,0,0,0,0.0000,0.0,0.0000,0,0.8889,0.1111,1.0,8,9,9,0.0,0.0,0.0,0.0,0.0,0.0,0.0,0.0,0,0,1.0,2,2,0.4984,0.1,0.0,0.7778,0.0,0.2222,0.0,0.0,1.0,0.0,0.0,0.0,0.0,0.0,outer_patrol_a,road_edge,0.6315,11.455206
2197,25.7334,12.5529,0,3.0,0.5,24,11520,70,150.0,1.7207,151.7207,1.0,1.4583,0.125,1,0,1,0.0417,0.0,0.0417,0,0.7917,0.2083,0.7917,19,19,24,0.5736,0.5736,2.6671,0.2083,0.4,0.0,0.6,0.6,0,0,0.8,10,8,0.5857,0.1,0.2083,0.8333,0.0417,0.4167,0.0,0.0,0.8,0.0,0.0,0.0,0.673,0.0,return_outer,obstacle,0.6312,10.685733
2198,86.0,49.3468,1,6.0,1.0,40,19200,40,137.1429,1.4672,138.6101,0.5714,1.75,0.15,0,0,0,0.0000,0.0,0.0000,0,0.775,0.225,0.825,31,33,40,0.2934,0.2934,2.2742,0.175,0.2857,0.2857,0.4286,0.7143,0,0,0.8182,11,9,0.5474,0.1,0.1,0.8,0.025,0.275,0.0,0.0,0.8182,0.0,0.0,0.0,1.079,0.0,completed,,0.6309,11.084063
2199,86.0,47.7461,1,6.0,1.0,45,21600,45,139.2857,1.3238,140.6095,0.6429,1.5556,0.1333,1,0,1,0.0222,0.0,0.0222,0,0.7556,0.2444,0.8667,34,39,45,0.2648,0.2648,2.0519,0.1333,0.3333,0.3333,0.3333,0.6667,0,0,0.75,16,12,0.557,0.1,0.0889,0.7556,0.0222,0.3556,0.0,0.0,0.75,0.0,0.0,0.0,1.0986,0.0,completed,,0.6306,11.27209
2200,86.0,50.6806,1,6.0,1.0,42,20160,42,138.0,0.0,138.0,0.6,1.6667,0.1429,1,0,1,0.0238,0.0,0.0238,0,0.7381,0.2619,0.8571,31,36,42,0.0,0.0,0.0,0.1667,0.0,0.2857,0.7143,1.0,0,0,0.5455,11,6,0.5635,0.1,0.119,0.8571,0.0476,0.2619,0.0,0.0,0.5455,0.0,0.0,0.0,0.5983,0.0,completed,,0.6304,12.826558
2201,-10.0,-8.45,0,0.0,0.0,5,2400,70,150.0,0.0,150.0,1.0,0.0,0.0,1,0,1,0.2000,0.0,0.2000,0,1.0,0.0,1.0,5,5,5,0.0,0.0,0.0,0.0,0.0,0.0,0.0,0.0,0,0,0.0,1,0,0.522,0.1,0.0,0.6,0.0,0.2,0.0,0.0,0.0,0.0,0.0,0.0,0.0,0.0,outer_patrol_a,road_edge,0.6301,12.80314
2202,86.0,49.5899,1,6.0,1.0,40,19200,40,137.1429,1.5713,138.7141,0.5714,1.75,0.15,0,0,0,0.0000,0.0,0.0000,0,0.75,0.25,0.8,30,32,40,0.3143,0.3143,2.4355,0.2,0.25,0.125,0.625,0.75,0,0,0.8947,19,17,0.5719,0.1,0.2,0.825,0.025,0.475,0.0,0.0,0.8947,0.0,0.0,0.0,0.9003,0.0,completed,,0.6298,13.377818
2203,4.0808,1.9906,0,1.0,0.1667,16,7680,70,150.0,0.0,150.0,1.0,0.7292,0.0625,1,0,1,0.0625,0.0,0.0625,0,0.75,0.25,0.875,12,14,16,0.0,0.0,0.0,0.125,0.0,0.0,1.0,1.0,0,0,0.4,5,2,0.5594,0.1,0.125,0.625,0.0625,0.3125,0.0,0.0,0.4,0.0,0.0,0.0,-0.0,0.0,enter_inner,obstacle,0.6296,14.166564
2204,-10.0,-7.79,0,0.0,0.0,3,1440,70,150.0,0.0,150.0,1.0,0.0,0.0,1,0,1,0.3333,0.0,0.3333,0,1.0,0.0,1.0,3,3,3,0.0,0.0,0.0,0.0,0.0,0.0,0.0,0.0,0,0,0.0,0,0,0.4836,0.1,0.0,0.3333,0.0,0.0,0.0,0.0,0.0,0.0,0.0,0.0,0.0,0.0,outer_patrol_a,road_edge,0.6293,14.273213
2205,86.0,49.2749,1,6.0,1.0,44,21120,44,138.8571,1.3502,140.2074,0.6286,1.5909,0.1364,1,0,1,0.0227,0.0,0.0227,0,0.75,0.25,0.8409,33,37,44,0.27,0.27,2.0929,0.1591,0.2857,0.0,0.7143,0.7143,0,0,0.5714,14,8,0.5741,0.1,0.1364,0.7727,0.0682,0.3182,0.0,0.0,0.5714,0.0,0.0,0.0,0.5983,0.0,completed,,0.629,12.182909
2206,-0.5272,-0.2572,0,1.0,0.1667,19,9120,70,150.0,0.718,150.718,1.0,0.614,0.0526,1,0,1,0.0526,0.0,0.0526,0,0.6842,0.3158,0.8947,13,17,19,0.718,0.718,1.1129,0.1053,0.5,0.0,0.5,0.5,0,0,0.6667,6,4,0.5317,0.1,0.1053,0.6316,0.0526,0.3158,0.0,0.0,0.6667,0.0,0.0,0.0,0.6931,0.0,enter_inner,obstacle,0.6288,11.957391
2207,28.416,13.8615,0,3.0,0.5,22,10560,70,150.0,0.87,150.87,1.0,1.5909,0.1364,0,0,0,0.0000,0.0,0.0000,0,0.8636,0.1364,0.8636,19,19,22,0.29,0.29,1.3485,0.1364,0.3333,0.3333,0.3333,0.6667,0,0,1.0,5,5,0.5414,0.1,0.0909,0.8636,0.0,0.2273,0.0,0.0,1.0,0.0,0.0,0.0,1.0986,0.0,return_outer,obstacle,0.6285,11.504266
2208,-10.0,-9.93,0,0.0,0.0,1,480,70,150.0,0.0,150.0,1.0,0.0,0.0,1,0,1,1.0000,0.0,1.0000,0,1.0,0.0,1.0,1,1,1,0.0,0.0,0.0,0.0,0.0,0.0,0.0,0.0,0,0,0.0,1,0,0.5368,0.1,0.0,1.0,0.0,1.0,0.0,0.0,0.0,0.0,0.0,0.0,0.0,0.0,outer_patrol_a,road_edge,0.6282,11.649494
2209,86.0,49.5215,1,6.0,1.0,41,19680,41,137.5714,0.6442,138.2156,0.5857,1.7073,0.1463,1,0,1,0.0244,0.0,0.0244,0,0.7805,0.2195,0.8537,32,35,41,0.1288,0.1288,0.9985,0.1463,0.1667,0.5,0.3333,0.8333,0,0,0.7,10,7,0.5459,0.1,0.0244,0.8049,0.0,0.2439,0.0,0.0,0.7,0.0,0.0,0.0,1.0114,0.0,completed,,0.6279,13.176227
2210,58.7333,28.6504,0,5.0,0.8333,41,19680,70,150.0,2.5258,152.5258,1.0,1.4228,0.122,1,0,1,0.0244,0.0,0.0244,0,0.7805,0.2195,0.8293,32,34,41,0.5052,0.5052,3.9149,0.1707,0.4286,0.0,0.5714,0.5714,0,0,0.75,12,9,0.5519,0.1,0.0976,0.7805,0.0244,0.2927,0.0,0.0,0.75,0.0,0.0,0.0,0.6829,0.0,final_park,wall,0.6277,13.136896
2211,31.1973,15.2182,0,4.0,0.6667,30,14400,70,150.0,2.5145,152.5145,1.0,1.5556,0.1333,1,0,1,0.0333,0.0,0.0333,0,0.6667,0.3333,0.8,20,24,30,0.6286,0.6286,3.8975,0.2,0.5,0.0,0.5,0.5,0,0,0.8889,9,8,0.5576,0.1,0.1333,0.8333,0.0333,0.3,0.0,0.0,0.8889,0.0,0.0,0.0,0.6931,0.0,outer_patrol_b,road_edge,0.6274,11.142327
2212,86.0,44.912,1,6.0,1.0,47,22560,47,140.1429,3.1202,143.2631,0.6714,1.4894,0.1277,1,0,1,0.0213,0.0,0.0213,0,0.7234,0.2766,0.8298,34,39,47,0.624,0.624,4.8363,0.1702,0.5,0.375,0.125,0.5,0,0,0.7647,17,13,0.5859,0.1,0.1489,0.8298,0.0851,0.3617,0.0,0.0,0.7647,0.0,0.0,0.0,0.9743,0.0,completed,,0.6271,11.623841
2213,5.2477,2.5598,0,1.0,0.1667,16,7680,70,150.0,0.0,150.0,1.0,0.7292,0.0625,1,0,1,0.0625,0.0,0.0625,0,0.8125,0.1875,0.8125,13,13,16,0.0,0.0,0.0,0.125,0.0,0.0,1.0,1.0,0,0,0.4286,7,3,0.5872,0.1,0.25,0.75,0.125,0.4375,0.0,0.0,0.4286,0.0,0.0,0.0,-0.0,0.0,enter_inner,red_light,0.6269,12.390796
2214,-0.3508,-0.1711,0,1.0,0.1667,19,9120,70,150.0,1.2511,151.2511,1.0,0.614,0.0526,1,0,1,0.0526,0.0,0.0526,0,0.7895,0.2105,0.8421,15,16,19,1.2511,1.2511,1.9392,0.1053,1.0,0.0,0.0,0.0,0,0,0.5,10,5,0.601,0.1,0.3158,0.6842,0.1579,0.5263,0.0,0.0,0.5,0.0,0.0,0.0,-0.0,0.0,enter_inner,red_light,0.6266,14.122203
2215,86.0,49.589,1,6.0,1.0,40,19200,40,137.1429,2.3168,139.4597,0.5714,1.75,0.15,1,0,1,0.0250,0.0,0.0250,0,0.775,0.225,0.775,31,31,40,0.4634,0.4634,3.5911,0.225,0.3333,0.1111,0.5556,0.6667,0,0,0.8333,18,15,0.5934,0.1,0.175,0.85,0.075,0.45,0.0,0.0,0.8333,0.0,0.0,0.0,0.9369,0.0,completed,,0.6263,13.222924
2216,4.1698,2.034,0,1.0,0.1667,16,7680,70,150.0,0.0,150.0,1.0,0.7292,0.0625,1,0,1,0.0625,0.0,0.0625,0,0.75,0.25,0.875,12,14,16,0.0,0.0,0.0,0.125,0.0,0.5,0.5,1.0,0,0,0.6,5,3,0.5286,0.1,0.125,0.75,0.0625,0.3125,0.0,0.0,0.6,0.0,0.0,0.0,0.6931,0.0,enter_inner,obstacle,0.6261,14.565735
2217,5.6045,2.7339,0,1.0,0.1667,13,6240,70,150.0,0.0,150.0,1.0,0.8974,0.0769,1,0,1,0.0769,0.0,0.0769,0,0.9231,0.0769,0.9231,12,12,13,0.0,0.0,0.0,0.0769,0.0,1.0,0.0,1.0,0,0,1.0,2,2,0.5127,0.1,0.0,0.7692,0.0,0.1538,0.0,0.0,1.0,0.0,0.0,0.0,-0.0,0.0,enter_inner,obstacle,0.6258,13.727568
2218,1.2698,0.6194,0,1.0,0.1667,16,7680,70,150.0,0.8248,150.8248,1.0,0.7292,0.0625,0,0,0,0.0000,0.0,0.0000,0,0.75,0.25,0.875,12,14,16,0.8248,0.8248,1.2784,0.125,0.5,0.5,0.0,0.5,0,0,0.6667,3,2,0.5482,0.1,0.125,0.6875,0.125,0.1875,0.0,0.0,0.6667,0.0,0.0,0.0,0.6931,0.0,enter_inner,obstacle,0.6255,13.869336
2219,14.1781,6.9161,0,2.0,0.3333,16,7680,70,150.0,0.0,150.0,1.0,1.4583,0.125,0,0,0,0.0000,0.0,0.0000,0,0.75,0.25,0.875,12,14,16,0.0,0.0,0.0,0.125,0.0,0.5,0.5,1.0,0,0,0.8,5,4,0.5446,0.1,0.0625,0.8125,0.0625,0.3125,0.0,0.0,0.8,0.0,0.0,0.0,0.6931,0.0,inner_patrol,obstacle,0.6253,13.854335
2220,-10.0,-7.13,0,0.0,0.0,5,2400,70,150.0,0.0,150.0,1.0,0.0,0.0,1,0,1,0.2000,0.0,0.2000,0,0.8,0.2,1.0,4,5,5,0.0,0.0,0.0,0.0,0.0,0.0,0.0,0.0,0,0,0.0,0,0,0.4929,0.1,0.0,0.6,0.0,0.0,0.0,0.0,0.0,0.0,0.0,0.0,0.0,0.0,outer_patrol_a,road_edge,0.625,14.033047
2221,25.9741,12.6703,0,3.0,0.5,27,12960,70,150.0,0.6555,150.6555,1.0,1.2963,0.1111,0,0,0,0.0000,0.0,0.0000,0,0.7037,0.2963,0.8519,19,23,27,0.2185,0.2185,1.0161,0.1481,0.25,0.25,0.5,0.75,0,0,0.875,8,7,0.5631,0.1,0.1111,0.7037,0.037,0.2963,0.0,0.0,0.875,0.0,0.0,0.0,1.0397,0.0,return_outer,obstacle,0.6247,14.832343
2222,-3.485,-1.7,0,0.0,0.0,10,4800,70,150.0,0.0,150.0,1.0,0.0,0.0,1,0,1,0.1000,0.0,0.1000,0,1.0,0.0,1.0,10,10,10,0.0,0.0,0.0,0.0,0.0,0.0,0.0,0.0,0,0,0.5,2,1,0.4939,0.1,0.0,0.8,0.0,0.2,0.0,0.0,0.5,0.0,0.0,0.0,0.0,0.0,outer_patrol_a,road_edge,0.6244,13.491511
2223,86.0,44.2745,1,6.0,1.0,51,24480,51,141.8571,3.7089,145.5661,0.7286,1.3725,0.1176,1,0,1,0.0196,0.0,0.0196,0,0.6863,0.3137,0.8039,35,41,51,0.7418,0.7418,5.7488,0.1961,0.5,0.0,0.5,0.5,0,0,0.6364,22,14,0.5924,0.1,0.2157,0.7647,0.0784,0.4314,0.0,0.0,0.6364,0.0,0.0,0.0,0.6931,0.0,completed,,0.6242,12.39919
2224,63.1418,30.8009,0,5.0,0.8333,42,20160,70,150.0,0.6697,150.6697,1.0,1.3889,0.119,0,0,0,0.0000,0.0,0.0000,0,0.7381,0.2619,0.8095,31,34,42,0.1339,0.1339,1.038,0.1905,0.125,0.125,0.75,0.875,0,0,0.6667,12,8,0.5702,0.1,0.1429,0.7143,0.0714,0.2857,0.0,0.0,0.6667,0.0,0.0,0.0,0.7356,0.0,final_park,wall,0.6239,11.556638
2225,4.9267,2.4033,0,1.0,0.1667,15,7200,70,150.0,0.0,150.0,1.0,0.7778,0.0667,0,0,0,0.0000,0.0,0.0000,0,0.8,0.2,0.8667,12,13,15,0.0,0.0,0.0,0.1333,0.0,0.0,1.0,1.0,0,0,0.6667,6,4,0.5421,0.1,0.1333,0.8667,0.0667,0.4,0.0,0.0,0.6667,0.0,0.0,0.0,-0.0,0.0,enter_inner,obstacle,0.6236,11.20882
2226,86.0,50.5874,1,6.0,1.0,42,20160,42,138.0,0.0,138.0,0.6,1.6667,0.1429,1,0,1,0.0238,0.0,0.0238,0,0.7381,0.2619,0.881,31,37,42,0.0,0.0,0.0,0.119,0.0,0.0,1.0,1.0,0,0,0.7692,13,10,0.5489,0.1,0.0714,0.8571,0.0238,0.3095,0.0,0.0,0.7692,0.0,0.0,0.0,-0.0,0.0,completed,,0.6234,11.20783
2227,86.0,51.4589,1,6.0,1.0,37,17760,37,135.8571,0.7008,136.5579,0.5286,1.8919,0.1622,0,0,0,0.0000,0.0,0.0000,0,0.8108,0.1892,0.8378,30,31,37,0.1402,0.1402,1.0862,0.1622,0.1667,0.3333,0.5,0.8333,0,0,0.8889,9,8,0.561,0.1,0.1081,0.7297,0.027,0.2432,0.0,0.0,0.8889,0.0,0.0,0.0,1.0114,0.0,completed,,0.6231,12.251714
2228,86.0,50.4577,1,6.0,1.0,39,18720,39,136.7143,0.747,137.4613,0.5571,1.7949,0.1538,1,0,1,0.0256,0.0,0.0256,0,0.7692,0.2308,0.8718,30,34,39,0.1494,0.1494,1.1579,0.1282,0.2,0.2,0.6,0.8,0,0,1.0,7,7,0.5338,0.1,0.1026,0.8205,0.0,0.1795,0.0,0.0,1.0,0.0,0.0,0.0,0.9503,0.0,completed,,0.6228,11.119003
2229,86.0,51.9003,1,6.0,1.0,39,18720,39,136.7143,0.0,136.7143,0.5571,1.7949,0.1538,0,0,0,0.0000,0.0,0.0000,0,0.8462,0.1538,0.8718,33,34,39,0.0,0.0,0.0,0.1282,0.0,0.0,1.0,1.0,0,0,0.5,10,5,0.5489,0.1,0.0513,0.6667,0.0256,0.2564,0.0,0.0,0.5,0.0,0.0,0.0,-0.0,0.0,completed,,0.6226,11.521736
2230,86.0,47.1758,1,6.0,1.0,44,21120,44,138.8571,2.5335,141.3907,0.6286,1.5909,0.1364,0,0,0,0.0000,0.0,0.0000,0,0.7045,0.2955,0.7955,31,35,44,0.5067,0.5067,3.927,0.2045,0.3333,0.1111,0.5556,0.6667,0,0,0.6364,11,7,0.5732,0.1,0.1364,0.7955,0.0682,0.25,0.0,0.0,0.6364,0.0,0.0,0.0,0.9369,0.0,completed,,0.6223,11.004202
2231,15.8598,7.7365,0,2.0,0.3333,14,6720,70,150.0,0.0,150.0,1.0,1.6667,0.1429,0,0,0,0.0000,0.0,0.0000,0,0.8571,0.1429,0.8571,12,12,14,0.0,0.0,0.0,0.1429,0.0,0.5,0.5,1.0,0,0,1.0,6,6,0.5373,0.1,0.0714,0.6429,0.0,0.4286,0.0,0.0,1.0,0.0,0.0,0.0,0.6931,0.0,inner_patrol,obstacle,0.622,11.200963
2232,86.0,49.459,1,6.0,1.0,44,21120,44,138.8571,1.5133,140.3704,0.6286,1.5909,0.1364,0,0,0,0.0000,0.0,0.0000,0,0.8182,0.1818,0.8409,36,37,44,0.3027,0.3027,2.3456,0.1591,0.2857,0.1429,0.5714,0.7143,0,0,0.6364,11,7,0.5623,0.1,0.1364,0.75,0.0455,0.25,0.0,0.0,0.6364,0.0,0.0,0.0,0.9557,0.0,completed,,0.6217,11.486869
2233,28.3918,13.8497,0,3.0,0.5,24,11520,70,150.0,0.0,150.0,1.0,1.4583,0.125,1,0,1,0.0417,0.0,0.0417,0,0.75,0.25,0.875,18,21,24,0.0,0.0,0.0,0.125,0.0,0.3333,0.6667,1.0,0,0,0.875,8,7,0.5635,0.1,0.0833,0.875,0.0417,0.3333,0.0,0.0,0.875,0.0,0.0,0.0,0.6365,0.0,return_outer,obstacle,0.6215,9.887191
2234,5.152,2.5132,0,1.0,0.1667,14,6720,70,150.0,0.0,150.0,1.0,0.8333,0.0714,1,0,1,0.0714,0.0,0.0714,0,0.9286,0.0714,0.9286,13,13,14,0.0,0.0,0.0,0.0714,0.0,0.0,1.0,1.0,0,0,0.5,4,2,0.5039,0.1,0.0714,0.7143,0.0,0.2857,0.0,0.0,0.5,0.0,0.0,0.0,-0.0,0.0,enter_inner,obstacle,0.6212,12.297158
2235,41.9505,20.4636,0,4.0,0.6667,38,18240,70,150.0,1.6763,151.6763,1.0,1.2281,0.1053,0,0,0,0.0000,0.0,0.0000,0,0.7632,0.2368,0.8421,29,32,38,0.4191,0.4191,2.5982,0.1579,0.3333,0.1667,0.5,0.6667,0,0,0.6364,11,7,0.5799,0.1,0.1579,0.8684,0.1053,0.2895,0.0,0.0,0.6364,0.0,0.0,0.0,1.0114,0.0,outer_patrol_b,road_edge,0.6209,11.22873
2236,86.0,45.3464,1,6.0,1.0,45,21600,45,139.2857,2.8368,142.1225,0.6429,1.5556,0.1333,1,0,1,0.0222,0.0,0.0222,0,0.6889,0.3111,0.8444,31,38,45,0.5674,0.5674,4.397,0.1556,0.5714,0.2857,0.1429,0.4286,0,0,0.8824,17,15,0.5701,0.1,0.1556,0.8222,0.0222,0.3778,0.0,0.0,0.8824,0.0,0.0,0.0,0.9557,0.0,completed,,0.6207,12.410782
2237,34.1159,16.6419,0,4.0,0.6667,28,13440,70,150.0,1.4775,151.4775,1.0,1.6667,0.1429,0,0,0,0.0000,0.0,0.0000,0,0.6786,0.3214,0.7857,19,22,28,0.3694,0.3694,2.2901,0.2143,0.3333,0.3333,0.3333,0.6667,0,0,0.8333,6,5,0.5871,0.1,0.1429,0.7857,0.1071,0.2143,0.0,0.0,0.8333,0.0,0.0,0.0,1.0986,0.0,outer_patrol_b,road_edge,0.6204,10.982991
2238,24.8223,12.1085,0,3.0,0.5,28,13440,70,150.0,0.6522,150.6522,1.0,1.25,0.1071,0,0,0,0.0000,0.0,0.0000,0,0.6429,0.3571,0.8214,18,23,28,0.2174,0.2174,1.011,0.1429,0.25,0.25,0.5,0.75,0,0,0.5,10,5,0.5891,0.1,0.1071,0.8929,0.0714,0.3571,0.0,0.0,0.5,0.0,0.0,0.0,1.0397,0.0,return_outer,red_light,0.6201,11.930795
2239,86.0,45.586,1,6.0,1.0,48,23040,48,140.5714,2.5271,143.0985,0.6857,1.4583,0.125,1,0,1,0.0208,0.0,0.0208,0,0.6875,0.3125,0.8542,33,41,48,0.5054,0.5054,3.917,0.1667,0.375,0.125,0.5,0.625,0,0,0.3846,13,5,0.5793,0.1,0.1458,0.7708,0.0625,0.2708,0.0,0.0,0.3846,0.0,0.0,0.0,0.9743,0.0,completed,,0.6199,13.13769
2240,86.0,49.1824,1,6.0,1.0,41,19680,41,137.5714,1.5093,139.0808,0.5857,1.7073,0.1463,1,0,1,0.0244,0.0,0.0244,0,0.7317,0.2683,0.8293,30,34,41,0.3019,0.3019,2.3395,0.1707,0.2857,0.1429,0.5714,0.7143,0,0,0.9091,11,10,0.5602,0.1,0.122,0.8049,0.0488,0.2683,0.0,0.0,0.9091,0.0,0.0,0.0,0.9557,0.0,completed,,0.6196,11.573285
2241,44.1388,21.5311,0,4.0,0.6667,27,12960,70,150.0,0.0,150.0,1.0,1.7284,0.1481,1,0,1,0.0370,0.0,0.0370,0,0.7037,0.2963,0.7778,19,21,27,0.0,0.0,0.0,0.2222,0.0,0.1667,0.8333,1.0,0,0,0.6667,6,4,0.57,0.1,0.1481,0.7407,0.0741,0.2222,0.0,0.0,0.6667,0.0,0.0,0.0,0.4506,0.0,outer_patrol_b,road_edge,0.6193,14.438187
2242,16.597,8.0961,0,2.0,0.3333,20,9600,70,150.0,0.0,150.0,1.0,1.1667,0.1,0,0,0,0.0000,0.0,0.0000,0,0.65,0.35,0.8,13,16,20,0.0,0.0,0.0,0.2,0.0,0.25,0.75,1.0,0,0,0.0,4,0,0.5582,0.1,0.1,0.7,0.1,0.2,0.0,0.0,0.0,0.0,0.0,0.0,0.5623,0.0,inner_patrol,obstacle,0.6191,13.818248
2243,86.0,49.9674,1,6.0,1.0,42,20160,42,138.0,0.7565,138.7565,0.6,1.6667,0.1429,1,0,1,0.0238,0.0,0.0238,0,0.7857,0.2143,0.881,33,37,42,0.1513,0.1513,1.1726,0.119,0.2,0.0,0.8,0.8,0,0,0.8462,13,11,0.538,0.1,0.0476,0.7857,0.0,0.3095,0.0,0.0,0.8462,0.0,0.0,0.0,0.5004,0.0,completed,,0.6188,11.572631
2244,86.0,48.1323,1,6.0,1.0,42,20160,42,138.0,1.528,139.528,0.6,1.6667,0.1429,0,0,0,0.0000,0.0,0.0000,0,0.7381,0.2619,0.8571,31,36,42,0.3056,0.3056,2.3683,0.1429,0.3333,0.1667,0.5,0.6667,0,0,0.9091,11,10,0.5477,0.1,0.0476,0.8095,0.0,0.2619,0.0,0.0,0.9091,0.0,0.0,0.0,1.0114,0.0,completed,,0.6185,11.847532
2245,4.7623,2.3231,0,1.0,0.1667,14,6720,70,150.0,0.0,150.0,1.0,0.8333,0.0714,0,0,0,0.0000,0.0,0.0000,0,0.8571,0.1429,0.9286,12,13,14,0.0,0.0,0.0,0.0714,0.0,1.0,0.0,1.0,0,0,0.5,4,2,0.5436,0.1,0.0714,0.8571,0.0714,0.2857,0.0,0.0,0.5,0.0,0.0,0.0,-0.0,0.0,enter_inner,obstacle,0.6182,11.564646
2246,86.0,45.2314,1,6.0,1.0,45,21600,45,139.2857,3.6257,142.9114,0.6429,1.5556,0.1333,0,0,0,0.0000,0.0,0.0000,0,0.7556,0.2444,0.8222,34,37,45,0.7251,0.7251,5.6199,0.1778,0.625,0.25,0.125,0.375,0,0,0.7895,19,15,0.5855,0.1,0.2,0.8,0.0667,0.4222,0.0,0.0,0.7895,0.0,0.0,0.0,0.9003,0.0,completed,,0.618,14.851517
2247,15.4117,7.5179,0,2.0,0.3333,15,7200,70,150.0,0.0,150.0,1.0,1.5556,0.1333,1,0,1,0.0667,0.0,0.0667,0,0.8667,0.1333,0.8667,13,13,15,0.0,0.0,0.0,0.1333,0.0,0.0,1.0,1.0,0,0,0.6667,3,2,0.5179,0.1,0.0,0.6,0.0,0.2,0.0,0.0,0.6667,0.0,0.0,0.0,-0.0,0.0,inner_patrol,obstacle,0.6177,15.423589
2248,86.0,46.4272,1,6.0,1.0,43,20640,43,138.4286,3.6631,142.0917,0.6143,1.6279,0.1395,1,0,1,0.0233,0.0,0.0233,0,0.7209,0.2791,0.7907,31,34,43,0.7326,0.7326,5.6778,0.2093,0.5556,0.0,0.4444,0.4444,0,0,0.8571,14,12,0.5511,0.1,0.0698,0.8837,0.0233,0.3256,0.0,0.0,0.8571,0.0,0.0,0.0,0.687,0.0,completed,,0.6174,13.331873
2249,29.5632,14.4211,0,3.0,0.5,23,11040,70,150.0,0.0,150.0,1.0,1.5217,0.1304,0,0,0,0.0000,0.0,0.0000,0,0.8261,0.1739,0.8696,19,20,23,0.0,0.0,0.0,0.1304,0.0,0.3333,0.6667,1.0,0,0,0.5714,7,4,0.573,0.1,0.1304,0.913,0.087,0.3043,0.0,0.0,0.5714,0.0,0.0,0.0,0.6365,0.0,return_outer,obstacle,0.6172,12.70954
2250,13.5882,6.6284,0,2.0,0.3333,15,7200,70,150.0,0.8185,150.8185,1.0,1.5556,0.1333,1,0,1,0.0667,0.0,0.0667,0,0.8667,0.1333,0.8667,13,13,15,0.4093,0.4093,1.2687,0.1333,0.5,0.0,0.5,0.5,0,0,1.0,3,3,0.5147,0.1,0.0,0.8,0.0,0.2,0.0,0.0,1.0,0.0,0.0,0.0,0.6931,0.0,inner_patrol,obstacle,0.6169,11.443266
2251,-2.46,-1.2,0,0.0,0.0,16,7680,70,150.0,0.0,150.0,1.0,0.0,0.0,0,0,0,0.0000,0.0,0.0000,0,0.75,0.25,1.0,12,16,16,0.0,0.0,0.0,0.0,0.0,0.0,0.0,0.0,0,0,0.25,4,1,0.508,0.1,0.0,0.75,0.0,0.25,0.0,0.0,0.25,0.0,0.0,0.0,0.0,0.0,outer_patrol_a,road_edge,0.6166,11.546427
2252,55.6442,27.1435,0,5.0,0.8333,47,22560,70,150.0,1.5059,151.5059,1.0,1.2411,0.1064,0,0,0,0.0000,0.0,0.0000,0,0.6809,0.3191,0.8511,32,40,47,0.3012,0.3012,2.3341,0.1489,0.2857,0.1429,0.5714,0.7143,0,0,0.5455,11,6,0.5374,0.1,0.0851,0.7234,0.0,0.234,0.0,0.0,0.5455,0.0,0.0,0.0,0.9557,0.0,final_park,wall,0.6164,12.517926
2253,86.0,52.6666,1,6.0,1.0,37,17760,37,135.8571,0.0,135.8571,0.5286,1.8919,0.1622,1,0,1,0.0270,0.0,0.0270,0,0.8378,0.1622,0.8649,31,32,37,0.0,0.0,0.0,0.1351,0.0,0.4,0.6,1.0,0,0,0.8889,9,8,0.539,0.1,0.027,0.7568,0.0,0.2432,0.0,0.0,0.8889,0.0,0.0,0.0,0.673,0.0,completed,,0.6161,12.181836
2254,86.0,49.2899,1,6.0,1.0,41,19680,41,137.5714,1.5822,139.1537,0.5857,1.7073,0.1463,1,0,1,0.0244,0.0,0.0244,0,0.7561,0.2439,0.8293,31,34,41,0.3164,0.3164,2.4525,0.1707,0.2857,0.2857,0.4286,0.7143,0,0,0.7,10,7,0.5593,0.1,0.0976,0.7805,0.0732,0.2439,0.0,0.0,0.7,0.0,0.0,0.0,1.079,0.0,completed,,0.6158,12.616977
2255,86.0,51.3834,1,6.0,1.0,39,18720,39,136.7143,0.7509,137.4652,0.5571,1.7949,0.1538,0,0,0,0.0000,0.0,0.0000,0,0.7949,0.2051,0.8462,31,33,39,0.1502,0.1502,1.1639,0.1538,0.1667,0.1667,0.6667,0.8333,0,0,0.7778,9,7,0.5594,0.1,0.1026,0.7436,0.0256,0.2308,0.0,0.0,0.7778,0.0,0.0,0.0,0.8676,0.0,completed,,0.6155,11.672083
2256,9.5887,4.6774,0,2.0,0.3333,20,9600,70,150.0,0.8701,150.8701,1.0,1.1667,0.1,0,0,0,0.0000,0.0,0.0000,0,0.65,0.35,0.85,13,17,20,0.435,0.435,1.3486,0.15,0.3333,0.3333,0.3333,0.6667,0,0,0.3333,6,2,0.5242,0.1,0.1,0.75,0.0,0.3,0.0,0.0,0.3333,0.0,0.0,0.0,1.0986,0.0,inner_patrol,obstacle,0.6153,10.791589
2257,86.0,46.4513,1,6.0,1.0,45,21600,45,139.2857,2.3173,141.603,0.6429,1.5556,0.1333,0,0,0,0.0000,0.0,0.0000,0,0.6889,0.3111,0.8222,31,37,45,0.4635,0.4635,3.5918,0.1778,0.375,0.125,0.5,0.625,0,0,0.8,15,12,0.5525,0.1,0.1111,0.8,0.0222,0.3333,0.0,0.0,0.8,0.0,0.0,0.0,0.9743,0.0,completed,,0.615,9.976258
2258,86.0,49.53,1,6.0,1.0,44,21120,44,138.8571,0.737,139.5942,0.6286,1.5909,0.1364,1,0,1,0.0227,0.0,0.0227,0,0.7955,0.2045,0.8409,35,37,44,0.1474,0.1474,1.1424,0.1591,0.1429,0.1429,0.7143,0.8571,0,0,0.5385,13,7,0.5537,0.1,0.0909,0.7273,0.0227,0.2955,0.0,0.0,0.5385,0.0,0.0,0.0,0.7963,0.0,completed,,0.6147,8.944085
2259,86.0,49.2553,1,6.0,1.0,46,22080,46,139.7143,0.0,139.7143,0.6571,1.5217,0.1304,0,0,0,0.0000,0.0,0.0000,0,0.7826,0.2174,0.8913,36,41,46,0.0,0.0,0.0,0.1087,0.0,0.4,0.6,1.0,0,0,0.5556,18,10,0.5469,0.1,0.087,0.8261,0.0,0.3913,0.0,0.0,0.5556,0.0,0.0,0.0,0.673,0.0,completed,,0.6145,10.529072
2260,29.5653,14.4221,0,3.0,0.5,23,11040,70,150.0,0.0,150.0,1.0,1.5217,0.1304,1,0,1,0.0435,0.0,0.0435,0,0.8261,0.1739,0.8696,19,20,23,0.0,0.0,0.0,0.1304,0.0,0.3333,0.6667,1.0,0,0,0.875,8,7,0.5481,0.1,0.087,0.7391,0.0435,0.3478,0.0,0.0,0.875,0.0,0.0,0.0,0.6365,0.0,return_outer,obstacle,0.6142,9.844465
2261,86.0,49.7549,1,6.0,1.0,43,20640,43,138.4286,0.8487,139.2773,0.6143,1.6279,0.1395,0,0,0,0.0000,0.0,0.0000,0,0.7674,0.2326,0.8605,33,37,43,0.1697,0.1697,1.3155,0.1395,0.1667,0.1667,0.6667,0.8333,0,0,0.6923,13,9,0.5577,0.1,0.1163,0.7442,0.0233,0.3023,0.0,0.0,0.6923,0.0,0.0,0.0,0.8676,0.0,completed,,0.6139,12.434473
2262,64.0952,31.266,0,5.0,0.8333,41,19680,70,150.0,0.0,150.0,1.0,1.4228,0.122,1,0,1,0.0244,0.0,0.0244,0,0.8293,0.1707,0.878,34,36,41,0.0,0.0,0.0,0.122,0.0,0.2,0.8,1.0,0,0,0.6875,16,11,0.5439,0.1,0.0488,0.8293,0.0,0.3902,0.0,0.0,0.6875,0.0,0.0,0.0,0.5004,0.0,final_park,wall,0.6137,13.607989
2263,86.0,48.5712,1,6.0,1.0,41,19680,41,137.5714,2.2711,139.8426,0.5857,1.7073,0.1463,1,0,1,0.0244,0.0,0.0244,0,0.7317,0.2683,0.8049,30,33,41,0.4542,0.4542,3.5203,0.1951,0.375,0.25,0.375,0.625,0,0,0.8462,13,11,0.5541,0.1,0.1463,0.878,0.0,0.3171,0.0,0.0,0.8462,0.0,0.0,0.0,1.0822,0.0,completed,,0.6134,11.449735
2264,5.0132,2.4455,0,1.0,0.1667,15,7200,70,150.0,0.0,150.0,1.0,0.7778,0.0667,1,0,1,0.0667,0.0,0.0667,0,0.8,0.2,0.8667,12,13,15,0.0,0.0,0.0,0.1333,0.0,0.5,0.5,1.0,0,0,0.5,4,2,0.5373,0.1,0.1333,0.8,0.0667,0.2667,0.0,0.0,0.5,0.0,0.0,0.0,0.6931,0.0,enter_inner,obstacle,0.6131,12.328491
2265,86.0,50.1448,1,6.0,1.0,43,20640,43,138.4286,0.7686,139.1972,0.6143,1.6279,0.1395,1,0,1,0.0233,0.0,0.0233,0,0.7907,0.2093,0.8372,34,36,43,0.1537,0.1537,1.1913,0.1628,0.1429,0.1429,0.7143,0.8571,0,0,0.5833,12,7,0.5638,0.1,0.1163,0.6744,0.0233,0.2791,0.0,0.0,0.5833,0.0,0.0,0.0,0.7963,0.0,completed,,0.6129,12.792809
2266,86.0,45.1184,1,6.0,1.0,48,23040,48,140.5714,3.9021,144.4735,0.6857,1.4583,0.125,0,0,0,0.0000,0.0,0.0000,0,0.7292,0.2708,0.8125,35,39,48,0.7804,0.7804,6.0482,0.1875,0.5556,0.0,0.4444,0.4444,0,0,0.7273,11,8,0.5661,0.1,0.1042,0.75,0.0625,0.2292,0.0,0.0,0.7273,0.0,0.0,0.0,0.687,0.0,completed,,0.6126,16.227259
2267,86.0,46.5011,1,6.0,1.0,45,21600,45,139.2857,2.3913,141.677,0.6429,1.5556,0.1333,0,0,0,0.0000,0.0,0.0000,0,0.7556,0.2444,0.8444,34,38,45,0.4783,0.4783,3.7066,0.1556,0.4286,0.4286,0.1429,0.5714,0,0,0.7692,13,10,0.5569,0.1,0.0667,0.8222,0.0444,0.2889,0.0,0.0,0.7692,0.0,0.0,0.0,1.0042,0.0,completed,,0.6123,12.355158
2268,23.7738,11.597,0,3.0,0.5,32,15360,70,150.0,1.3204,151.3204,1.0,1.0938,0.0938,1,0,1,0.0312,0.0,0.0312,0,0.7188,0.2812,0.8125,23,26,32,0.4401,0.4401,2.0466,0.1875,0.3333,0.0,0.6667,0.6667,0,0,0.3333,12,4,0.5955,0.1,0.1875,0.8125,0.0938,0.375,0.0,0.0,0.3333,0.0,0.0,0.0,0.6365,0.0,return_outer,obstacle,0.612,10.055153
2269,3.9204,1.9124,0,1.0,0.1667,15,7200,70,150.0,0.0,150.0,1.0,0.7778,0.0667,1,0,1,0.0667,0.0,0.0667,0,0.8,0.2,0.9333,12,14,15,0.0,0.0,0.0,0.0667,0.0,1.0,0.0,1.0,0,0,0.75,4,3,0.5124,0.1,0.0667,0.8,0.0,0.2667,0.0,0.0,0.75,0.0,0.0,0.0,-0.0,0.0,enter_inner,obstacle,0.6118,9.169924
2270,14.434,7.041,0,2.0,0.3333,17,8160,70,150.0,0.0,150.0,1.0,1.3725,0.1176,1,0,1,0.0588,0.0,0.0588,0,0.7059,0.2941,0.8235,12,14,17,0.0,0.0,0.0,0.1765,0.0,0.3333,0.6667,1.0,0,0,0.875,8,7,0.545,0.1,0.1176,0.8235,0.0588,0.4706,0.0,0.0,0.875,0.0,0.0,0.0,0.6365,0.0,inner_patrol,obstacle,0.6115,9.732373
2271,2.5672,1.2523,0,1.0,0.1667,17,8160,70,150.0,0.0,150.0,1.0,0.6863,0.0588,0,0,0,0.0000,0.0,0.0000,0,0.8235,0.1765,0.9412,14,16,17,0.0,0.0,0.0,0.0588,0.0,1.0,0.0,1.0,0,0,0.0,4,0,0.5208,0.1,0.0588,0.7647,0.0588,0.2353,0.0,0.0,0.0,0.0,0.0,0.0,-0.0,0.0,enter_inner,obstacle,0.6112,9.041409
2272,86.0,50.7121,1,6.0,1.0,39,18720,39,136.7143,0.8204,137.5347,0.5571,1.7949,0.1538,0,0,0,0.0000,0.0,0.0000,0,0.8205,0.1795,0.8718,32,34,39,0.1641,0.1641,1.2717,0.1282,0.2,0.4,0.4,0.8,0,0,0.8571,7,6,0.5505,0.1,0.0769,0.6923,0.0256,0.1795,0.0,0.0,0.8571,0.0,0.0,0.0,1.0549,0.0,completed,,0.611,10.672972
2273,86.0,46.3765,1,6.0,1.0,51,24480,51,141.8571,1.516,143.3731,0.7286,1.3725,0.1176,1,0,1,0.0196,0.0,0.0196,0,0.6667,0.3333,0.8431,34,43,51,0.3032,0.3032,2.3498,0.1569,0.25,0.125,0.625,0.75,0,0,0.4706,17,8,0.607,0.1,0.1765,0.8431,0.1569,0.3333,0.0,0.0,0.4706,0.0,0.0,0.0,0.9003,0.0,completed,,0.6107,10.964434
2274,13.1801,6.4293,0,2.0,0.3333,15,7200,70,150.0,0.8327,150.8327,1.0,1.5556,0.1333,0,0,0,0.0000,0.0,0.0000,0,0.8,0.2,0.8,12,12,15,0.4164,0.4164,1.2907,0.2,0.3333,0.3333,0.3333,0.6667,0,0,1.0,4,4,0.5369,0.1,0.1333,0.6667,0.0,0.2667,0.0,0.0,1.0,0.0,0.0,0.0,1.0986,0.0,inner_patrol,obstacle,0.6104,11.96262
2275,5.8089,2.8336,0,1.0,0.1667,14,6720,70,150.0,0.0,150.0,1.0,0.8333,0.0714,1,0,1,0.0714,0.0,0.0714,0,0.9286,0.0714,0.9286,13,13,14,0.0,0.0,0.0,0.0714,0.0,0.0,1.0,1.0,0,0,0.6,5,3,0.5193,0.1,0.0714,0.7143,0.0,0.3571,0.0,0.0,0.6,0.0,0.0,0.0,-0.0,0.0,enter_inner,obstacle,0.6102,10.25168
2276,14.3456,6.9978,0,2.0,0.3333,16,7680,70,150.0,0.0,150.0,1.0,1.4583,0.125,1,0,1,0.0625,0.0,0.0625,0,0.8125,0.1875,0.875,13,14,16,0.0,0.0,0.0,0.125,0.0,0.5,0.5,1.0,0,0,0.6667,6,4,0.5534,0.1,0.0625,0.875,0.0625,0.375,0.0,0.0,0.6667,0.0,0.0,0.0,0.6931,0.0,inner_patrol,obstacle,0.6099,10.815799
2277,-1.2915,-0.63,0,0.0,0.0,11,5280,70,150.0,0.0,150.0,1.0,0.0,0.0,1,0,1,0.0909,0.0,0.0909,0,1.0,0.0,1.0,11,11,11,0.0,0.0,0.0,0.0,0.0,0.0,0.0,0.0,0,0,0.0,1,0,0.4865,0.1,0.0,0.7273,0.0,0.0909,0.0,0.0,0.0,0.0,0.0,0.0,0.0,0.0,outer_patrol_a,road_edge,0.6096,9.697312
2278,4.0838,1.9921,0,1.0,0.1667,15,7200,70,150.0,0.0,150.0,1.0,0.7778,0.0667,1,0,1,0.0667,0.0,0.0667,0,0.8667,0.1333,0.9333,13,14,15,0.0,0.0,0.0,0.0667,0.0,1.0,0.0,1.0,0,0,0.0,1,0,0.5212,0.1,0.0667,0.4667,0.0667,0.0667,0.0,0.0,0.0,0.0,0.0,0.0,-0.0,0.0,enter_inner,obstacle,0.6093,9.378832
2279,86.0,48.769,1,6.0,1.0,41,19680,41,137.5714,1.2691,138.8406,0.5857,1.7073,0.1463,0,0,0,0.0000,0.0,0.0000,0,0.7317,0.2683,0.8537,30,35,41,0.2538,0.2538,1.9672,0.1463,0.3333,0.5,0.1667,0.6667,0,0,0.8,10,8,0.5434,0.1,0.0976,0.7317,0.0244,0.2439,0.0,0.0,0.8,0.0,0.0,0.0,1.0114,0.0,completed,,0.6091,8.822646
2280,86.0,49.9104,1,6.0,1.0,41,19680,41,137.5714,1.6267,139.1982,0.5857,1.7073,0.1463,1,0,1,0.0244,0.0,0.0244,0,0.8049,0.1951,0.8537,33,35,41,0.3253,0.3253,2.5214,0.1463,0.3333,0.0,0.6667,0.6667,0,0,0.9,10,9,0.5472,0.1,0.0732,0.7805,0.0,0.2439,0.0,0.0,0.9,0.0,0.0,0.0,0.6365,0.0,completed,,0.6088,11.270779
2281,35.2453,17.1928,0,4.0,0.6667,29,13920,70,150.0,0.8691,150.8691,1.0,1.6092,0.1379,1,0,1,0.0345,0.0,0.0345,0,0.6552,0.3448,0.8276,19,24,29,0.2173,0.2173,1.3472,0.1724,0.2,0.0,0.8,0.8,0,0,0.3333,9,3,0.5983,0.1,0.2069,0.8276,0.1034,0.3103,0.0,0.0,0.3333,0.0,0.0,0.0,0.5004,0.0,outer_patrol_b,road_edge,0.6085,11.811776
2282,28.5565,13.93,0,3.0,0.5,24,11520,70,150.0,0.6607,150.6607,1.0,1.4583,0.125,1,0,1,0.0417,0.0,0.0417,0,0.75,0.25,0.8333,18,20,24,0.2202,0.2202,1.0241,0.1667,0.25,0.0,0.75,0.75,0,0,0.3333,3,1,0.5438,0.1,0.0833,0.875,0.0417,0.125,0.0,0.0,0.3333,0.0,0.0,0.0,0.5623,0.0,return_outer,obstacle,0.6083,11.956068
2283,61.5924,30.0451,0,5.0,0.8333,41,19680,70,150.0,1.2744,151.2744,1.0,1.4228,0.122,0,0,0,0.0000,0.0,0.0000,0,0.7561,0.2439,0.8293,31,34,41,0.2549,0.2549,1.9754,0.1707,0.2857,0.0,0.7143,0.7143,0,0,0.6,10,6,0.5498,0.1,0.122,0.8537,0.0244,0.2439,0.0,0.0,0.6,0.0,0.0,0.0,0.5983,0.0,final_park,wall,0.608,9.140768
2284,16.0973,7.8524,0,2.0,0.3333,14,6720,70,150.0,0.0,150.0,1.0,1.6667,0.1429,1,0,1,0.0714,0.0,0.0714,0,0.8571,0.1429,0.8571,12,12,14,0.0,0.0,0.0,0.1429,0.0,0.0,1.0,1.0,0,0,0.75,4,3,0.5246,0.1,0.0714,0.8571,0.0,0.2857,0.0,0.0,0.75,0.0,0.0,0.0,-0.0,0.0,inner_patrol,obstacle,0.6077,8.421455
2285,86.0,49.7517,1,6.0,1.0,40,19200,40,137.1429,1.5052,138.648,0.5714,1.75,0.15,0,0,0,0.0000,0.0,0.0000,0,0.8,0.2,0.85,32,34,40,0.301,0.301,2.333,0.15,0.3333,0.0,0.6667,0.6667,0,0,0.625,8,5,0.5507,0.1,0.1,0.75,0.0,0.2,0.0,0.0,0.625,0.0,0.0,0.0,0.6365,0.0,completed,,0.6075,6.618324
2286,86.0,49.9779,1,6.0,1.0,44,21120,44,138.8571,1.273,140.1301,0.6286,1.5909,0.1364,1,0,1,0.0227,0.0,0.0227,0,0.7727,0.2273,0.8182,34,36,44,0.2546,0.2546,1.9731,0.1818,0.25,0.125,0.625,0.75,0,0,0.5882,17,10,0.5881,0.1,0.1818,0.8409,0.1136,0.3864,0.0,0.0,0.5882,0.0,0.0,0.0,0.9003,0.0,completed,,0.6072,9.115398
2287,86.0,49.9304,1,6.0,1.0,41,19680,41,137.5714,0.6508,138.2222,0.5857,1.7073,0.1463,0,0,0,0.0000,0.0,0.0000,0,0.7805,0.2195,0.8537,32,35,41,0.1302,0.1302,1.0087,0.1463,0.1667,0.1667,0.6667,0.8333,0,0,0.7857,14,11,0.5518,0.1,0.122,0.8537,0.0,0.3415,0.0,0.0,0.7857,0.0,0.0,0.0,0.8676,0.0,completed,,0.6069,11.183755
2288,55.9184,27.2773,0,4.0,0.6667,36,17280,70,150.0,0.8655,150.8655,1.0,1.2963,0.1111,0,0,0,0.0000,0.0,0.0000,0,0.7778,0.2222,0.8611,28,31,36,0.2164,0.2164,1.3416,0.1389,0.2,0.2,0.6,0.8,0,0,0.9091,11,10,0.5425,0.1,0.0556,0.7778,0.0,0.3056,0.0,0.0,0.9091,0.0,0.0,0.0,0.9503,0.0,outer_patrol_b,road_edge,0.6067,11.791346
2289,62.9985,30.731,0,5.0,0.8333,40,19200,70,150.0,0.0,150.0,1.0,1.4583,0.125,1,0,1,0.0250,0.0,0.0250,0,0.75,0.25,0.875,30,35,40,0.0,0.0,0.0,0.125,0.0,0.4,0.6,1.0,0,0,0.9,10,9,0.5393,0.1,0.075,0.675,0.0,0.25,0.0,0.0,0.9,0.0,0.0,0.0,0.673,0.0,final_park,wall,0.6064,11.115689
2290,59.2125,28.8841,0,5.0,0.8333,43,20640,70,150.0,1.2974,151.2974,1.0,1.3566,0.1163,0,0,0,0.0000,0.0,0.0000,0,0.6977,0.3023,0.814,30,35,43,0.2595,0.2595,2.0109,0.186,0.25,0.25,0.5,0.75,0,0,0.8125,16,13,0.5707,0.1,0.093,0.8372,0.0698,0.3721,0.0,0.0,0.8125,0.0,0.0,0.0,1.0397,0.0,final_park,wall,0.6061,8.743655
2291,86.0,50.7998,1,6.0,1.0,38,18240,38,136.2857,0.807,137.0927,0.5429,1.8421,0.1579,0,0,0,0.0000,0.0,0.0000,0,0.7632,0.2368,0.8158,29,31,38,0.1614,0.1614,1.2508,0.1842,0.1429,0.4286,0.4286,0.8571,0,0,0.9,10,9,0.5561,0.1,0.1053,0.7368,0.0263,0.2632,0.0,0.0,0.9,0.0,0.0,0.0,1.0042,0.0,completed,,0.6058,10.26198
2292,28.4262,13.8665,0,3.0,0.5,23,11040,70,150.0,0.613,150.613,1.0,1.5217,0.1304,1,0,1,0.0435,0.0,0.0435,0,0.8261,0.1739,0.8261,19,19,23,0.2043,0.2043,0.9502,0.1739,0.25,0.25,0.5,0.75,0,0,0.75,8,6,0.5806,0.1,0.1304,0.8261,0.087,0.3478,0.0,0.0,0.75,0.0,0.0,0.0,1.0397,0.0,return_outer,obstacle,0.6056,11.540513
2293,86.0,48.8063,1,6.0,1.0,46,22080,46,139.7143,0.7999,140.5142,0.6571,1.5217,0.1304,0,0,0,0.0000,0.0,0.0000,0,0.7609,0.2391,0.8696,35,40,46,0.16,0.16,1.2398,0.1304,0.1667,0.1667,0.6667,0.8333,0,0,0.5,12,6,0.5472,0.1,0.087,0.7826,0.0217,0.2609,0.0,0.0,0.5,0.0,0.0,0.0,0.8676,0.0,completed,,0.6053,12.832768
2294,23.6189,11.5214,0,3.0,0.5,27,12960,70,150.0,1.5408,151.5408,1.0,1.2963,0.1111,1,0,1,0.0370,0.0,0.0370,0,0.7037,0.2963,0.8519,19,23,27,0.5136,0.5136,2.3882,0.1481,0.5,0.25,0.25,0.5,0,0,0.875,8,7,0.5684,0.1,0.1481,0.7778,0.037,0.2963,0.0,0.0,0.875,0.0,0.0,0.0,1.0397,0.0,return_outer,obstacle,0.605,15.556255
2295,21.253,10.3673,0,3.0,0.5,30,14400,70,150.0,0.8533,150.8533,1.0,1.1667,0.1,1,0,1,0.0333,0.0,0.0333,0,0.7,0.3,0.9,21,27,30,0.2844,0.2844,1.3227,0.1,0.3333,0.3333,0.3333,0.6667,0,0,0.5556,9,5,0.5702,0.1,0.1667,0.7,0.0,0.3,0.0,0.0,0.5556,0.0,0.0,0.0,1.0986,0.0,return_outer,obstacle,0.6048,14.575964
2296,20.6668,10.0814,0,3.0,0.5,34,16320,70,150.0,1.4407,151.4407,1.0,1.0294,0.0882,0,0,0,0.0000,0.0,0.0000,0,0.7353,0.2647,0.8529,25,29,34,0.4802,0.4802,2.2331,0.1471,0.4,0.2,0.4,0.6,0,0,0.3889,18,7,0.6487,0.1,0.3529,1.0,0.2059,0.5294,0.0,0.0,0.3889,0.0,0.0,0.0,1.0549,0.0,return_outer,obstacle,0.6045,14.680864
2297,4.0826,1.9915,0,1.0,0.1667,15,7200,70,150.0,0.0,150.0,1.0,0.7778,0.0667,1,0,1,0.0667,0.0,0.0667,0,0.8667,0.1333,0.9333,13,14,15,0.0,0.0,0.0,0.0667,0.0,1.0,0.0,1.0,0,0,0.25,4,1,0.5344,0.1,0.0667,0.7333,0.0667,0.2667,0.0,0.0,0.25,0.0,0.0,0.0,-0.0,0.0,enter_inner,obstacle,0.6042,14.034955
2298,61.1947,29.8511,0,5.0,0.8333,42,20160,70,150.0,1.4765,151.4765,1.0,1.3889,0.119,1,0,1,0.0238,0.0,0.0238,0,0.7857,0.2143,0.8095,33,34,42,0.2953,0.2953,2.2885,0.1905,0.25,0.125,0.625,0.75,0,0,0.7143,14,10,0.5652,0.1,0.1429,0.7857,0.0476,0.3333,0.0,0.0,0.7143,0.0,0.0,0.0,0.9003,0.0,final_park,wall,0.604,11.721772
2299,-10.0,-4.91,0,0.0,0.0,7,3360,70,150.0,0.0,150.0,1.0,0.0,0.0,0,0,0,0.0000,0.0,0.0000,0,1.0,0.0,1.0,7,7,7,0.0,0.0,0.0,0.0,0.0,0.0,0.0,0.0,0,0,0.0,0,0,0.5162,0.1,0.0,0.4286,0.0,0.0,0.0,0.0,0.0,0.0,0.0,0.0,0.0,0.0,outer_patrol_a,road_edge,0.6037,12.51949
2300,38.7167,18.8862,0,4.0,0.6667,26,12480,70,150.0,0.6876,150.6876,1.0,1.7949,0.1538,0,0,0,0.0000,0.0,0.0000,0,0.7308,0.2692,0.8077,19,21,26,0.1719,0.1719,1.0658,0.1923,0.2,0.0,0.8,0.8,0,0,0.7778,9,7,0.5633,0.1,0.1538,0.6923,0.0385,0.3462,0.0,0.0,0.7778,0.0,0.0,0.0,0.5004,0.0,outer_patrol_b,road_edge,0.6034,11.148864
2301,86.0,51.2343,1,6.0,1.0,38,18240,38,136.2857,0.659,136.9448,0.5429,1.8421,0.1579,1,0,1,0.0263,0.0,0.0263,0,0.8158,0.1842,0.8421,31,32,38,0.1318,0.1318,1.0215,0.1579,0.1667,0.3333,0.5,0.8333,0,0,0.8571,14,12,0.5703,0.1,0.1316,0.8158,0.0263,0.3684,0.0,0.0,0.8571,0.0,0.0,0.0,1.0114,0.0,completed,,0.6031,12.883546
2302,86.0,51.3463,1,6.0,1.0,39,18720,39,136.7143,0.7519,137.4662,0.5571,1.7949,0.1538,1,0,1,0.0256,0.0,0.0256,0,0.7692,0.2308,0.8462,30,33,39,0.1504,0.1504,1.1654,0.1538,0.1667,0.0,0.8333,0.8333,0,0,0.7778,9,7,0.5396,0.1,0.0769,0.7436,0.0256,0.2308,0.0,0.0,0.7778,0.0,0.0,0.0,0.4506,0.0,completed,,0.6029,11.939629
2303,15.0238,7.3287,0,2.0,0.3333,15,7200,70,150.0,0.0,150.0,1.0,1.5556,0.1333,0,0,0,0.0000,0.0,0.0000,0,0.8,0.2,0.8667,12,13,15,0.0,0.0,0.0,0.1333,0.0,0.5,0.5,1.0,0,0,0.6667,3,2,0.5186,0.1,0.0,0.6,0.0,0.2,0.0,0.0,0.6667,0.0,0.0,0.0,0.6931,0.0,inner_patrol,obstacle,0.6026,12.132003
2304,4.0822,1.9913,0,1.0,0.1667,15,7200,70,150.0,0.0,150.0,1.0,0.7778,0.0667,0,0,0,0.0000,0.0,0.0000,0,0.8667,0.1333,0.9333,13,14,15,0.0,0.0,0.0,0.0667,0.0,1.0,0.0,1.0,0,0,0.7143,7,5,0.5407,0.1,0.0667,0.7333,0.0667,0.4667,0.0,0.0,0.7143,0.0,0.0,0.0,-0.0,0.0,enter_inner,obstacle,0.6023,13.555955
2305,5.6733,2.7675,0,1.0,0.1667,13,6240,70,150.0,0.0,150.0,1.0,0.8974,0.0769,0,0,0,0.0000,0.0,0.0000,0,0.8462,0.1538,0.9231,11,12,13,0.0,0.0,0.0,0.0769,0.0,0.0,1.0,1.0,0,0,0.75,4,3,0.5467,0.1,0.0769,0.7692,0.0769,0.3077,0.0,0.0,0.75,0.0,0.0,0.0,-0.0,0.0,enter_inner,obstacle,0.6021,13.568328
2306,11.6505,5.6832,0,2.0,0.3333,17,8160,70,150.0,0.8883,150.8883,1.0,1.3725,0.1176,0,0,0,0.0000,0.0,0.0000,0,0.8235,0.1765,0.8235,14,14,17,0.4441,0.4441,1.3768,0.1765,0.3333,0.3333,0.3333,0.6667,0,0,0.625,8,5,0.5567,0.1,0.1176,0.8235,0.0588,0.4706,0.0,0.0,0.625,0.0,0.0,0.0,1.0986,0.0,inner_patrol,obstacle,0.6018,12.657176
2307,13.3349,6.5048,0,2.0,0.3333,18,8640,70,150.0,1.4596,151.4596,1.0,1.2963,0.1111,1,0,1,0.0556,0.0,0.0556,0,0.7778,0.2222,0.7778,14,14,18,0.7298,0.7298,2.2624,0.2222,0.5,0.25,0.25,0.5,0,0,0.6,5,3,0.5544,0.1,0.1667,0.7778,0.0,0.2778,0.0,0.0,0.6,0.0,0.0,0.0,1.0397,0.0,inner_patrol,obstacle,0.6015,11.21419
2308,37.4585,18.2725,0,4.0,0.6667,29,13920,70,150.0,0.0,150.0,1.0,1.6092,0.1379,0,0,0,0.0000,0.0,0.0000,0,0.6897,0.3103,0.7931,20,23,29,0.0,0.0,0.0,0.2069,0.0,0.5,0.5,1.0,0,0,0.5556,9,5,0.574,0.1,0.1724,0.7586,0.069,0.3103,0.0,0.0,0.5556,0.0,0.0,0.0,0.6931,0.0,outer_patrol_b,road_edge,0.6013,10.478179
2309,4.3395,2.1169,0,1.0,0.1667,16,7680,70,150.0,0.0,150.0,1.0,0.7292,0.0625,1,0,1,0.0625,0.0,0.0625,0,0.8125,0.1875,0.875,13,14,16,0.0,0.0,0.0,0.125,0.0,0.5,0.5,1.0,0,0,0.5,6,3,0.5697,0.1,0.125,0.8125,0.125,0.375,0.0,0.0,0.5,0.0,0.0,0.0,0.6931,0.0,enter_inner,obstacle,0.601,9.414024
2310,86.0,49.762,1,6.0,1.0,41,19680,41,137.5714,1.5481,139.1195,0.5857,1.7073,0.1463,0,0,0,0.0000,0.0,0.0000,0,0.7561,0.2439,0.8049,31,33,41,0.3096,0.3096,2.3995,0.1951,0.25,0.25,0.5,0.75,0,0,0.6667,9,6,0.5714,0.1,0.122,0.6829,0.0732,0.2195,0.0,0.0,0.6667,0.0,0.0,0.0,1.0397,0.0,completed,,0.6007,7.681872
2311,27.4307,13.3808,0,3.0,0.5,26,12480,70,150.0,0.6463,150.6463,1.0,1.3462,0.1154,0,0,0,0.0000,0.0,0.0000,0,0.8077,0.1923,0.8462,21,22,26,0.2154,0.2154,1.0017,0.1538,0.25,0.0,0.75,0.75,0,0,0.7273,11,8,0.5684,0.1,0.1538,0.8077,0.0385,0.4231,0.0,0.0,0.7273,0.0,0.0,0.0,0.5623,0.0,return_outer,obstacle,0.6005,10.077052
2312,65.7852,32.0904,0,5.0,0.8333,44,21120,70,150.0,0.0,150.0,1.0,1.3258,0.1136,0,0,0,0.0000,0.0,0.0000,0,0.8182,0.1818,0.8409,36,37,44,0.0,0.0,0.0,0.1591,0.0,0.1429,0.8571,1.0,0,0,0.4118,17,7,0.6066,0.1,0.2045,0.7727,0.1591,0.3864,0.0,0.0,0.4118,0.0,0.0,0.0,0.4101,0.0,final_park,wall,0.6002,11.157684
2313,86.0,49.2384,1,6.0,1.0,40,19200,40,137.1429,2.192,139.3348,0.5714,1.75,0.15,1,0,1,0.0250,0.0,0.0250,0,0.775,0.225,0.825,31,33,40,0.4384,0.4384,3.3975,0.175,0.4286,0.1429,0.4286,0.5714,0,0,0.9,10,9,0.5563,0.1,0.075,0.775,0.05,0.25,0.0,0.0,0.9,0.0,0.0,0.0,1.0042,0.0,completed,,0.5999,14.085275
2314,15.1031,7.3674,0,2.0,0.3333,25,12000,70,150.0,2.1249,152.1249,1.0,0.9333,0.08,0,0,0,0.0000,0.0,0.0000,0,0.8,0.2,0.84,20,21,25,1.0625,1.0625,3.2936,0.16,0.75,0.0,0.25,0.25,0,0,0.6667,9,6,0.5651,0.1,0.2,0.76,0.04,0.36,0.0,0.0,0.6667,0.0,0.0,0.0,0.5623,0.0,inner_patrol,obstacle,0.5996,13.275873
2315,86.0,50.6842,1,6.0,1.0,40,19200,40,137.1429,0.8097,137.9526,0.5714,1.75,0.15,1,0,1,0.0250,0.0,0.0250,0,0.85,0.15,0.875,34,35,40,0.1619,0.1619,1.255,0.125,0.2,0.0,0.8,0.8,0,0,0.7692,13,10,0.5448,0.1,0.1,0.75,0.0,0.325,0.0,0.0,0.7692,0.0,0.0,0.0,0.5004,0.0,completed,,0.5994,12.62545
2316,40.4082,19.7113,0,4.0,0.6667,24,11520,70,150.0,0.0,150.0,1.0,1.9444,0.1667,1,0,1,0.0417,0.0,0.0417,0,0.7917,0.2083,0.8333,19,20,24,0.0,0.0,0.0,0.1667,0.0,0.25,0.75,1.0,0,0,0.6667,3,2,0.5609,0.1,0.125,0.7083,0.0417,0.125,0.0,0.0,0.6667,0.0,0.0,0.0,0.5623,0.0,outer_patrol_b,road_edge,0.5991,12.023802
2317,86.0,52.388,1,6.0,1.0,38,18240,38,136.2857,0.7988,137.0845,0.5429,1.8421,0.1579,0,0,0,0.0000,0.0,0.0000,0,0.8158,0.1842,0.8158,31,31,38,0.1598,0.1598,1.2381,0.1842,0.1429,0.0,0.8571,0.8571,0,0,0.75,12,9,0.5745,0.1,0.1053,0.8684,0.0789,0.3158,0.0,0.0,0.75,0.0,0.0,0.0,0.4101,0.0,completed,,0.5988,13.334873
2318,19.2863,9.4079,0,3.0,0.5,28,13440,70,150.0,3.2955,153.2955,1.0,1.25,0.1071,1,0,1,0.0357,0.0,0.0357,0,0.7143,0.2857,0.7857,20,22,28,1.0985,1.0985,5.1081,0.2143,0.6667,0.0,0.3333,0.3333,0,0,0.7692,13,10,0.6043,0.1,0.25,0.8214,0.1071,0.4643,0.0,0.0,0.7692,0.0,0.0,0.0,0.6365,0.0,return_outer,obstacle,0.5986,13.85353
2319,12.5011,6.0981,0,2.0,0.3333,17,8160,70,150.0,0.6088,150.6088,1.0,1.3725,0.1176,1,0,1,0.0588,0.0,0.0588,0,0.8235,0.1765,0.8824,14,15,17,0.3044,0.3044,0.9436,0.1176,0.5,0.5,0.0,0.5,0,0,0.875,8,7,0.5466,0.1,0.0588,0.8824,0.0588,0.4706,0.0,0.0,0.875,0.0,0.0,0.0,0.6931,0.0,inner_patrol,obstacle,0.5983,12.64691
2320,38.4342,18.7484,0,4.0,0.6667,25,12000,70,150.0,0.0,150.0,1.0,1.8667,0.16,1,0,1,0.0400,0.0,0.0400,0,0.72,0.28,0.84,18,21,25,0.0,0.0,0.0,0.16,0.0,0.5,0.5,1.0,0,0,0.8571,7,6,0.5728,0.1,0.08,0.76,0.04,0.28,0.0,0.0,0.8571,0.0,0.0,0.0,0.6931,0.0,outer_patrol_b,road_edge,0.598,13.777172
2321,30.4698,14.8633,0,3.0,0.5,23,11040,70,150.0,0.0,150.0,1.0,1.5217,0.1304,1,0,1,0.0435,0.0,0.0435,0,0.8261,0.1739,0.8696,19,20,23,0.0,0.0,0.0,0.1304,0.0,0.0,1.0,1.0,0,0,0.7143,7,5,0.5463,0.1,0.087,0.7826,0.0,0.3043,0.0,0.0,0.7143,0.0,0.0,0.0,-0.0,0.0,return_outer,obstacle,0.5978,12.72326
2322,14.5125,7.0792,0,2.0,0.3333,16,7680,70,150.0,0.0,150.0,1.0,1.4583,0.125,1,0,1,0.0625,0.0,0.0625,0,0.875,0.125,0.875,14,14,16,0.0,0.0,0.0,0.125,0.0,0.5,0.5,1.0,0,0,0.5,2,1,0.5165,0.1,0.0625,0.6875,0.0,0.125,0.0,0.0,0.5,0.0,0.0,0.0,0.6931,0.0,inner_patrol,obstacle,0.5975,13.103912
2323,86.0,52.6273,1,6.0,1.0,35,16800,35,135.0,0.0,135.0,0.5,2.0,0.1714,1,0,1,0.0286,0.0,0.0286,0,0.8286,0.1714,0.8571,29,30,35,0.0,0.0,0.0,0.1429,0.0,0.6,0.4,1.0,0,0,1.0,9,9,0.555,0.1,0.0857,0.7429,0.0286,0.2571,0.0,0.0,1.0,0.0,0.0,0.0,0.673,0.0,completed,,0.5972,13.366339
2324,86.0,49.125,1,6.0,1.0,43,20640,43,138.4286,0.6079,139.0365,0.6143,1.6279,0.1395,1,0,1,0.0233,0.0,0.0233,0,0.7442,0.2558,0.8837,32,38,43,0.1216,0.1216,0.9423,0.1163,0.2,0.4,0.4,0.8,0,0,0.7273,11,8,0.5353,0.1,0.0,0.6744,0.0,0.2558,0.0,0.0,0.7273,0.0,0.0,0.0,1.0549,0.0,completed,,0.5969,13.466636
2325,28.9904,14.1417,0,3.0,0.5,22,10560,70,150.0,0.7912,150.7912,1.0,1.5909,0.1364,0,0,0,0.0000,0.0,0.0000,0,0.8182,0.1818,0.8636,18,19,22,0.2637,0.2637,1.2263,0.1364,0.3333,0.3333,0.3333,0.6667,0,0,0.8,5,4,0.5396,0.1,0.1364,0.8182,0.0455,0.2273,0.0,0.0,0.8,0.0,0.0,0.0,1.0986,0.0,return_outer,obstacle,0.5967,13.257458
2326,4.9213,2.4006,0,1.0,0.1667,14,6720,70,150.0,0.0,150.0,1.0,0.8333,0.0714,0,0,0,0.0000,0.0,0.0000,0,0.9286,0.0714,0.9286,13,13,14,0.0,0.0,0.0,0.0714,0.0,1.0,0.0,1.0,0,0,0.75,4,3,0.5204,0.1,0.0,0.7857,0.0,0.2857,0.0,0.0,0.75,0.0,0.0,0.0,-0.0,0.0,enter_inner,obstacle,0.5964,12.781495
2327,86.0,50.2711,1,6.0,1.0,39,18720,39,136.7143,1.3581,138.0724,0.5571,1.7949,0.1538,1,0,1,0.0256,0.0,0.0256,0,0.7949,0.2051,0.8462,31,33,39,0.2716,0.2716,2.1051,0.1538,0.3333,0.1667,0.5,0.6667,0,0,0.875,8,7,0.5462,0.1,0.0256,0.6923,0.0256,0.2051,0.0,0.0,0.875,0.0,0.0,0.0,1.0114,0.0,completed,,0.5961,12.62014
2328,86.0,45.8391,1,6.0,1.0,48,23040,48,140.5714,2.7878,143.3593,0.6857,1.4583,0.125,0,0,0,0.0000,0.0,0.0000,0,0.7917,0.2083,0.8542,38,41,48,0.5576,0.5576,4.3211,0.1458,0.5714,0.2857,0.1429,0.4286,0,0,0.5909,22,13,0.5767,0.1,0.1875,0.7917,0.0417,0.4583,0.0,0.0,0.5909,0.0,0.0,0.0,0.9557,0.0,completed,,0.5959,11.910419
2329,53.7285,26.209,0,5.0,0.8333,43,20640,70,150.0,3.7033,153.7033,1.0,1.3566,0.1163,1,0,1,0.0233,0.0,0.0233,0,0.7907,0.2093,0.814,34,35,43,0.7407,0.7407,5.74,0.186,0.625,0.125,0.25,0.375,0,0,0.6667,15,10,0.5661,0.1,0.1395,0.7907,0.0233,0.3488,0.0,0.0,0.6667,0.0,0.0,0.0,0.9003,0.0,final_park,wall,0.5956,10.834028
2330,86.0,51.824,1,6.0,1.0,36,17280,36,135.4286,0.6587,136.0873,0.5143,1.9444,0.1667,1,0,1,0.0278,0.0,0.0278,0,0.8056,0.1944,0.8333,29,30,36,0.1317,0.1317,1.021,0.1667,0.1667,0.1667,0.6667,0.8333,0,0,1.0,10,10,0.5512,0.1,0.0833,0.7778,0.0278,0.2778,0.0,0.0,1.0,0.0,0.0,0.0,0.8676,0.0,completed,,0.5953,12.748704
2331,26.5819,12.9668,0,3.0,0.5,24,11520,70,150.0,0.8417,150.8417,1.0,1.4583,0.125,1,0,1,0.0417,0.0,0.0417,0,0.8333,0.1667,0.875,20,21,24,0.2806,0.2806,1.3047,0.125,0.3333,0.6667,0.0,0.6667,0,0,0.9,10,9,0.5756,0.1,0.0833,0.875,0.0833,0.4167,0.0,0.0,0.9,0.0,0.0,0.0,0.6365,0.0,return_outer,obstacle,0.5951,11.890268
2332,-10.0,-6.72,0,0.0,0.0,4,1920,70,150.0,0.0,150.0,1.0,0.0,0.0,1,0,1,0.2500,0.0,0.2500,0,1.0,0.0,1.0,4,4,4,0.0,0.0,0.0,0.0,0.0,0.0,0.0,0.0,0,0,0.0,1,0,0.5053,0.1,0.0,0.5,0.0,0.25,0.0,0.0,0.0,0.0,0.0,0.0,0.0,0.0,outer_patrol_a,road_edge,0.5948,12.382121
2333,4.9208,2.4004,0,1.0,0.1667,14,6720,70,150.0,0.0,150.0,1.0,0.8333,0.0714,1,0,1,0.0714,0.0,0.0714,0,0.9286,0.0714,0.9286,13,13,14,0.0,0.0,0.0,0.0714,0.0,1.0,0.0,1.0,0,0,1.0,4,4,0.5222,0.1,0.0,0.8571,0.0,0.2857,0.0,0.0,1.0,0.0,0.0,0.0,-0.0,0.0,enter_inner,obstacle,0.5945,12.835125
2334,86.0,51.1473,1,6.0,1.0,39,18720,39,136.7143,0.0,136.7143,0.5571,1.7949,0.1538,0,0,0,0.0000,0.0,0.0000,0,0.8205,0.1795,0.8718,32,34,39,0.0,0.0,0.0,0.1282,0.0,0.2,0.8,1.0,0,0,0.7273,11,8,0.5536,0.1,0.1026,0.7692,0.0513,0.2821,0.0,0.0,0.7273,0.0,0.0,0.0,0.5004,0.0,completed,,0.5943,13.986322
2335,-7.1955,-3.51,0,0.0,0.0,11,5280,70,150.0,0.0,150.0,1.0,0.0,0.0,0,0,0,0.0000,0.0,0.0000,0,0.9091,0.0909,1.0,10,11,11,0.0,0.0,0.0,0.0,0.0,0.0,0.0,0.0,0,0,0.5,2,1,0.5008,0.1,0.0,0.4545,0.0,0.1818,0.0,0.0,0.5,0.0,0.0,0.0,0.0,0.0,outer_patrol_a,road_edge,0.594,12.321654
2336,86.0,46.7016,1,6.0,1.0,43,20640,43,138.4286,2.8813,141.3099,0.6143,1.6279,0.1395,1,0,1,0.0233,0.0,0.0233,0,0.6977,0.3023,0.814,30,35,43,0.5763,0.5763,4.4661,0.186,0.5,0.125,0.375,0.5,0,0,0.9333,15,14,0.568,0.1,0.093,0.8372,0.0698,0.3488,0.0,0.0,0.9333,0.0,0.0,0.0,0.9743,0.0,completed,,0.5937,11.759058
2337,86.0,50.1334,1,6.0,1.0,43,20640,43,138.4286,0.7537,139.1823,0.6143,1.6279,0.1395,1,0,1,0.0233,0.0,0.0233,0,0.7209,0.2791,0.8372,31,36,43,0.1507,0.1507,1.1683,0.1628,0.1429,0.1429,0.7143,0.8571,0,0,0.6667,12,8,0.5702,0.1,0.1163,0.7674,0.0698,0.2791,0.0,0.0,0.6667,0.0,0.0,0.0,0.7963,0.0,completed,,0.5934,10.260417
2338,39.5728,19.3038,0,4.0,0.6667,25,12000,70,150.0,0.7787,150.7787,1.0,1.8667,0.16,0,0,0,0.0000,0.0,0.0000,0,0.8,0.2,0.84,20,21,25,0.1947,0.1947,1.2069,0.16,0.25,0.0,0.75,0.75,0,0,0.8333,6,5,0.5396,0.1,0.08,0.96,0.0,0.24,0.0,0.0,0.8333,0.0,0.0,0.0,0.5623,0.0,outer_patrol_b,road_edge,0.5932,10.293589
2339,22.5045,10.9778,0,3.0,0.5,28,13440,70,150.0,2.0182,152.0182,1.0,1.25,0.1071,1,0,1,0.0357,0.0,0.0357,0,0.7143,0.2857,0.7857,20,22,28,0.6727,0.6727,3.1282,0.2143,0.5,0.1667,0.3333,0.5,0,0,0.9,10,9,0.5862,0.1,0.1786,0.8929,0.1071,0.3571,0.0,0.0,0.9,0.0,0.0,0.0,1.0114,0.0,return_outer,obstacle,0.5929,10.459693
2340,-3.485,-1.7,0,0.0,0.0,10,4800,70,150.0,0.0,150.0,1.0,0.0,0.0,1,0,1,0.1000,0.0,0.1000,0,1.0,0.0,1.0,10,10,10,0.0,0.0,0.0,0.0,0.0,0.0,0.0,0.0,0,0,1.0,2,2,0.499,0.1,0.0,0.6,0.0,0.2,0.0,0.0,1.0,0.0,0.0,0.0,0.0,0.0,outer_patrol_a,road_edge,0.5926,10.981566
2341,63.0527,30.7574,0,5.0,0.8333,40,19200,70,150.0,0.6363,150.6363,1.0,1.4583,0.125,0,0,0,0.0000,0.0,0.0000,0,0.775,0.225,0.825,31,33,40,0.1273,0.1273,0.9862,0.175,0.1429,0.4286,0.4286,0.8571,0,0,0.7143,14,10,0.5721,0.1,0.15,0.8,0.075,0.35,0.0,0.0,0.7143,0.0,0.0,0.0,1.0042,0.0,final_park,wall,0.5924,10.465886
2342,3.4844,1.6997,0,1.0,0.1667,16,7680,70,150.0,0.0,150.0,1.0,0.7292,0.0625,1,0,1,0.0625,0.0,0.0625,0,0.8125,0.1875,0.9375,13,15,16,0.0,0.0,0.0,0.0625,0.0,0.0,1.0,1.0,0,0,0.0,2,0,0.5066,0.1,0.0625,0.75,0.0,0.125,0.0,0.0,0.0,0.0,0.0,0.0,-0.0,0.0,enter_inner,obstacle,0.5921,10.280535
2343,86.0,51.5455,1,6.0,1.0,38,18240,38,136.2857,0.6956,136.9813,0.5429,1.8421,0.1579,1,0,1,0.0263,0.0,0.0263,0,0.8158,0.1842,0.8421,31,32,38,0.1391,0.1391,1.0782,0.1579,0.1667,0.3333,0.5,0.8333,0,0,0.7778,9,7,0.5512,0.1,0.0789,0.7632,0.0526,0.2368,0.0,0.0,0.7778,0.0,0.0,0.0,1.0114,0.0,completed,,0.5918,12.030987
2344,86.0,52.1261,1,6.0,1.0,39,18720,39,136.7143,0.6433,137.3576,0.5571,1.7949,0.1538,0,0,0,0.0000,0.0,0.0000,0,0.7436,0.2564,0.7949,29,31,39,0.1287,0.1287,0.9972,0.2051,0.125,0.125,0.75,0.875,0,0,0.5714,7,4,0.5598,0.1,0.1026,0.6923,0.0513,0.1795,0.0,0.0,0.5714,0.0,0.0,0.0,0.7356,0.0,completed,,0.5916,12.557373
2345,-1.4555,-0.71,0,0.0,0.0,11,5280,70,150.0,0.0,150.0,1.0,0.0,0.0,1,0,1,0.0909,0.0,0.0909,0,0.9091,0.0909,1.0,10,11,11,0.0,0.0,0.0,0.0,0.0,0.0,0.0,0.0,0,0,0.5,2,1,0.5026,0.1,0.0,0.6364,0.0,0.1818,0.0,0.0,0.5,0.0,0.0,0.0,0.0,0.0,outer_patrol_a,road_edge,0.5913,13.065672
2346,-10.0,-9.93,0,0.0,0.0,1,480,70,150.0,0.0,150.0,1.0,0.0,0.0,1,0,1,1.0000,0.0,1.0000,0,1.0,0.0,1.0,1,1,1,0.0,0.0,0.0,0.0,0.0,0.0,0.0,0.0,0,0,0.0,1,0,0.5336,0.1,0.0,1.0,0.0,1.0,0.0,0.0,0.0,0.0,0.0,0.0,0.0,0.0,outer_patrol_a,road_edge,0.591,13.065672
2347,86.0,48.1161,1,6.0,1.0,42,20160,42,138.0,2.3548,140.3548,0.6,1.6667,0.1429,0,0,0,0.0000,0.0,0.0000,0,0.8095,0.1905,0.8571,34,36,42,0.471,0.471,3.6499,0.1429,0.5,0.1667,0.3333,0.5,0,0,0.7692,13,10,0.5548,0.1,0.0952,0.7381,0.0238,0.3095,0.0,0.0,0.7692,0.0,0.0,0.0,1.0114,0.0,completed,,0.5907,10.699589
2348,86.0,47.9643,1,6.0,1.0,45,21600,45,139.2857,1.5768,140.8625,0.6429,1.5556,0.1333,1,0,1,0.0222,0.0,0.0222,0,0.8,0.2,0.8667,36,39,45,0.3154,0.3154,2.444,0.1333,0.3333,0.0,0.6667,0.6667,0,0,0.6875,16,11,0.5493,0.1,0.0444,0.8,0.0,0.3556,0.0,0.0,0.6875,0.0,0.0,0.0,0.6365,0.0,completed,,0.5905,12.339836
2349,60.4141,29.4703,0,5.0,0.8333,41,19680,70,150.0,0.7793,150.7793,1.0,1.4228,0.122,1,0,1,0.0244,0.0,0.0244,0,0.7561,0.2439,0.8537,31,35,41,0.1559,0.1559,1.2079,0.1463,0.1667,0.3333,0.5,0.8333,0,0,0.6667,12,8,0.5552,0.1,0.122,0.8049,0.0244,0.2927,0.0,0.0,0.6667,0.0,0.0,0.0,1.0114,0.0,final_park,wall,0.5902,13.021039
2350,15.2617,7.4447,0,2.0,0.3333,19,9120,70,150.0,0.6799,150.6799,1.0,1.2281,0.1053,1,0,1,0.0526,0.0,0.0526,0,0.7368,0.2632,0.7895,14,15,19,0.3399,0.3399,1.0538,0.2105,0.25,0.0,0.75,0.75,0,0,0.6667,6,4,0.5832,0.1,0.2105,0.8421,0.1053,0.3158,0.0,0.0,0.6667,0.0,0.0,0.0,0.5623,0.0,inner_patrol,obstacle,0.5899,14.601338
2351,86.0,49.726,1,6.0,1.0,42,20160,42,138.0,1.612,139.612,0.6,1.6667,0.1429,1,0,1,0.0238,0.0,0.0238,0,0.8095,0.1905,0.8333,34,35,42,0.3224,0.3224,2.4985,0.1905,0.25,0.25,0.5,0.75,0,0,0.5833,12,7,0.5485,0.1,0.0952,0.7857,0.0238,0.2857,0.0,0.0,0.5833,0.0,0.0,0.0,1.0397,0.0,completed,,0.5897,11.862874
2352,86.0,52.2172,1,6.0,1.0,39,18720,39,136.7143,0.0,136.7143,0.5571,1.7949,0.1538,1,0,1,0.0256,0.0,0.0256,0,0.8205,0.1795,0.8718,32,34,39,0.0,0.0,0.0,0.1282,0.0,0.2,0.8,1.0,0,0,0.7,10,7,0.5396,0.1,0.0256,0.8974,0.0,0.2564,0.0,0.0,0.7,0.0,0.0,0.0,0.5004,0.0,completed,,0.5894,12.045183
2353,-10.0,-7.79,0,0.0,0.0,3,1440,70,150.0,0.0,150.0,1.0,0.0,0.0,1,0,1,0.3333,0.0,0.3333,0,1.0,0.0,1.0,3,3,3,0.0,0.0,0.0,0.0,0.0,0.0,0.0,0.0,0,0,0.0,0,0,0.4793,0.1,0.0,0.0,0.0,0.0,0.0,0.0,0.0,0.0,0.0,0.0,0.0,0.0,outer_patrol_a,road_edge,0.5891,11.550422
2354,86.0,47.8042,1,6.0,1.0,41,19680,41,137.5714,2.3687,139.9402,0.5857,1.7073,0.1463,0,0,0,0.0000,0.0,0.0000,0,0.7561,0.2439,0.8293,31,34,41,0.4737,0.4737,3.6716,0.1707,0.4286,0.2857,0.2857,0.5714,0,0,1.0,11,11,0.5465,0.1,0.0732,0.6829,0.0,0.2683,0.0,0.0,1.0,0.0,0.0,0.0,1.079,0.0,completed,,0.5889,10.164872
2355,5.2666,2.5691,0,1.0,0.1667,15,7200,70,150.0,0.0,150.0,1.0,0.7778,0.0667,0,0,0,0.0000,0.0,0.0000,0,0.8,0.2,0.8667,12,13,15,0.0,0.0,0.0,0.1333,0.0,0.0,1.0,1.0,0,0,0.8333,6,5,0.5467,0.1,0.0667,0.6667,0.0667,0.4,0.0,0.0,0.8333,0.0,0.0,0.0,-0.0,0.0,enter_inner,obstacle,0.5886,9.162353
2356,-10.0,-7.79,0,0.0,0.0,3,1440,70,150.0,0.0,150.0,1.0,0.0,0.0,1,0,1,0.3333,0.0,0.3333,0,1.0,0.0,1.0,3,3,3,0.0,0.0,0.0,0.0,0.0,0.0,0.0,0.0,0,0,0.0,0,0,0.4783,0.1,0.0,0.6667,0.0,0.0,0.0,0.0,0.0,0.0,0.0,0.0,0.0,0.0,outer_patrol_a,road_edge,0.5883,8.855028
2357,38.0063,18.5397,0,4.0,0.6667,26,12480,70,150.0,0.0,150.0,1.0,1.7949,0.1538,1,0,1,0.0385,0.0,0.0385,0,0.8077,0.1923,0.8462,21,22,26,0.0,0.0,0.0,0.1538,0.0,0.75,0.25,1.0,0,0,0.7273,11,8,0.5605,0.1,0.1923,0.7692,0.0,0.4231,0.0,0.0,0.7273,0.0,0.0,0.0,0.5623,0.0,outer_patrol_b,road_edge,0.5881,7.174616
2358,3.2383,1.5796,0,1.0,0.1667,16,7680,70,150.0,0.0,150.0,1.0,0.7292,0.0625,1,0,1,0.0625,0.0,0.0625,0,0.8125,0.1875,0.9375,13,15,16,0.0,0.0,0.0,0.0625,0.0,1.0,0.0,1.0,0,0,0.25,4,1,0.5202,0.1,0.0625,0.5625,0.0,0.25,0.0,0.0,0.25,0.0,0.0,0.0,-0.0,0.0,enter_inner,obstacle,0.5878,7.535763
2359,-0.6961,-0.3395,0,1.0,0.1667,20,9600,70,150.0,0.6129,150.6129,1.0,0.5833,0.05,0,0,0,0.0000,0.0,0.0000,0,0.75,0.25,0.9,15,18,20,0.6129,0.6129,0.9499,0.1,0.5,0.0,0.5,0.5,0,0,0.5,6,3,0.5382,0.1,0.1,0.65,0.05,0.3,0.0,0.0,0.5,0.0,0.0,0.0,0.6931,0.0,enter_inner,obstacle,0.5875,7.448029
2360,86.0,50.6589,1,6.0,1.0,37,17760,37,135.8571,1.4986,137.3557,0.5286,1.8919,0.1622,1,0,1,0.0270,0.0,0.0270,0,0.8378,0.1622,0.8649,31,32,37,0.2997,0.2997,2.3228,0.1351,0.4,0.0,0.6,0.6,0,0,0.8571,7,6,0.5448,0.1,0.027,0.7838,0.027,0.1892,0.0,0.0,0.8571,0.0,0.0,0.0,0.673,0.0,completed,,0.5872,11.153822
2361,86.0,50.7056,1,6.0,1.0,43,20640,43,138.4286,0.0,138.4286,0.6143,1.6279,0.1395,1,0,1,0.0233,0.0,0.0233,0,0.7442,0.2558,0.8372,32,36,43,0.0,0.0,0.0,0.1628,0.0,0.2857,0.7143,1.0,0,0,0.5833,12,7,0.5618,0.1,0.093,0.8372,0.0698,0.2791,0.0,0.0,0.5833,0.0,0.0,0.0,0.5983,0.0,completed,,0.587,15.661229
2362,86.0,51.268,1,6.0,1.0,38,18240,38,136.2857,0.0,136.2857,0.5429,1.8421,0.1579,1,0,1,0.0263,0.0,0.0263,0,0.7895,0.2105,0.8421,30,32,38,0.0,0.0,0.0,0.1579,0.0,0.6667,0.3333,1.0,0,0,0.8182,11,9,0.5573,0.1,0.1316,0.7368,0.0526,0.2895,0.0,0.0,0.8182,0.0,0.0,0.0,0.6365,0.0,completed,,0.5867,13.753678
2363,86.0,47.1416,1,6.0,1.0,45,21600,45,139.2857,2.1325,141.4182,0.6429,1.5556,0.1333,1,0,1,0.0222,0.0,0.0222,0,0.7333,0.2667,0.8444,33,38,45,0.4265,0.4265,3.3054,0.1556,0.4286,0.1429,0.4286,0.5714,0,0,0.8182,11,9,0.5539,0.1,0.0667,0.7556,0.0222,0.2444,0.0,0.0,0.8182,0.0,0.0,0.0,1.0042,0.0,completed,,0.5864,9.148298
2364,25.917,12.6424,0,3.0,0.5,27,12960,70,150.0,0.6692,150.6692,1.0,1.2963,0.1111,0,0,0,0.0000,0.0,0.0000,0,0.7778,0.2222,0.8889,21,24,27,0.2231,0.2231,1.0372,0.1111,0.3333,0.0,0.6667,0.6667,0,0,0.6667,9,6,0.5577,0.1,0.0741,0.8519,0.037,0.3333,0.0,0.0,0.6667,0.0,0.0,0.0,0.6365,0.0,return_outer,obstacle,0.5862,10.825536
2365,86.0,50.1715,1,6.0,1.0,41,19680,41,137.5714,0.6532,138.2247,0.5857,1.7073,0.1463,1,0,1,0.0244,0.0,0.0244,0,0.8293,0.1707,0.878,34,36,41,0.1306,0.1306,1.0125,0.122,0.2,0.0,0.8,0.8,0,0,0.6667,9,6,0.5484,0.1,0.0976,0.6341,0.0,0.2195,0.0,0.0,0.6667,0.0,0.0,0.0,0.5004,0.0,completed,,0.5859,10.906245
2366,27.6761,13.5005,0,3.0,0.5,23,11040,70,150.0,0.6432,150.6432,1.0,1.5217,0.1304,0,0,0,0.0000,0.0,0.0000,0,0.7826,0.2174,0.8261,18,19,23,0.2144,0.2144,0.997,0.1739,0.25,0.75,0.0,0.75,0,0,0.8571,7,6,0.5752,0.1,0.1304,0.7391,0.087,0.3043,0.0,0.0,0.8571,0.0,0.0,0.0,0.5623,0.0,return_outer,obstacle,0.5856,11.847137
2367,40.9714,19.9861,0,4.0,0.6667,24,11520,70,150.0,0.6085,150.6085,1.0,1.9444,0.1667,0,0,0,0.0000,0.0,0.0000,0,0.8333,0.1667,0.8333,20,20,24,0.1521,0.1521,0.9431,0.1667,0.25,0.0,0.75,0.75,0,0,0.75,4,3,0.55,0.1,0.0833,0.875,0.0,0.1667,0.0,0.0,0.75,0.0,0.0,0.0,0.5623,0.0,outer_patrol_b,road_edge,0.5854,10.892596
2368,86.0,48.7043,1,6.0,1.0,40,19200,40,137.1429,3.503,140.6459,0.5714,1.75,0.15,1,0,1,0.0250,0.0,0.0250,0,0.775,0.225,0.775,31,31,40,0.7006,0.7006,5.4297,0.225,0.5556,0.0,0.4444,0.4444,0,0,0.875,8,7,0.5455,0.1,0.1,0.75,0.025,0.2,0.0,0.0,0.875,0.0,0.0,0.0,0.687,0.0,completed,,0.5851,9.696484
2369,86.0,51.2936,1,6.0,1.0,39,18720,39,136.7143,0.7406,137.4549,0.5571,1.7949,0.1538,1,0,1,0.0256,0.0,0.0256,0,0.7692,0.2308,0.8205,30,32,39,0.1481,0.1481,1.148,0.1795,0.1429,0.1429,0.7143,0.8571,0,0,0.8462,13,11,0.5535,0.1,0.1026,0.7692,0.0513,0.3333,0.0,0.0,0.8462,0.0,0.0,0.0,0.7963,0.0,completed,,0.5848,10.50941
2370,15.0962,7.364,0,2.0,0.3333,26,12480,70,150.0,3.002,153.002,1.0,0.8974,0.0769,1,0,1,0.0385,0.0,0.0385,0,0.7692,0.2308,0.8462,20,22,26,1.501,1.501,4.6531,0.1538,1.0,0.0,0.0,0.0,0,0,0.8,5,4,0.5625,0.1,0.1154,0.8846,0.0385,0.1923,0.0,0.0,0.8,0.0,0.0,0.0,-0.0,0.0,inner_patrol,obstacle,0.5845,10.915851
2371,86.0,47.1004,1,6.0,1.0,43,20640,43,138.4286,2.7902,141.2188,0.6143,1.6279,0.1395,0,0,0,0.0000,0.0,0.0000,0,0.7209,0.2791,0.8372,31,36,43,0.558,0.558,4.3248,0.1628,0.5714,0.1429,0.2857,0.4286,0,0,0.8125,16,13,0.5586,0.1,0.093,0.8837,0.0233,0.3721,0.0,0.0,0.8125,0.0,0.0,0.0,0.9557,0.0,completed,,0.5843,11.855905
2372,12.482,6.0888,0,2.0,0.3333,19,9120,70,150.0,0.0,150.0,1.0,1.2281,0.1053,1,0,1,0.0526,0.0,0.0526,0,0.6842,0.3158,0.8947,13,17,19,0.0,0.0,0.0,0.1053,0.0,0.5,0.5,1.0,0,0,0.4,5,2,0.5026,0.1,0.0,0.6842,0.0,0.2632,0.0,0.0,0.4,0.0,0.0,0.0,0.6931,0.0,inner_patrol,obstacle,0.584,11.360402
2373,86.0,49.3094,1,6.0,1.0,44,21120,44,138.8571,0.613,139.4702,0.6286,1.5909,0.1364,0,0,0,0.0000,0.0,0.0000,0,0.7955,0.2045,0.8409,35,37,44,0.1226,0.1226,0.9502,0.1591,0.1429,0.4286,0.4286,0.8571,0,0,0.6154,13,8,0.5566,0.1,0.1364,0.7273,0.0455,0.2955,0.0,0.0,0.6154,0.0,0.0,0.0,1.0042,0.0,completed,,0.5837,11.919921
2374,86.0,47.8954,1,6.0,1.0,45,21600,45,139.2857,1.7049,140.9906,0.6429,1.5556,0.1333,0,0,0,0.0000,0.0,0.0000,0,0.6444,0.3556,0.8222,29,37,45,0.341,0.341,2.6426,0.1778,0.25,0.125,0.625,0.75,0,0,0.7857,14,11,0.5609,0.1,0.1333,0.8667,0.0222,0.3111,0.0,0.0,0.7857,0.0,0.0,0.0,0.9003,0.0,completed,,0.5835,12.831939
2375,86.0,50.0394,1,6.0,1.0,43,20640,43,138.4286,0.6098,139.0384,0.6143,1.6279,0.1395,0,0,0,0.0000,0.0,0.0000,0,0.8372,0.1628,0.8605,36,37,43,0.122,0.122,0.9453,0.1395,0.1667,0.3333,0.5,0.8333,0,0,0.5625,16,9,0.5499,0.1,0.093,0.8372,0.0,0.3721,0.0,0.0,0.5625,0.0,0.0,0.0,1.0114,0.0,completed,,0.5832,12.574115
2376,86.0,52.8586,1,6.0,1.0,37,17760,37,135.8571,0.0,135.8571,0.5286,1.8919,0.1622,1,0,1,0.0270,0.0,0.0270,0,0.7568,0.2432,0.8108,28,30,37,0.0,0.0,0.0,0.1892,0.0,0.4286,0.5714,1.0,0,0,0.8182,11,9,0.5639,0.1,0.1081,0.6216,0.027,0.2973,0.0,0.0,0.8182,0.0,0.0,0.0,0.6829,0.0,completed,,0.5829,13.161055
2377,86.0,49.944,1,6.0,1.0,42,20160,42,138.0,0.8631,138.8631,0.6,1.6667,0.1429,1,0,1,0.0238,0.0,0.0238,0,0.8095,0.1905,0.881,34,37,42,0.1726,0.1726,1.3378,0.119,0.2,0.2,0.6,0.8,0,0,0.7692,13,10,0.5435,0.1,0.0714,0.8095,0.0,0.3095,0.0,0.0,0.7692,0.0,0.0,0.0,0.9503,0.0,completed,,0.5827,13.345638
2378,86.0,46.6382,1,6.0,1.0,45,21600,45,139.2857,2.0754,141.3611,0.6429,1.5556,0.1333,0,0,0,0.0000,0.0,0.0000,0,0.7556,0.2444,0.8667,34,39,45,0.4151,0.4151,3.2169,0.1333,0.5,0.3333,0.1667,0.5,0,0,0.6154,13,8,0.5478,0.1,0.0667,0.8,0.0222,0.2889,0.0,0.0,0.6154,0.0,0.0,0.0,1.0114,0.0,completed,,0.5824,10.92623
2379,86.0,50.5469,1,6.0,1.0,42,20160,42,138.0,0.8478,138.8478,0.6,1.6667,0.1429,1,0,1,0.0238,0.0,0.0238,0,0.7381,0.2619,0.8095,31,34,42,0.1696,0.1696,1.3142,0.1905,0.125,0.25,0.625,0.875,0,0,0.5714,14,8,0.5704,0.1,0.1429,0.6905,0.0476,0.3333,0.0,0.0,0.5714,0.0,0.0,0.0,0.9003,0.0,completed,,0.5821,8.869017
2380,86.0,51.8603,1,6.0,1.0,41,19680,41,137.5714,0.0,137.5714,0.5857,1.7073,0.1463,0,0,0,0.0000,0.0,0.0000,0,0.7317,0.2683,0.8293,30,34,41,0.0,0.0,0.0,0.1707,0.0,0.2857,0.7143,1.0,0,0,0.6364,11,7,0.5613,0.1,0.122,0.6829,0.0488,0.2683,0.0,0.0,0.6364,0.0,0.0,0.0,0.5983,0.0,completed,,0.5819,9.274178
2381,25.9077,12.6379,0,3.0,0.5,26,12480,70,150.0,0.7841,150.7841,1.0,1.3462,0.1154,1,0,1,0.0385,0.0,0.0385,0,0.8077,0.1923,0.8846,21,23,26,0.2614,0.2614,1.2153,0.1154,0.3333,0.0,0.6667,0.6667,0,0,0.5,8,4,0.553,0.1,0.1154,0.8077,0.0385,0.3077,0.0,0.0,0.5,0.0,0.0,0.0,0.6365,0.0,return_outer,obstacle,0.5816,10.331731
2382,86.0,50.7655,1,6.0,1.0,38,18240,38,136.2857,0.7198,137.0055,0.5429,1.8421,0.1579,1,0,1,0.0263,0.0,0.0263,0,0.8158,0.1842,0.8684,31,33,38,0.144,0.144,1.1156,0.1316,0.2,0.4,0.4,0.8,0,0,0.8,10,8,0.5482,0.1,0.0789,0.7368,0.0263,0.2632,0.0,0.0,0.8,0.0,0.0,0.0,1.0549,0.0,completed,,0.5813,10.478222
2383,5.0067,2.4423,0,1.0,0.1667,14,6720,70,150.0,0.0,150.0,1.0,0.8333,0.0714,0,0,0,0.0000,0.0,0.0000,0,0.8571,0.1429,0.9286,12,13,14,0.0,0.0,0.0,0.0714,0.0,0.0,1.0,1.0,0,0,0.75,4,3,0.5381,0.1,0.0714,0.6429,0.0714,0.2857,0.0,0.0,0.75,0.0,0.0,0.0,-0.0,0.0,enter_inner,obstacle,0.581,12.061001
2384,-10.0,-4.99,0,0.0,0.0,7,3360,70,150.0,0.0,150.0,1.0,0.0,0.0,1,0,1,0.1429,0.0,0.1429,0,0.8571,0.1429,1.0,6,7,7,0.0,0.0,0.0,0.0,0.0,0.0,0.0,0.0,0,0,0.5,2,1,0.4761,0.1,0.0,0.7143,0.0,0.2857,0.0,0.0,0.5,0.0,0.0,0.0,0.0,0.0,outer_patrol_a,road_edge,0.5808,11.977971
2385,86.0,52.2064,1,6.0,1.0,37,17760,37,135.8571,0.0,135.8571,0.5286,1.8919,0.1622,0,0,0,0.0000,0.0,0.0000,0,0.7838,0.2162,0.8649,29,32,37,0.0,0.0,0.0,0.1351,0.0,0.2,0.8,1.0,0,0,0.875,8,7,0.5469,0.1,0.0811,0.7568,0.027,0.2162,0.0,0.0,0.875,0.0,0.0,0.0,0.5004,0.0,completed,,0.5805,12.146666
2386,86.0,53.0252,1,6.0,1.0,39,18720,39,136.7143,0.0,136.7143,0.5571,1.7949,0.1538,1,0,1,0.0256,0.0,0.0256,0,0.7179,0.2821,0.8205,28,32,39,0.0,0.0,0.0,0.1795,0.0,0.0,1.0,1.0,0,0,0.7273,11,8,0.5642,0.1,0.0769,0.7436,0.0513,0.2821,0.0,0.0,0.7273,0.0,0.0,0.0,-0.0,0.0,completed,,0.5802,11.483179
2387,14.4709,7.059,0,2.0,0.3333,15,7200,70,150.0,0.7115,150.7115,1.0,1.5556,0.1333,0,0,0,0.0000,0.0,0.0000,0,0.8,0.2,0.8,12,12,15,0.3557,0.3557,1.1028,0.2,0.3333,0.0,0.6667,0.6667,0,0,1.0,1,1,0.5154,0.1,0.0667,0.6,0.0,0.0667,0.0,0.0,1.0,0.0,0.0,0.0,0.6365,0.0,inner_patrol,obstacle,0.58,11.529259
2388,34.5668,16.8618,0,4.0,0.6667,28,13440,70,150.0,0.752,150.752,1.0,1.6667,0.1429,0,0,0,0.0000,0.0,0.0000,0,0.75,0.25,0.8214,21,23,28,0.188,0.188,1.1656,0.1786,0.2,0.6,0.2,0.8,0,0,0.6,10,6,0.5566,0.1,0.0357,0.8929,0.0357,0.3571,0.0,0.0,0.6,0.0,0.0,0.0,0.9503,0.0,outer_patrol_b,road_edge,0.5797,13.28797
2389,86.0,51.1704,1,6.0,1.0,41,19680,41,137.5714,0.6087,138.1801,0.5857,1.7073,0.1463,0,0,0,0.0000,0.0,0.0000,0,0.7805,0.2195,0.8537,32,35,41,0.1217,0.1217,0.9435,0.1463,0.1667,0.0,0.8333,0.8333,0,0,0.9333,15,14,0.5656,0.1,0.0976,0.7805,0.0244,0.3659,0.0,0.0,0.9333,0.0,0.0,0.0,0.4506,0.0,completed,,0.5794,13.64586
2390,19.0856,9.31,0,3.0,0.5,29,13920,70,150.0,2.3909,152.3909,1.0,1.2069,0.1034,0,0,0,0.0000,0.0,0.0000,0,0.6207,0.3793,0.7931,18,23,29,0.797,0.797,3.706,0.2069,0.5,0.1667,0.3333,0.5,0,0,0.7,10,7,0.5861,0.1,0.1724,0.8621,0.0345,0.3448,0.0,0.0,0.7,0.0,0.0,0.0,1.0114,0.0,return_outer,obstacle,0.5792,12.595442
2391,58.4128,28.494,0,5.0,0.8333,46,22080,70,150.0,0.641,150.641,1.0,1.2681,0.1087,1,0,1,0.0217,0.0,0.0217,0,0.7609,0.2391,0.8913,35,41,46,0.1282,0.1282,0.9935,0.1087,0.2,0.2,0.6,0.8,0,0,0.6,15,9,0.5457,0.1,0.0652,0.8043,0.0,0.3261,0.0,0.0,0.6,0.0,0.0,0.0,0.9503,0.0,final_park,wall,0.5789,10.305376
2392,86.0,49.2632,1,6.0,1.0,43,20640,43,138.4286,0.0,138.4286,0.6143,1.6279,0.1395,0,0,0,0.0000,0.0,0.0000,0,0.7907,0.2093,0.8837,34,38,43,0.0,0.0,0.0,0.1163,0.0,0.8,0.2,1.0,0,0,0.5,10,5,0.5597,0.1,0.0698,0.6977,0.0233,0.2326,0.0,0.0,0.5,0.0,0.0,0.0,0.5004,0.0,completed,,0.5786,10.901574
2393,2.7753,1.3538,0,1.0,0.1667,18,8640,70,150.0,0.0,150.0,1.0,0.6481,0.0556,0,0,0,0.0000,0.0,0.0000,0,0.7778,0.2222,0.8889,14,16,18,0.0,0.0,0.0,0.1111,0.0,0.0,1.0,1.0,0,0,0.4,5,2,0.5527,0.1,0.1111,0.6667,0.0556,0.2778,0.0,0.0,0.4,0.0,0.0,0.0,-0.0,0.0,enter_inner,obstacle,0.5783,11.136086
2394,0.902,0.44,0,0.0,0.0,12,5760,70,150.0,0.0,150.0,1.0,0.0,0.0,0,0,0,0.0000,0.0,0.0000,0,1.0,0.0,1.0,12,12,12,0.0,0.0,0.0,0.0,0.0,0.0,0.0,0.0,0,0,0.8,5,4,0.5103,0.1,0.0,0.8333,0.0,0.4167,0.0,0.0,0.8,0.0,0.0,0.0,0.0,0.0,outer_patrol_a,road_edge,0.5781,11.821665
2395,86.0,51.1284,1,6.0,1.0,39,18720,39,136.7143,0.6769,137.3912,0.5571,1.7949,0.1538,1,0,1,0.0256,0.0,0.0256,0,0.7692,0.2308,0.8462,30,33,39,0.1354,0.1354,1.0492,0.1538,0.1667,0.0,0.8333,0.8333,0,0,1.0,8,8,0.5615,0.1,0.0769,0.7179,0.0513,0.2051,0.0,0.0,1.0,0.0,0.0,0.0,0.4506,0.0,completed,,0.5778,13.621304
2396,86.0,47.2682,1,6.0,1.0,42,20160,42,138.0,2.1243,140.1243,0.6,1.6667,0.1429,1,0,1,0.0238,0.0,0.0238,0,0.7619,0.2381,0.8571,32,36,42,0.4249,0.4249,3.2926,0.1429,0.5,0.5,0.0,0.5,0,0,0.8889,18,16,0.5661,0.1,0.0714,0.7857,0.0,0.4286,0.0,0.0,0.8889,0.0,0.0,0.0,0.6931,0.0,completed,,0.5775,15.635536
2397,86.0,49.3623,1,6.0,1.0,42,20160,42,138.0,1.362,139.362,0.6,1.6667,0.1429,0,0,0,0.0000,0.0,0.0000,0,0.7381,0.2619,0.8571,31,36,42,0.2724,0.2724,2.1111,0.1429,0.3333,0.0,0.6667,0.6667,0,0,0.8889,9,8,0.5439,0.1,0.0714,0.6905,0.0238,0.2143,0.0,0.0,0.8889,0.0,0.0,0.0,0.6365,0.0,completed,,0.5773,13.93936
2398,5.0086,2.4432,0,1.0,0.1667,14,6720,70,150.0,0.0,150.0,1.0,0.8333,0.0714,1,0,1,0.0714,0.0,0.0714,0,0.8571,0.1429,0.9286,12,13,14,0.0,0.0,0.0,0.0714,0.0,0.0,1.0,1.0,0,0,0.5,2,1,0.4951,0.1,0.0714,0.8571,0.0,0.1429,0.0,0.0,0.5,0.0,0.0,0.0,-0.0,0.0,enter_inner,obstacle,0.577,12.006781
2399,20.8507,10.1711,0,2.0,0.3333,23,11040,70,150.0,0.0,150.0,1.0,1.0145,0.087,0,0,0,0.0000,0.0,0.0000,0,0.6522,0.3478,0.8261,15,19,23,0.0,0.0,0.0,0.1739,0.0,0.0,1.0,1.0,0,0,0.7,10,7,0.5745,0.1,0.1304,0.7826,0.087,0.4348,0.0,0.0,0.7,0.0,0.0,0.0,-0.0,0.0,inner_patrol,obstacle,0.5767,11.324739
2400,86.0,50.3124,1,6.0,1.0,40,19200,40,137.1429,1.6793,138.8221,0.5714,1.75,0.15,1,0,1,0.0250,0.0,0.0250,0,0.75,0.25,0.825,30,33,40,0.3359,0.3359,2.6029,0.175,0.2857,0.0,0.7143,0.7143,0,0,0.7778,9,7,0.5449,0.1,0.05,0.75,0.0,0.225,0.0,0.0,0.7778,0.0,0.0,0.0,0.5983,0.0,completed,,0.5765,14.584961
2401,67.8863,33.1153,0,5.0,0.8333,37,17760,70,150.0,0.0,150.0,1.0,1.5766,0.1351,1,0,1,0.0270,0.0,0.0270,0,0.7838,0.2162,0.8378,29,31,37,0.0,0.0,0.0,0.1622,0.0,0.1667,0.8333,1.0,0,0,0.7857,14,11,0.5551,0.1,0.1081,0.8108,0.027,0.3784,0.0,0.0,0.7857,0.0,0.0,0.0,0.4506,0.0,final_park,wall,0.5762,13.944676
2402,10.3901,5.0684,0,2.0,0.3333,18,8640,70,150.0,1.2849,151.2849,1.0,1.2963,0.1111,1,0,1,0.0556,0.0,0.0556,0,0.7222,0.2778,0.8333,13,15,18,0.6425,0.6425,1.9916,0.1667,0.6667,0.0,0.3333,0.3333,0,0,1.0,5,5,0.5387,0.1,0.0556,0.7222,0.0,0.2778,0.0,0.0,1.0,0.0,0.0,0.0,0.6365,0.0,inner_patrol,obstacle,0.5759,14.90882
2403,39.7347,19.3828,0,4.0,0.6667,26,12480,70,150.0,0.0,150.0,1.0,1.7949,0.1538,1,0,1,0.0385,0.0,0.0385,0,0.8077,0.1923,0.8462,21,22,26,0.0,0.0,0.0,0.1538,0.0,0.25,0.75,1.0,0,0,0.7,10,7,0.5484,0.1,0.1538,0.7692,0.0,0.3846,0.0,0.0,0.7,0.0,0.0,0.0,0.5623,0.0,outer_patrol_b,road_edge,0.5757,12.799747
2404,39.3537,19.1969,0,4.0,0.6667,25,12000,70,150.0,0.0,150.0,1.0,1.8667,0.16,1,0,1,0.0400,0.0,0.0400,0,0.72,0.28,0.84,18,21,25,0.0,0.0,0.0,0.16,0.0,0.25,0.75,1.0,0,0,0.8571,7,6,0.557,0.1,0.04,0.76,0.04,0.28,0.0,0.0,0.8571,0.0,0.0,0.0,0.5623,0.0,outer_patrol_b,road_edge,0.5754,13.168359
2405,17.0497,8.3169,0,2.0,0.3333,15,7200,70,150.0,0.0,150.0,1.0,1.5556,0.1333,1,0,1,0.0667,0.0,0.0667,0,0.8,0.2,0.8,12,12,15,0.0,0.0,0.0,0.2,0.0,0.0,1.0,1.0,0,0,0.6667,3,2,0.5403,0.1,0.1333,0.8,0.0667,0.2,0.0,0.0,0.6667,0.0,0.0,0.0,-0.0,0.0,inner_patrol,obstacle,0.5751,14.003034
2406,26.3044,12.8314,0,3.0,0.5,26,12480,70,150.0,0.711,150.711,1.0,1.3462,0.1154,1,0,1,0.0385,0.0,0.0385,0,0.7692,0.2308,0.8846,20,23,26,0.237,0.237,1.1021,0.1154,0.3333,0.0,0.6667,0.6667,0,0,0.8571,7,6,0.5583,0.1,0.0769,0.6923,0.0,0.2692,0.0,0.0,0.8571,0.0,0.0,0.0,0.6365,0.0,return_outer,obstacle,0.5748,11.001838
2407,86.0,48.6786,1,6.0,1.0,46,22080,46,139.7143,2.5112,142.2255,0.6571,1.5217,0.1304,1,0,1,0.0217,0.0,0.0217,0,0.8043,0.1957,0.8043,37,37,46,0.5022,0.5022,3.8924,0.1957,0.3333,0.0,0.6667,0.6667,0,0,0.5333,15,8,0.5946,0.1,0.1957,0.7609,0.1087,0.3261,0.0,0.0,0.5333,0.0,0.0,0.0,0.6365,0.0,completed,,0.5746,8.671925
2408,0.574,0.28,0,0.0,0.0,12,5760,70,150.0,0.0,150.0,1.0,0.0,0.0,0,0,0,0.0000,0.0,0.0000,0,0.8333,0.1667,1.0,10,12,12,0.0,0.0,0.0,0.0,0.0,0.0,0.0,0.0,0,0,1.0,2,2,0.5094,0.1,0.0,0.6667,0.0,0.1667,0.0,0.0,1.0,0.0,0.0,0.0,0.0,0.0,outer_patrol_a,road_edge,0.5743,7.529019
2409,86.0,50.0277,1,6.0,1.0,41,19680,41,137.5714,1.4424,139.0138,0.5857,1.7073,0.1463,0,0,0,0.0000,0.0,0.0000,0,0.7805,0.2195,0.8049,32,33,41,0.2885,0.2885,2.2357,0.1951,0.25,0.0,0.75,0.75,0,0,0.7692,13,10,0.565,0.1,0.122,0.7317,0.0488,0.3171,0.0,0.0,0.7692,0.0,0.0,0.0,0.5623,0.0,completed,,0.574,9.998001
2410,86.0,51.9098,1,6.0,1.0,38,18240,38,136.2857,0.6968,136.9825,0.5429,1.8421,0.1579,1,0,1,0.0263,0.0,0.0263,0,0.8421,0.1579,0.8421,32,32,38,0.1394,0.1394,1.0801,0.1579,0.1667,0.3333,0.5,0.8333,0,0,0.7,10,7,0.5531,0.1,0.1053,0.7632,0.0263,0.2632,0.0,0.0,0.7,0.0,0.0,0.0,1.0114,0.0,completed,,0.5738,11.702452
2411,86.0,51.0058,1,6.0,1.0,38,18240,38,136.2857,0.6324,136.9181,0.5429,1.8421,0.1579,1,0,1,0.0263,0.0,0.0263,0,0.8421,0.1579,0.8421,32,32,38,0.1265,0.1265,0.9802,0.1579,0.1667,0.5,0.3333,0.8333,0,0,0.8462,13,11,0.5506,0.1,0.1053,0.8158,0.0,0.3421,0.0,0.0,0.8462,0.0,0.0,0.0,1.0114,0.0,completed,,0.5735,10.780755
2412,86.0,51.3423,1,6.0,1.0,40,19200,40,137.1429,0.0,137.1429,0.5714,1.75,0.15,0,0,0,0.0000,0.0,0.0000,0,0.775,0.225,0.875,31,35,40,0.0,0.0,0.0,0.125,0.0,0.2,0.8,1.0,0,0,0.7143,7,5,0.5311,0.1,0.025,0.7,0.0,0.175,0.0,0.0,0.7143,0.0,0.0,0.0,0.5004,0.0,completed,,0.5732,12.53503
2413,28.8129,14.0551,0,3.0,0.5,25,12000,70,150.0,0.8061,150.8061,1.0,1.4,0.12,1,0,1,0.0400,0.0,0.0400,0,0.8,0.2,0.8,20,20,25,0.2687,0.2687,1.2494,0.2,0.2,0.0,0.8,0.8,0,0,0.625,8,5,0.5861,0.1,0.12,0.76,0.08,0.32,0.0,0.0,0.625,0.0,0.0,0.0,0.5004,0.0,return_outer,obstacle,0.573,11.059568
2414,3.9112,1.9079,0,1.0,0.1667,15,7200,70,150.0,0.0,150.0,1.0,0.7778,0.0667,1,0,1,0.0667,0.0,0.0667,0,0.8,0.2,0.9333,12,14,15,0.0,0.0,0.0,0.0667,0.0,1.0,0.0,1.0,0,0,0.75,4,3,0.5382,0.1,0.0667,0.6667,0.0667,0.2667,0.0,0.0,0.75,0.0,0.0,0.0,-0.0,0.0,enter_inner,obstacle,0.5727,11.67954
2415,20.1395,9.8241,0,3.0,0.5,29,13920,70,150.0,3.1238,153.1238,1.0,1.2069,0.1034,0,0,0,0.0000,0.0,0.0000,0,0.7241,0.2759,0.7586,21,22,29,1.0413,1.0413,4.8419,0.2069,0.6667,0.0,0.3333,0.3333,0,0,0.5556,9,5,0.6214,0.1,0.2414,0.8621,0.1724,0.3103,0.0,0.0,0.5556,0.0,0.0,0.0,0.6365,0.0,return_outer,red_light,0.5724,11.566007
2416,5.0109,2.4443,0,1.0,0.1667,14,6720,70,150.0,0.0,150.0,1.0,0.8333,0.0714,0,0,0,0.0000,0.0,0.0000,0,0.8571,0.1429,0.9286,12,13,14,0.0,0.0,0.0,0.0714,0.0,0.0,1.0,1.0,0,0,0.75,4,3,0.5289,0.1,0.0714,0.7143,0.0714,0.2857,0.0,0.0,0.75,0.0,0.0,0.0,-0.0,0.0,enter_inner,obstacle,0.5721,12.228801
2417,4.9155,2.3978,0,1.0,0.1667,14,6720,70,150.0,0.0,150.0,1.0,0.8333,0.0714,1,0,1,0.0714,0.0,0.0714,0,0.9286,0.0714,0.9286,13,13,14,0.0,0.0,0.0,0.0714,0.0,1.0,0.0,1.0,0,0,0.6667,6,4,0.5289,0.1,0.0714,0.8571,0.0714,0.4286,0.0,0.0,0.6667,0.0,0.0,0.0,-0.0,0.0,enter_inner,obstacle,0.5719,12.055307
2418,86.0,53.1245,1,6.0,1.0,39,18720,39,136.7143,0.0,136.7143,0.5571,1.7949,0.1538,1,0,1,0.0256,0.0,0.0256,0,0.7949,0.2051,0.8205,31,32,39,0.0,0.0,0.0,0.1795,0.0,0.1429,0.8571,1.0,0,0,0.6364,11,7,0.5546,0.1,0.0769,0.7436,0.0256,0.2821,0.0,0.0,0.6364,0.0,0.0,0.0,0.4101,0.0,completed,,0.5716,11.04538
2419,52.6419,25.679,0,5.0,0.8333,46,22080,70,150.0,2.9671,152.9671,1.0,1.2681,0.1087,0,0,0,0.0000,0.0,0.0000,0,0.7174,0.2826,0.8043,33,37,46,0.5934,0.5934,4.599,0.1957,0.4444,0.2222,0.3333,0.5556,0,0,0.8421,19,16,0.5775,0.1,0.1087,0.8478,0.0652,0.413,0.0,0.0,0.8421,0.0,0.0,0.0,1.0609,0.0,final_park,wall,0.5713,10.010699
2420,58.2951,28.4367,0,5.0,0.8333,41,19680,70,150.0,1.5828,151.5828,1.0,1.4228,0.122,1,0,1,0.0244,0.0,0.0244,0,0.8049,0.1951,0.8537,33,35,41,0.3166,0.3166,2.4533,0.1463,0.3333,0.3333,0.3333,0.6667,0,0,0.8182,11,9,0.5466,0.1,0.0732,0.7561,0.0,0.2683,0.0,0.0,0.8182,0.0,0.0,0.0,1.0986,0.0,final_park,wall,0.5711,12.015349
2421,86.0,50.2767,1,6.0,1.0,41,19680,41,137.5714,0.7101,138.2815,0.5857,1.7073,0.1463,0,0,0,0.0000,0.0,0.0000,0,0.7805,0.2195,0.878,32,36,41,0.142,0.142,1.1006,0.122,0.2,0.2,0.6,0.8,0,0,0.8571,14,12,0.5458,0.1,0.0976,0.7561,0.0,0.3415,0.0,0.0,0.8571,0.0,0.0,0.0,0.9503,0.0,completed,,0.5708,10.876808
2422,27.1933,13.265,0,3.0,0.5,27,12960,70,150.0,0.7218,150.7218,1.0,1.2963,0.1111,0,0,0,0.0000,0.0,0.0000,0,0.7778,0.2222,0.8519,21,23,27,0.2406,0.2406,1.1187,0.1481,0.25,0.0,0.75,0.75,0,0,0.6667,9,6,0.5668,0.1,0.1481,0.8148,0.037,0.3333,0.0,0.0,0.6667,0.0,0.0,0.0,0.5623,0.0,return_outer,obstacle,0.5705,11.009602
2423,86.0,51.0146,1,6.0,1.0,39,18720,39,136.7143,0.8638,137.578,0.5571,1.7949,0.1538,0,0,0,0.0000,0.0,0.0000,0,0.7692,0.2308,0.8462,30,33,39,0.1728,0.1728,1.3388,0.1538,0.1667,0.0,0.8333,0.8333,0,0,0.8,10,8,0.5351,0.1,0.0769,0.8462,0.0,0.2564,0.0,0.0,0.8,0.0,0.0,0.0,0.4506,0.0,completed,,0.5703,9.747486
2424,86.0,49.7559,1,6.0,1.0,39,18720,39,136.7143,2.1017,138.816,0.5571,1.7949,0.1538,1,0,1,0.0256,0.0,0.0256,0,0.8205,0.1795,0.8205,32,32,39,0.4203,0.4203,3.2577,0.1795,0.4286,0.2857,0.2857,0.5714,0,0,0.8,10,8,0.5626,0.1,0.1026,0.8462,0.0513,0.2564,0.0,0.0,0.8,0.0,0.0,0.0,1.079,0.0,completed,,0.57,11.534494
2425,3.398,1.6576,0,1.0,0.1667,16,7680,70,150.0,0.0,150.0,1.0,0.7292,0.0625,1,0,1,0.0625,0.0,0.0625,0,0.875,0.125,0.9375,14,15,16,0.0,0.0,0.0,0.0625,0.0,1.0,0.0,1.0,0,0,0.625,8,5,0.5531,0.1,0.0625,0.6875,0.0625,0.5,0.0,0.0,0.625,0.0,0.0,0.0,-0.0,0.0,enter_inner,obstacle,0.5697,11.298603
2426,86.0,52.0733,1,6.0,1.0,39,18720,39,136.7143,0.0,136.7143,0.5571,1.7949,0.1538,1,0,1,0.0256,0.0,0.0256,0,0.7692,0.2308,0.8718,30,34,39,0.0,0.0,0.0,0.1282,0.0,0.2,0.8,1.0,0,0,0.9091,11,10,0.5312,0.1,0.0256,0.7436,0.0,0.2821,0.0,0.0,0.9091,0.0,0.0,0.0,0.5004,0.0,completed,,0.5695,11.581113
2427,30.9253,15.0855,0,3.0,0.5,22,10560,70,150.0,0.0,150.0,1.0,1.5909,0.1364,1,0,1,0.0455,0.0,0.0455,0,0.8182,0.1818,0.8636,18,19,22,0.0,0.0,0.0,0.1364,0.0,0.3333,0.6667,1.0,0,0,0.6667,3,2,0.5352,0.1,0.0455,0.7273,0.0,0.1364,0.0,0.0,0.6667,0.0,0.0,0.0,0.6365,0.0,return_outer,obstacle,0.5692,12.279074
2428,22.3434,10.8992,0,2.0,0.3333,28,13440,70,150.0,0.8674,150.8674,1.0,0.8333,0.0714,0,0,0,0.0000,0.0,0.0000,0,0.7857,0.2143,0.8929,22,25,28,0.4337,0.4337,1.3444,0.1071,0.3333,0.0,0.6667,0.6667,0,0,0.5556,9,5,0.5572,0.1,0.0714,0.75,0.0,0.3214,0.0,0.0,0.5556,0.0,0.0,0.0,0.6365,0.0,inner_patrol,obstacle,0.5689,11.552994
2429,33.4999,16.3414,0,4.0,0.6667,33,15840,70,150.0,1.497,151.497,1.0,1.4141,0.1212,0,0,0,0.0000,0.0,0.0000,0,0.7879,0.2121,0.8182,26,27,33,0.3742,0.3742,2.3203,0.1818,0.3333,0.1667,0.5,0.6667,0,0,0.5263,19,10,0.6416,0.1,0.3333,0.9697,0.1818,0.5758,0.0,0.0,0.5263,0.0,0.0,0.0,1.0114,0.0,outer_patrol_b,road_edge,0.5686,12.957123
2430,2.419,1.18,0,0.0,0.0,14,6720,70,150.0,0.0,150.0,1.0,0.0,0.0,1,0,1,0.0714,0.0,0.0714,0,1.0,0.0,1.0,14,14,14,0.0,0.0,0.0,0.0,0.0,0.0,0.0,0.0,0,0,0.5,2,1,0.5024,0.1,0.0,0.7857,0.0,0.1429,0.0,0.0,0.5,0.0,0.0,0.0,0.0,0.0,outer_patrol_a,road_edge,0.5684,11.650378
2431,86.0,50.4031,1,6.0,1.0,39,18720,39,136.7143,1.3424,138.0567,0.5571,1.7949,0.1538,0,0,0,0.0000,0.0,0.0000,0,0.7692,0.2308,0.8462,30,33,39,0.2685,0.2685,2.0807,0.1538,0.3333,0.0,0.6667,0.6667,0,0,1.0,10,10,0.5488,0.1,0.0769,0.8718,0.0513,0.2564,0.0,0.0,1.0,0.0,0.0,0.0,0.6365,0.0,completed,,0.5681,12.285094
2432,55.5452,27.0952,0,5.0,0.8333,48,23040,70,150.0,1.5063,151.5063,1.0,1.2153,0.1042,0,0,0,0.0000,0.0,0.0000,0,0.75,0.25,0.875,36,42,48,0.3013,0.3013,2.3347,0.125,0.3333,0.0,0.6667,0.6667,0,0,0.4615,13,6,0.5515,0.1,0.0208,0.75,0.0208,0.2708,0.0,0.0,0.4615,0.0,0.0,0.0,0.6365,0.0,final_park,wall,0.5678,14.378442
2433,86.0,48.0851,1,6.0,1.0,45,21600,45,139.2857,1.4944,140.7801,0.6429,1.5556,0.1333,0,0,0,0.0000,0.0,0.0000,0,0.7333,0.2667,0.8444,33,38,45,0.2989,0.2989,2.3163,0.1556,0.2857,0.1429,0.5714,0.7143,0,0,0.6875,16,11,0.5758,0.1,0.2,0.8444,0.0444,0.3556,0.0,0.0,0.6875,0.0,0.0,0.0,0.9557,0.0,completed,,0.5676,12.065949
2434,86.0,47.0258,1,6.0,1.0,46,22080,46,139.7143,2.2407,141.955,0.6571,1.5217,0.1304,0,0,0,0.0000,0.0,0.0000,0,0.7174,0.2826,0.8261,33,38,46,0.4481,0.4481,3.4731,0.1739,0.375,0.125,0.5,0.625,0,0,0.6923,13,9,0.5827,0.1,0.1087,0.8696,0.1087,0.2826,0.0,0.0,0.6923,0.0,0.0,0.0,0.9743,0.0,completed,,0.5673,10.149729
2435,27.3261,13.3298,0,3.0,0.5,28,13440,70,150.0,0.0,150.0,1.0,1.25,0.1071,1,0,1,0.0357,0.0,0.0357,0,0.75,0.25,0.8571,21,24,28,0.0,0.0,0.0,0.1429,0.0,0.25,0.75,1.0,0,0,0.375,8,3,0.5543,0.1,0.1071,0.75,0.0357,0.2857,0.0,0.0,0.375,0.0,0.0,0.0,0.5623,0.0,return_outer,obstacle,0.567,10.498723
2436,16.6254,8.1099,0,2.0,0.3333,21,10080,70,150.0,0.0,150.0,1.0,1.1111,0.0952,0,0,0,0.0000,0.0,0.0000,0,0.8095,0.1905,0.8095,17,17,21,0.0,0.0,0.0,0.1905,0.0,0.25,0.75,1.0,0,0,0.25,8,2,0.6069,0.1,0.381,0.9524,0.1429,0.381,0.0,0.0,0.25,0.0,0.0,0.0,0.5623,0.0,inner_patrol,obstacle,0.5668,11.944887
2437,86.0,49.4546,1,6.0,1.0,41,19680,41,137.5714,1.4933,139.0648,0.5857,1.7073,0.1463,1,0,1,0.0244,0.0,0.0244,0,0.7805,0.2195,0.8049,32,33,41,0.2987,0.2987,2.3147,0.1951,0.25,0.25,0.5,0.75,0,0,0.6923,13,9,0.5668,0.1,0.1463,0.8049,0.0488,0.3171,0.0,0.0,0.6923,0.0,0.0,0.0,1.0397,0.0,completed,,0.5665,11.591952
2438,86.0,51.4846,1,6.0,1.0,40,19200,40,137.1429,0.0,137.1429,0.5714,1.75,0.15,0,0,0,0.0000,0.0,0.0000,0,0.8,0.2,0.85,32,34,40,0.0,0.0,0.0,0.15,0.0,0.5,0.5,1.0,0,0,0.6923,13,9,0.561,0.1,0.1,0.625,0.05,0.325,0.0,0.0,0.6923,0.0,0.0,0.0,0.6931,0.0,completed,,0.5662,11.166835
2439,86.0,45.9123,1,6.0,1.0,47,22560,47,140.1429,2.9951,143.1379,0.6714,1.4894,0.1277,0,0,0,0.0000,0.0,0.0000,0,0.7234,0.2766,0.8085,34,38,47,0.599,0.599,4.6424,0.1915,0.4444,0.1111,0.4444,0.5556,0,0,0.5714,14,8,0.5604,0.1,0.0638,0.8298,0.0426,0.2979,0.0,0.0,0.5714,0.0,0.0,0.0,0.965,0.0,completed,,0.5659,11.315505
2440,5.8544,2.8558,0,1.0,0.1667,13,6240,70,150.0,0.0,150.0,1.0,0.8974,0.0769,0,0,0,0.0000,0.0,0.0000,0,0.9231,0.0769,0.9231,12,12,13,0.0,0.0,0.0,0.0769,0.0,0.0,1.0,1.0,0,0,0.6667,3,2,0.5266,0.1,0.0769,0.5385,0.0,0.2308,0.0,0.0,0.6667,0.0,0.0,0.0,-0.0,0.0,enter_inner,obstacle,0.5657,11.239692
2441,-10.0,-5.98,0,0.0,0.0,6,2880,70,150.0,0.0,150.0,1.0,0.0,0.0,0,0,0,0.0000,0.0,0.0000,0,1.0,0.0,1.0,6,6,6,0.0,0.0,0.0,0.0,0.0,0.0,0.0,0.0,0,0,0.0,1,0,0.5115,0.1,0.0,0.5,0.0,0.1667,0.0,0.0,0.0,0.0,0.0,0.0,0.0,0.0,outer_patrol_a,road_edge,0.5654,10.706489
2442,86.0,52.7878,1,6.0,1.0,37,17760,37,135.8571,0.0,135.8571,0.5286,1.8919,0.1622,1,0,1,0.0270,0.0,0.0270,0,0.8108,0.1892,0.8649,30,32,37,0.0,0.0,0.0,0.1351,0.0,0.0,1.0,1.0,0,0,0.8571,7,6,0.5335,0.1,0.0541,0.8378,0.0,0.1892,0.0,0.0,0.8571,0.0,0.0,0.0,-0.0,0.0,completed,,0.5651,9.880927
2443,86.0,49.5334,1,6.0,1.0,39,18720,39,136.7143,2.1849,138.8992,0.5571,1.7949,0.1538,0,0,0,0.0000,0.0,0.0000,0,0.7692,0.2308,0.7949,30,31,39,0.437,0.437,3.3866,0.2051,0.375,0.125,0.5,0.625,0,0,0.9286,14,13,0.5816,0.1,0.1282,0.8718,0.0769,0.359,0.0,0.0,0.9286,0.0,0.0,0.0,0.9743,0.0,completed,,0.5649,9.257607
2444,86.0,50.9993,1,6.0,1.0,39,18720,39,136.7143,0.0,136.7143,0.5571,1.7949,0.1538,1,0,1,0.0256,0.0,0.0256,0,0.7179,0.2821,0.8718,28,34,39,0.0,0.0,0.0,0.1282,0.0,0.2,0.8,1.0,0,0,0.75,12,9,0.5547,0.1,0.1026,0.7692,0.0256,0.3077,0.0,0.0,0.75,0.0,0.0,0.0,0.5004,0.0,completed,,0.5646,11.937229
2445,5.8551,2.8561,0,1.0,0.1667,13,6240,70,150.0,0.0,150.0,1.0,0.8974,0.0769,1,0,1,0.0769,0.0,0.0769,0,0.9231,0.0769,0.9231,12,12,13,0.0,0.0,0.0,0.0769,0.0,0.0,1.0,1.0,0,0,0.5,2,1,0.5075,0.1,0.0769,0.6154,0.0,0.1538,0.0,0.0,0.5,0.0,0.0,0.0,-0.0,0.0,enter_inner,obstacle,0.5643,10.756862
2446,13.5159,6.5931,0,2.0,0.3333,17,8160,70,150.0,0.0,150.0,1.0,1.3725,0.1176,0,0,0,0.0000,0.0,0.0000,0,0.7647,0.2353,0.8824,13,15,17,0.0,0.0,0.0,0.1176,0.0,0.5,0.5,1.0,0,0,0.75,4,3,0.5334,0.1,0.0588,0.5294,0.0,0.2353,0.0,0.0,0.75,0.0,0.0,0.0,0.6931,0.0,inner_patrol,obstacle,0.5641,11.529574
2447,3.8815,1.8934,0,1.0,0.1667,14,6720,70,150.0,0.6063,150.6063,1.0,0.8333,0.0714,0,0,0,0.0000,0.0,0.0000,0,0.8571,0.1429,0.8571,12,12,14,0.6063,0.6063,0.9397,0.1429,0.5,0.0,0.5,0.5,0,0,0.5,2,1,0.5307,0.1,0.0714,0.6429,0.0714,0.1429,0.0,0.0,0.5,0.0,0.0,0.0,0.6931,0.0,enter_inner,obstacle,0.5638,12.346964
2448,-7.1955,-3.51,0,0.0,0.0,7,3360,70,150.0,0.0,150.0,1.0,0.0,0.0,1,0,1,0.1429,0.0,0.1429,0,1.0,0.0,1.0,7,7,7,0.0,0.0,0.0,0.0,0.0,0.0,0.0,0.0,0,0,1.0,3,3,0.512,0.1,0.0,0.8571,0.0,0.4286,0.0,0.0,1.0,0.0,0.0,0.0,0.0,0.0,outer_patrol_a,road_edge,0.5635,12.24608
2449,25.1351,12.261,0,3.0,0.5,26,12480,70,150.0,0.8961,150.8961,1.0,1.3462,0.1154,1,0,1,0.0385,0.0,0.0385,0,0.7692,0.2308,0.8846,20,23,26,0.2987,0.2987,1.389,0.1154,0.3333,0.3333,0.3333,0.6667,0,0,0.7143,7,5,0.5574,0.1,0.1154,0.6923,0.0769,0.2692,0.0,0.0,0.7143,0.0,0.0,0.0,1.0986,0.0,return_outer,obstacle,0.5633,13.266884
2450,86.0,52.5009,1,6.0,1.0,36,17280,36,135.4286,0.0,135.4286,0.5143,1.9444,0.1667,1,0,1,0.0278,0.0,0.0278,0,0.8056,0.1944,0.8611,29,31,36,0.0,0.0,0.0,0.1389,0.0,0.4,0.6,1.0,0,0,1.0,5,5,0.5372,0.1,0.0278,0.6944,0.0278,0.1389,0.0,0.0,1.0,0.0,0.0,0.0,0.673,0.0,completed,,0.563,12.451454
2451,86.0,47.2998,1,6.0,1.0,43,20640,43,138.4286,3.0124,141.441,0.6143,1.6279,0.1395,0,0,0,0.0000,0.0,0.0000,0,0.7674,0.2326,0.814,33,35,43,0.6025,0.6025,4.6693,0.186,0.5,0.0,0.5,0.5,0,0,0.8,10,8,0.5626,0.1,0.0698,0.7442,0.0233,0.2326,0.0,0.0,0.8,0.0,0.0,0.0,0.6931,0.0,completed,,0.5627,11.571976
2452,2.7208,1.3272,0,1.0,0.1667,15,7200,70,150.0,0.7587,150.7587,1.0,0.7778,0.0667,0,0,0,0.0000,0.0,0.0000,0,0.8667,0.1333,0.8667,13,13,15,0.7587,0.7587,1.1761,0.1333,0.5,0.0,0.5,0.5,0,0,0.5,4,2,0.5307,0.1,0.1333,0.8,0.0667,0.2667,0.0,0.0,0.5,0.0,0.0,0.0,0.6931,0.0,enter_inner,obstacle,0.5624,12.69683
2453,11.9993,5.8533,0,2.0,0.3333,19,9120,70,150.0,0.0,150.0,1.0,1.2281,0.1053,1,0,1,0.0526,0.0,0.0526,0,0.7368,0.2632,0.8947,14,17,19,0.0,0.0,0.0,0.1053,0.0,0.5,0.5,1.0,0,0,0.6,5,3,0.5297,0.1,0.1053,0.6842,0.0526,0.2632,0.0,0.0,0.6,0.0,0.0,0.0,0.6931,0.0,inner_patrol,obstacle,0.5622,11.875565
2454,86.0,47.1654,1,6.0,1.0,42,20160,42,138.0,2.2318,140.2318,0.6,1.6667,0.1429,1,0,1,0.0238,0.0,0.0238,0,0.6667,0.3333,0.8333,28,35,42,0.4464,0.4464,3.4593,0.1667,0.4286,0.2857,0.2857,0.5714,0,0,0.875,8,7,0.5553,0.1,0.0952,0.8095,0.0476,0.1905,0.0,0.0,0.875,0.0,0.0,0.0,1.079,0.0,completed,,0.5619,10.587892
2455,86.0,49.7562,1,6.0,1.0,44,21120,44,138.8571,1.3184,140.1755,0.6286,1.5909,0.1364,1,0,1,0.0227,0.0,0.0227,0,0.7273,0.2727,0.8182,32,36,44,0.2637,0.2637,2.0435,0.1818,0.25,0.125,0.625,0.75,0,0,0.6667,15,10,0.5816,0.1,0.1591,0.7727,0.0909,0.3409,0.0,0.0,0.6667,0.0,0.0,0.0,0.9003,0.0,completed,,0.5616,9.924409
2456,4.0725,1.9866,0,1.0,0.1667,15,7200,70,150.0,0.0,150.0,1.0,0.7778,0.0667,1,0,1,0.0667,0.0,0.0667,0,0.8667,0.1333,0.9333,13,14,15,0.0,0.0,0.0,0.0667,0.0,1.0,0.0,1.0,0,0,0.6,5,3,0.5149,0.1,0.0667,0.8667,0.0,0.3333,0.0,0.0,0.6,0.0,0.0,0.0,-0.0,0.0,enter_inner,obstacle,0.5614,9.025552
2457,62.5284,30.5017,0,5.0,0.8333,42,20160,70,150.0,0.7303,150.7303,1.0,1.3889,0.119,0,0,0,0.0000,0.0,0.0000,0,0.8095,0.1905,0.8333,34,35,42,0.1461,0.1461,1.1319,0.1667,0.1429,0.1429,0.7143,0.8571,0,0,0.5556,9,5,0.5581,0.1,0.0714,0.7143,0.0476,0.2143,0.0,0.0,0.5556,0.0,0.0,0.0,0.7963,0.0,final_park,wall,0.5611,11.451919
2458,49.0487,23.9262,0,5.0,0.8333,47,22560,70,150.0,4.1932,154.1932,1.0,1.2411,0.1064,1,0,1,0.0213,0.0,0.0213,0,0.7021,0.2979,0.8085,33,38,47,0.8386,0.8386,6.4994,0.1915,0.5556,0.2222,0.2222,0.4444,0,0,0.8333,18,15,0.5625,0.1,0.1277,0.7872,0.0213,0.383,0.0,0.0,0.8333,0.0,0.0,0.0,0.995,0.0,final_park,wall,0.5608,12.523619
2459,86.0,49.27,1,6.0,1.0,45,21600,45,139.2857,1.4019,140.6877,0.6429,1.5556,0.1333,0,0,0,0.0000,0.0,0.0000,0,0.8222,0.1778,0.8444,37,38,45,0.2804,0.2804,2.173,0.1556,0.2857,0.2857,0.4286,0.7143,0,0,0.4375,16,7,0.5837,0.1,0.1778,0.8889,0.0889,0.3556,0.0,0.0,0.4375,0.0,0.0,0.0,1.079,0.0,completed,,0.5606,14.102974
2460,37.5887,18.336,0,4.0,0.6667,30,14400,70,150.0,1.3327,151.3327,1.0,1.5556,0.1333,0,0,0,0.0000,0.0,0.0000,0,0.6667,0.3333,0.7667,20,23,30,0.3332,0.3332,2.0657,0.2333,0.2857,0.1429,0.5714,0.7143,0,0,0.8182,11,9,0.5667,0.1,0.1667,0.8667,0.0333,0.3667,0.0,0.0,0.8182,0.0,0.0,0.0,0.9557,0.0,outer_patrol_b,road_edge,0.5603,13.042404
2461,23.716,11.5688,0,3.0,0.5,28,13440,70,150.0,1.447,151.447,1.0,1.25,0.1071,1,0,1,0.0357,0.0,0.0357,0,0.7143,0.2857,0.8214,20,23,28,0.4823,0.4823,2.2428,0.1786,0.4,0.2,0.4,0.6,0,0,0.5,8,4,0.5751,0.1,0.1786,0.8571,0.0714,0.2857,0.0,0.0,0.5,0.0,0.0,0.0,1.0549,0.0,return_outer,obstacle,0.56,13.054323
2462,86.0,49.9203,1,6.0,1.0,41,19680,41,137.5714,0.8099,138.3813,0.5857,1.7073,0.1463,1,0,1,0.0244,0.0,0.0244,0,0.7805,0.2195,0.8537,32,35,41,0.162,0.162,1.2553,0.1463,0.1667,0.1667,0.6667,0.8333,0,0,0.8667,15,13,0.5598,0.1,0.1463,0.8537,0.0,0.3659,0.0,0.0,0.8667,0.0,0.0,0.0,0.8676,0.0,completed,,0.5597,11.038961
2463,-2.5119,-1.2253,0,1.0,0.1667,21,10080,70,150.0,1.5794,151.5794,1.0,0.5556,0.0476,0,0,0,0.0000,0.0,0.0000,0,0.8095,0.1905,0.9048,17,19,21,1.5794,1.5794,2.448,0.0952,1.0,0.0,0.0,0.0,0,0,0.4444,9,4,0.6052,0.1,0.3333,0.8095,0.1429,0.4286,0.0,0.0,0.4444,0.0,0.0,0.0,-0.0,0.0,enter_inner,obstacle,0.5595,10.570701
2464,86.0,48.4062,1,6.0,1.0,46,22080,46,139.7143,0.6358,140.3501,0.6571,1.5217,0.1304,1,0,1,0.0217,0.0,0.0217,0,0.7174,0.2826,0.8913,33,41,46,0.1272,0.1272,0.9854,0.1087,0.2,0.0,0.8,0.8,0,0,0.6667,12,8,0.535,0.1,0.0435,0.8043,0.0,0.2609,0.0,0.0,0.6667,0.0,0.0,0.0,0.5004,0.0,completed,,0.5592,11.798694
2465,86.0,49.0197,1,6.0,1.0,44,21120,44,138.8571,0.0,138.8571,0.6286,1.5909,0.1364,0,0,0,0.0000,0.0,0.0000,0,0.7273,0.2727,0.8864,32,39,44,0.0,0.0,0.0,0.1136,0.0,0.6,0.4,1.0,0,0,0.75,12,9,0.5392,0.1,0.1136,0.7727,0.0,0.2727,0.0,0.0,0.75,0.0,0.0,0.0,0.673,0.0,completed,,0.5589,10.169953
2466,86.0,52.2584,1,6.0,1.0,39,18720,39,136.7143,0.0,136.7143,0.5571,1.7949,0.1538,1,0,1,0.0256,0.0,0.0256,0,0.7692,0.2308,0.8718,30,34,39,0.0,0.0,0.0,0.1538,0.0,0.3333,0.6667,1.0,0,0,0.75,8,6,0.5453,0.1,0.1026,0.7692,0.0256,0.2051,0.0,0.0,0.75,0.0,0.0,0.0,0.6365,0.0,completed,,0.5587,9.44758
2467,58.6188,28.5945,0,5.0,0.8333,40,19200,70,150.0,2.3176,152.3176,1.0,1.4583,0.125,0,0,0,0.0000,0.0,0.0000,0,0.775,0.225,0.825,31,33,40,0.4635,0.4635,3.5923,0.175,0.4286,0.0,0.5714,0.5714,0,0,0.75,12,9,0.5571,0.1,0.125,0.8,0.025,0.3,0.0,0.0,0.75,0.0,0.0,0.0,0.6829,0.0,final_park,wall,0.5584,10.843845
2468,86.0,52.6201,1,6.0,1.0,37,17760,37,135.8571,0.0,135.8571,0.5286,1.8919,0.1622,0,0,0,0.0000,0.0,0.0000,0,0.8108,0.1892,0.8378,30,31,37,0.0,0.0,0.0,0.1622,0.0,0.1667,0.8333,1.0,0,0,0.75,8,6,0.5619,0.1,0.1081,0.7568,0.0541,0.2162,0.0,0.0,0.75,0.0,0.0,0.0,0.4506,0.0,completed,,0.5581,12.851994
2469,86.0,51.7713,1,6.0,1.0,38,18240,38,136.2857,0.0,136.2857,0.5429,1.8421,0.1579,1,0,1,0.0263,0.0,0.0263,0,0.8158,0.1842,0.8684,31,33,38,0.0,0.0,0.0,0.1316,0.0,0.4,0.6,1.0,0,0,0.9091,11,10,0.5483,0.1,0.1053,0.8684,0.0263,0.2895,0.0,0.0,0.9091,0.0,0.0,0.0,0.673,0.0,completed,,0.5579,11.409227
2470,86.0,52.8125,1,6.0,1.0,36,17280,36,135.4286,0.0,135.4286,0.5143,1.9444,0.1667,0,0,0,0.0000,0.0,0.0000,0,0.8056,0.1944,0.8611,29,31,36,0.0,0.0,0.0,0.1389,0.0,0.0,1.0,1.0,0,0,1.0,12,12,0.5396,0.1,0.0833,0.7222,0.0,0.3333,0.0,0.0,1.0,0.0,0.0,0.0,-0.0,0.0,completed,,0.5576,9.995085
2471,86.0,50.0466,1,6.0,1.0,43,20640,43,138.4286,1.6993,140.1279,0.6143,1.6279,0.1395,1,0,1,0.0233,0.0,0.0233,0,0.7209,0.2791,0.7907,31,34,43,0.3399,0.3399,2.634,0.2093,0.2222,0.0,0.7778,0.7778,0,0,0.6471,17,11,0.5806,0.1,0.1163,0.7907,0.093,0.3953,0.0,0.0,0.6471,0.0,0.0,0.0,0.5297,0.0,completed,,0.5573,12.332496
2472,3.5011,1.7078,0,1.0,0.1667,16,7680,70,150.0,0.0,150.0,1.0,0.7292,0.0625,1,0,1,0.0625,0.0,0.0625,0,0.8125,0.1875,0.9375,13,15,16,0.0,0.0,0.0,0.0625,0.0,0.0,1.0,1.0,0,0,0.75,4,3,0.5221,0.1,0.0,0.75,0.0,0.25,0.0,0.0,0.75,0.0,0.0,0.0,-0.0,0.0,enter_inner,obstacle,0.5571,12.317107
2473,14.0455,6.8515,0,2.0,0.3333,16,7680,70,150.0,0.6377,150.6377,1.0,1.4583,0.125,0,0,0,0.0000,0.0,0.0000,0,0.8125,0.1875,0.8125,13,13,16,0.3188,0.3188,0.9884,0.1875,0.3333,0.0,0.6667,0.6667,0,0,0.8333,6,5,0.5361,0.1,0.0625,0.625,0.0,0.375,0.0,0.0,0.8333,0.0,0.0,0.0,0.6365,0.0,inner_patrol,obstacle,0.5568,13.441887
2474,86.0,48.6744,1,6.0,1.0,41,19680,41,137.5714,2.5158,140.0872,0.5857,1.7073,0.1463,1,0,1,0.0244,0.0,0.0244,0,0.8049,0.1951,0.8293,33,34,41,0.5032,0.5032,3.8995,0.1707,0.4286,0.0,0.5714,0.5714,0,0,0.75,12,9,0.5643,0.1,0.1463,0.7805,0.0244,0.2927,0.0,0.0,0.75,0.0,0.0,0.0,0.6829,0.0,completed,,0.5565,13.973188
2475,86.0,48.3476,1,6.0,1.0,46,22080,46,139.7143,0.6842,140.3985,0.6571,1.5217,0.1304,1,0,1,0.0217,0.0,0.0217,0,0.7174,0.2826,0.8696,33,40,46,0.1368,0.1368,1.0605,0.1304,0.1667,0.1667,0.6667,0.8333,0,0,0.6429,14,9,0.5519,0.1,0.0652,0.8043,0.0217,0.3043,0.0,0.0,0.6429,0.0,0.0,0.0,0.8676,0.0,completed,,0.5562,12.015535
2476,5.0186,2.4481,0,1.0,0.1667,14,6720,70,150.0,0.0,150.0,1.0,0.8333,0.0714,1,0,1,0.0714,0.0,0.0714,0,0.8571,0.1429,0.9286,12,13,14,0.0,0.0,0.0,0.0714,0.0,0.0,1.0,1.0,0,0,0.75,4,3,0.5149,0.1,0.0714,0.4286,0.0,0.2857,0.0,0.0,0.75,0.0,0.0,0.0,-0.0,0.0,enter_inner,obstacle,0.556,10.805905
2477,86.0,52.6055,1,6.0,1.0,37,17760,37,135.8571,0.6279,136.485,0.5286,1.8919,0.1622,0,0,0,0.0000,0.0,0.0000,0,0.8108,0.1892,0.8378,30,31,37,0.1256,0.1256,0.9732,0.1622,0.1667,0.0,0.8333,0.8333,0,0,0.8,10,8,0.5432,0.1,0.0811,0.6757,0.0,0.2703,0.0,0.0,0.8,0.0,0.0,0.0,0.4506,0.0,completed,,0.5557,8.43741
2478,86.0,48.1425,1,6.0,1.0,43,20640,43,138.4286,2.4555,140.884,0.6143,1.6279,0.1395,1,0,1,0.0233,0.0,0.0233,0,0.814,0.186,0.8372,35,36,43,0.4911,0.4911,3.806,0.1628,0.4286,0.0,0.5714,0.5714,0,0,0.5714,14,8,0.5584,0.1,0.1395,0.7907,0.0233,0.3256,0.0,0.0,0.5714,0.0,0.0,0.0,0.6829,0.0,completed,,0.5554,10.929897
2479,86.0,47.6615,1,6.0,1.0,43,20640,43,138.4286,2.2483,140.6769,0.6143,1.6279,0.1395,0,0,0,0.0000,0.0,0.0000,0,0.7209,0.2791,0.814,31,35,43,0.4497,0.4497,3.4849,0.2093,0.3333,0.2222,0.4444,0.6667,0,0,0.8333,12,10,0.5824,0.1,0.1395,0.8372,0.093,0.2791,0.0,0.0,0.8333,0.0,0.0,0.0,1.0609,0.0,completed,,0.5552,11.049728
2480,64.3119,31.3717,0,4.0,0.6667,36,17280,70,150.0,0.0,150.0,1.0,1.2963,0.1111,1,0,1,0.0278,0.0,0.0278,0,0.8611,0.1389,0.8611,31,31,36,0.0,0.0,0.0,0.1389,0.0,0.0,1.0,1.0,0,0,0.75,12,9,0.5487,0.1,0.0833,0.7778,0.0278,0.3333,0.0,0.0,0.75,0.0,0.0,0.0,-0.0,0.0,outer_patrol_b,road_edge,0.5549,13.218582
2481,12.817,6.2522,0,2.0,0.3333,19,9120,70,150.0,0.0,150.0,1.0,1.2281,0.1053,0,0,0,0.0000,0.0,0.0000,0,0.7895,0.2105,0.8947,15,17,19,0.0,0.0,0.0,0.1053,0.0,0.5,0.5,1.0,0,0,0.5,4,2,0.5177,0.1,0.0,0.7895,0.0,0.2105,0.0,0.0,0.5,0.0,0.0,0.0,0.6931,0.0,inner_patrol,obstacle,0.5546,11.492145
2482,62.9447,30.7047,0,5.0,0.8333,40,19200,70,150.0,1.5335,151.5335,1.0,1.4583,0.125,0,0,0,0.0000,0.0,0.0000,0,0.775,0.225,0.8,31,32,40,0.3067,0.3067,2.3769,0.2,0.25,0.125,0.625,0.75,0,0,0.6875,16,11,0.5756,0.1,0.125,0.85,0.075,0.4,0.0,0.0,0.6875,0.0,0.0,0.0,0.9003,0.0,final_park,wall,0.5544,9.924256
2483,13.4717,6.5716,0,2.0,0.3333,20,9600,70,150.0,0.0,150.0,1.0,1.1667,0.1,1,0,1,0.0500,0.0,0.0500,0,0.75,0.25,0.85,15,17,20,0.0,0.0,0.0,0.15,0.0,0.0,1.0,1.0,0,0,0.4286,7,3,0.551,0.1,0.15,0.75,0.05,0.35,0.0,0.0,0.4286,0.0,0.0,0.0,-0.0,0.0,inner_patrol,obstacle,0.5541,9.622116
2484,86.0,46.3048,1,6.0,1.0,51,24480,51,141.8571,2.9733,144.8305,0.7286,1.3725,0.1176,0,0,0,0.0000,0.0,0.0000,0,0.7451,0.2549,0.8039,38,41,51,0.5947,0.5947,4.6086,0.1961,0.4,0.1,0.5,0.6,0,0,0.4211,19,8,0.6276,0.1,0.2745,0.8627,0.1765,0.3725,0.0,0.0,0.4211,0.0,0.0,0.0,0.9433,0.0,completed,,0.5538,10.020396
2485,56.5997,27.6096,0,4.0,0.6667,37,17760,70,150.0,0.0,150.0,1.0,1.2613,0.1081,0,0,0,0.0000,0.0,0.0000,0,0.7568,0.2432,0.8919,28,33,37,0.0,0.0,0.0,0.1081,0.0,0.25,0.75,1.0,0,0,0.6667,6,4,0.5321,0.1,0.0811,0.7838,0.0,0.1622,0.0,0.0,0.6667,0.0,0.0,0.0,0.5623,0.0,outer_patrol_b,road_edge,0.5535,11.851888
2486,25.7047,12.5389,0,3.0,0.5,29,13920,70,150.0,0.6126,150.6126,1.0,1.2069,0.1034,0,0,0,0.0000,0.0,0.0000,0,0.7241,0.2759,0.8276,21,24,29,0.2042,0.2042,0.9495,0.1724,0.2,0.4,0.4,0.8,0,0,0.6154,13,8,0.5983,0.1,0.2759,0.8621,0.069,0.4483,0.0,0.0,0.6154,0.0,0.0,0.0,1.0549,0.0,return_outer,obstacle,0.5533,11.110452
2487,40.3204,19.6685,0,4.0,0.6667,25,12000,70,150.0,0.716,150.716,1.0,1.8667,0.16,1,0,1,0.0400,0.0,0.0400,0,0.76,0.24,0.76,19,19,25,0.179,0.179,1.1098,0.24,0.1667,0.1667,0.6667,0.8333,0,0,0.8,10,8,0.5881,0.1,0.16,0.8,0.12,0.4,0.0,0.0,0.8,0.0,0.0,0.0,0.8676,0.0,outer_patrol_b,road_edge,0.553,12.026448
2488,86.0,47.3397,1,6.0,1.0,45,21600,45,139.2857,2.3287,141.6144,0.6429,1.5556,0.1333,1,0,1,0.0222,0.0,0.0222,0,0.7778,0.2222,0.8667,35,39,45,0.4657,0.4657,3.6095,0.1333,0.5,0.0,0.5,0.5,0,0,0.8,15,12,0.5568,0.1,0.1333,0.7556,0.0,0.3333,0.0,0.0,0.8,0.0,0.0,0.0,0.6931,0.0,completed,,0.5527,12.420599
2489,86.0,48.9679,1,6.0,1.0,41,19680,41,137.5714,1.9284,139.4998,0.5857,1.7073,0.1463,1,0,1,0.0244,0.0,0.0244,0,0.7561,0.2439,0.8293,31,34,41,0.3857,0.3857,2.989,0.1707,0.4286,0.1429,0.4286,0.5714,0,0,0.7778,9,7,0.5406,0.1,0.0732,0.7561,0.0,0.2195,0.0,0.0,0.7778,0.0,0.0,0.0,1.0042,0.0,completed,,0.5525,12.916956
2490,86.0,46.6898,1,6.0,1.0,45,21600,45,139.2857,3.4714,142.7571,0.6429,1.5556,0.1333,1,0,1,0.0222,0.0,0.0222,0,0.7556,0.2444,0.8222,34,37,45,0.6943,0.6943,5.3807,0.1778,0.625,0.0,0.375,0.375,0,0,0.7273,11,8,0.5652,0.1,0.1333,0.7111,0.0444,0.2444,0.0,0.0,0.7273,0.0,0.0,0.0,0.6616,0.0,completed,,0.5522,12.840702
2491,86.0,50.2965,1,6.0,1.0,42,20160,42,138.0,0.6278,138.6278,0.6,1.6667,0.1429,1,0,1,0.0238,0.0,0.0238,0,0.7619,0.2381,0.8571,32,36,42,0.1256,0.1256,0.9731,0.1429,0.1667,0.3333,0.5,0.8333,0,0,0.6,15,9,0.5628,0.1,0.119,0.7143,0.0476,0.3571,0.0,0.0,0.6,0.0,0.0,0.0,1.0114,0.0,completed,,0.5519,12.51654
2492,86.0,50.2637,1,6.0,1.0,43,20640,43,138.4286,1.3903,139.8189,0.6143,1.6279,0.1395,0,0,0,0.0000,0.0,0.0000,0,0.7907,0.2093,0.8372,34,36,43,0.2781,0.2781,2.155,0.1628,0.2857,0.1429,0.5714,0.7143,0,0,0.6875,16,11,0.589,0.1,0.1628,0.8605,0.1163,0.3721,0.0,0.0,0.6875,0.0,0.0,0.0,0.9557,0.0,completed,,0.5517,13.702645
2493,11.9526,5.8306,0,2.0,0.3333,19,9120,70,150.0,0.7685,150.7685,1.0,1.2281,0.1053,0,0,0,0.0000,0.0,0.0000,0,0.7895,0.2105,0.8421,15,16,19,0.3842,0.3842,1.1912,0.1579,0.3333,0.0,0.6667,0.6667,0,0,0.625,8,5,0.5638,0.1,0.2105,0.8947,0.0526,0.4211,0.0,0.0,0.625,0.0,0.0,0.0,0.6365,0.0,inner_patrol,obstacle,0.5514,13.593109
2494,86.0,49.7073,1,6.0,1.0,42,20160,42,138.0,1.6604,139.6604,0.6,1.6667,0.1429,0,0,0,0.0000,0.0,0.0000,0,0.7857,0.2143,0.8333,33,35,42,0.3321,0.3321,2.5737,0.1667,0.2857,0.1429,0.5714,0.7143,0,0,0.6429,14,9,0.5742,0.1,0.119,0.7619,0.0714,0.3333,0.0,0.0,0.6429,0.0,0.0,0.0,0.9557,0.0,completed,,0.5511,13.424001
2495,86.0,49.2062,1,6.0,1.0,45,21600,45,139.2857,0.844,140.1297,0.6429,1.5556,0.1333,0,0,0,0.0000,0.0,0.0000,0,0.8,0.2,0.8889,36,40,45,0.1688,0.1688,1.3082,0.1111,0.2,0.0,0.8,0.8,0,0,0.5,12,6,0.5399,0.1,0.0444,0.6667,0.0,0.2667,0.0,0.0,0.5,0.0,0.0,0.0,0.5004,0.0,completed,,0.5509,9.758204
2496,3.839,1.8727,0,1.0,0.1667,17,8160,70,150.0,0.0,150.0,1.0,0.6863,0.0588,1,0,1,0.0588,0.0,0.0588,0,0.8824,0.1176,0.8824,15,15,17,0.0,0.0,0.0,0.1176,0.0,0.5,0.5,1.0,0,0,0.2,5,1,0.5614,0.1,0.1176,0.7647,0.1176,0.2941,0.0,0.0,0.2,0.0,0.0,0.0,0.6931,0.0,enter_inner,obstacle,0.5506,9.028298
2497,12.4037,6.0506,0,2.0,0.3333,18,8640,70,150.0,0.0,150.0,1.0,1.2963,0.1111,0,0,0,0.0000,0.0,0.0000,0,0.7222,0.2778,0.8889,13,16,18,0.0,0.0,0.0,0.1111,0.0,1.0,0.0,1.0,0,0,0.5,4,2,0.5209,0.1,0.0,0.8333,0.0,0.2222,0.0,0.0,0.5,0.0,0.0,0.0,-0.0,0.0,inner_patrol,obstacle,0.5503,9.920395
2498,86.0,49.8174,1,6.0,1.0,43,20640,43,138.4286,1.3886,139.8171,0.6143,1.6279,0.1395,1,0,1,0.0233,0.0,0.0233,0,0.814,0.186,0.8372,35,36,43,0.2777,0.2777,2.1523,0.1628,0.2857,0.1429,0.5714,0.7143,0,0,0.6429,14,9,0.5711,0.1,0.1395,0.6744,0.0698,0.3256,0.0,0.0,0.6429,0.0,0.0,0.0,0.9557,0.0,completed,,0.55,11.826266
2499,86.0,49.4397,1,6.0,1.0,43,20640,43,138.4286,1.4903,139.9189,0.6143,1.6279,0.1395,1,0,1,0.0233,0.0,0.0233,0,0.7209,0.2791,0.814,31,35,43,0.2981,0.2981,2.3099,0.186,0.25,0.0,0.75,0.75,0,0,0.8,10,8,0.5615,0.1,0.1163,0.7907,0.0698,0.2326,0.0,0.0,0.8,0.0,0.0,0.0,0.5623,0.0,completed,,0.5498,12.405563
2500,-10.0,-9.93,0,0.0,0.0,1,480,70,150.0,0.0,150.0,1.0,0.0,0.0,1,0,1,1.0000,0.0,1.0000,0,1.0,0.0,1.0,1,1,1,0.0,0.0,0.0,0.0,0.0,0.0,0.0,0.0,0,0,0.0,1,0,0.5251,0.1,0.0,1.0,0.0,1.0,0.0,0.0,0.0,0.0,0.0,0.0,0.0,0.0,outer_patrol_a,road_edge,0.5495,12.405563
2501,62.954,30.7093,0,5.0,0.8333,38,18240,70,150.0,0.8668,150.8668,1.0,1.5351,0.1316,1,0,1,0.0263,0.0,0.0263,0,0.8421,0.1579,0.8684,32,33,38,0.1734,0.1734,1.3436,0.1316,0.2,0.4,0.4,0.8,0,0,0.7273,11,8,0.5485,0.1,0.0789,0.7368,0.0,0.2895,0.0,0.0,0.7273,0.0,0.0,0.0,1.0549,0.0,final_park,wall,0.5492,12.726408
2502,86.0,48.4164,1,6.0,1.0,47,22560,47,140.1429,1.5629,141.7057,0.6714,1.4894,0.1277,1,0,1,0.0213,0.0,0.0213,0,0.7447,0.2553,0.8511,35,40,47,0.3126,0.3126,2.4225,0.1489,0.2857,0.0,0.7143,0.7143,0,0,0.6111,18,11,0.5842,0.1,0.1489,0.8723,0.0638,0.383,0.0,0.0,0.6111,0.0,0.0,0.0,0.5983,0.0,completed,,0.549,12.710412
2503,14.1728,6.9136,0,2.0,0.3333,18,8640,70,150.0,0.0,150.0,1.0,1.2963,0.1111,1,0,1,0.0556,0.0,0.0556,0,0.7222,0.2778,0.8889,13,16,18,0.0,0.0,0.0,0.1111,0.0,0.0,1.0,1.0,0,0,0.8,5,4,0.5197,0.1,0.0556,0.6667,0.0,0.2778,0.0,0.0,0.8,0.0,0.0,0.0,-0.0,0.0,inner_patrol,obstacle,0.5487,12.317143
2504,28.0106,13.6637,0,3.0,0.5,23,11040,70,150.0,0.7007,150.7007,1.0,1.5217,0.1304,1,0,1,0.0435,0.0,0.0435,0,0.7826,0.2174,0.8261,18,19,23,0.2336,0.2336,1.0861,0.1739,0.25,0.25,0.5,0.75,0,0,0.9091,11,10,0.5932,0.1,0.1304,0.7826,0.087,0.4783,0.0,0.0,0.9091,0.0,0.0,0.0,1.0397,0.0,return_outer,obstacle,0.5484,13.492708
2505,-3.2517,-1.5862,0,1.0,0.1667,21,10080,70,150.0,1.7331,151.7331,1.0,0.5556,0.0476,0,0,0,0.0000,0.0,0.0000,0,0.8571,0.1429,0.9048,18,19,21,1.7331,1.7331,2.6863,0.0952,1.0,0.0,0.0,0.0,0,0,0.4444,9,4,0.5991,0.1,0.2857,0.7619,0.1429,0.4286,0.0,0.0,0.4444,0.0,0.0,0.0,-0.0,0.0,enter_inner,obstacle,0.5482,14.889717
2506,86.0,48.126,1,6.0,1.0,43,20640,43,138.4286,2.131,140.5595,0.6143,1.6279,0.1395,0,0,0,0.0000,0.0,0.0000,0,0.7442,0.2558,0.814,32,35,43,0.4262,0.4262,3.303,0.186,0.375,0.25,0.375,0.625,0,0,0.7692,13,10,0.5715,0.1,0.1628,0.8837,0.093,0.3023,0.0,0.0,0.7692,0.0,0.0,0.0,1.0822,0.0,completed,,0.5479,12.836038
2507,15.5247,7.573,0,2.0,0.3333,15,7200,70,150.0,0.0,150.0,1.0,1.5556,0.1333,1,0,1,0.0667,0.0,0.0667,0,0.7333,0.2667,0.8667,11,13,15,0.0,0.0,0.0,0.1333,0.0,0.5,0.5,1.0,0,0,1.0,4,4,0.5145,0.1,0.0667,0.8667,0.0,0.2667,0.0,0.0,1.0,0.0,0.0,0.0,0.6931,0.0,inner_patrol,obstacle,0.5476,12.600941
2508,1.5058,0.7345,0,1.0,0.1667,17,8160,70,150.0,0.6648,150.6648,1.0,0.6863,0.0588,0,0,0,0.0000,0.0,0.0000,0,0.8235,0.1765,0.8824,14,15,17,0.6648,0.6648,1.0305,0.1176,0.5,0.0,0.5,0.5,0,0,0.5,6,3,0.5634,0.1,0.1176,0.6471,0.1176,0.3529,0.0,0.0,0.5,0.0,0.0,0.0,0.6931,0.0,enter_inner,obstacle,0.5473,11.717747
2509,86.0,50.2215,1,6.0,1.0,42,20160,42,138.0,0.0,138.0,0.6,1.6667,0.1429,0,0,0,0.0000,0.0,0.0000,0,0.7381,0.2619,0.881,31,37,42,0.0,0.0,0.0,0.119,0.0,0.2,0.8,1.0,0,0,0.8571,7,6,0.5489,0.1,0.0476,0.6905,0.0238,0.1667,0.0,0.0,0.8571,0.0,0.0,0.0,0.5004,0.0,completed,,0.5471,9.346702
2510,34.5473,16.8524,0,4.0,0.6667,26,12480,70,150.0,1.5467,151.5467,1.0,1.7949,0.1538,0,0,0,0.0000,0.0,0.0000,0,0.7692,0.2308,0.8077,20,21,26,0.3867,0.3867,2.3974,0.1923,0.4,0.4,0.2,0.6,0,0,0.9167,12,11,0.6017,0.1,0.1154,0.8846,0.1154,0.4615,0.0,0.0,0.9167,0.0,0.0,0.0,1.0549,0.0,outer_patrol_b,road_edge,0.5468,9.630522
2511,86.0,52.711,1,6.0,1.0,36,17280,36,135.4286,0.8652,136.2937,0.5143,1.9444,0.1667,1,0,1,0.0278,0.0,0.0278,0,0.8611,0.1389,0.8611,31,31,36,0.173,0.173,1.341,0.1389,0.2,0.0,0.8,0.8,0,0,0.8333,6,5,0.538,0.1,0.0278,0.7222,0.0,0.1667,0.0,0.0,0.8333,0.0,0.0,0.0,0.5004,0.0,completed,,0.5465,8.600635
2512,86.0,51.3232,1,6.0,1.0,37,17760,37,135.8571,0.6839,136.541,0.5286,1.8919,0.1622,0,0,0,0.0000,0.0,0.0000,0,0.8378,0.1622,0.8649,31,32,37,0.1368,0.1368,1.06,0.1351,0.2,0.4,0.4,0.8,0,0,0.8333,6,5,0.5409,0.1,0.0811,0.6486,0.0,0.1622,0.0,0.0,0.8333,0.0,0.0,0.0,1.0549,0.0,completed,,0.5463,10.585271
2513,4.7453,2.3148,0,1.0,0.1667,14,6720,70,150.0,0.0,150.0,1.0,0.8333,0.0714,0,0,0,0.0000,0.0,0.0000,0,0.8571,0.1429,0.9286,12,13,14,0.0,0.0,0.0,0.0714,0.0,1.0,0.0,1.0,0,0,0.8,5,4,0.5285,0.1,0.0714,0.6429,0.0,0.3571,0.0,0.0,0.8,0.0,0.0,0.0,-0.0,0.0,enter_inner,obstacle,0.546,11.282562
2514,13.9185,6.7895,0,2.0,0.3333,16,7680,70,150.0,0.0,150.0,1.0,1.4583,0.125,0,0,0,0.0000,0.0,0.0000,0,0.75,0.25,0.875,12,14,16,0.0,0.0,0.0,0.125,0.0,1.0,0.0,1.0,0,0,0.75,4,3,0.5228,0.1,0.0625,0.5625,0.0,0.25,0.0,0.0,0.75,0.0,0.0,0.0,-0.0,0.0,inner_patrol,obstacle,0.5457,9.890789
2515,86.0,51.3656,1,6.0,1.0,41,19680,41,137.5714,0.0,137.5714,0.5857,1.7073,0.1463,1,0,1,0.0244,0.0,0.0244,0,0.7805,0.2195,0.8537,32,35,41,0.0,0.0,0.0,0.1463,0.0,0.3333,0.6667,1.0,0,0,0.5,8,4,0.54,0.1,0.0976,0.7561,0.0244,0.1951,0.0,0.0,0.5,0.0,0.0,0.0,0.6365,0.0,completed,,0.5455,9.494241
2516,56.4886,27.5554,0,5.0,0.8333,47,22560,70,150.0,1.4661,151.4661,1.0,1.2411,0.1064,0,0,0,0.0000,0.0,0.0000,0,0.6809,0.3191,0.8085,32,38,47,0.2932,0.2932,2.2725,0.1915,0.2222,0.3333,0.4444,0.7778,0,0,0.5,12,6,0.5711,0.1,0.1489,0.766,0.0851,0.2553,0.0,0.0,0.5,0.0,0.0,0.0,1.0609,0.0,final_park,wall,0.5452,10.333843
2517,86.0,49.3906,1,6.0,1.0,41,19680,41,137.5714,0.6086,138.1801,0.5857,1.7073,0.1463,1,0,1,0.0244,0.0,0.0244,0,0.7561,0.2439,0.8537,31,35,41,0.1217,0.1217,0.9434,0.1463,0.1667,0.6667,0.1667,0.8333,0,0,0.8,10,8,0.5527,0.1,0.0976,0.7561,0.0244,0.2439,0.0,0.0,0.8,0.0,0.0,0.0,0.8676,0.0,completed,,0.5449,12.350511
2518,3.064,1.4946,0,1.0,0.1667,16,7680,70,150.0,0.0,150.0,1.0,0.7292,0.0625,0,0,0,0.0000,0.0,0.0000,0,0.75,0.25,0.9375,12,15,16,0.0,0.0,0.0,0.0625,0.0,1.0,0.0,1.0,0,0,0.0,0,0,0.4981,0.1,0.0,0.4375,0.0,0.0,0.0,0.0,0.0,0.0,0.0,0.0,-0.0,0.0,enter_inner,obstacle,0.5447,11.13178
2519,86.0,48.9684,1,6.0,1.0,42,20160,42,138.0,2.5508,140.5508,0.6,1.6667,0.1429,0,0,0,0.0000,0.0,0.0000,0,0.7857,0.2143,0.7857,33,33,42,0.5102,0.5102,3.9537,0.2143,0.4444,0.1111,0.4444,0.5556,0,0,0.8333,12,10,0.5752,0.1,0.1429,0.7857,0.0714,0.2857,0.0,0.0,0.8333,0.0,0.0,0.0,0.965,0.0,completed,,0.5444,9.945712
2520,86.0,51.5347,1,6.0,1.0,45,21600,45,139.2857,0.0,139.2857,0.6429,1.5556,0.1333,0,0,0,0.0000,0.0,0.0000,0,0.7333,0.2667,0.8222,33,37,45,0.0,0.0,0.0,0.1778,0.0,0.0,1.0,1.0,0,0,0.5,18,9,0.5742,0.1,0.1111,0.8444,0.0667,0.4,0.0,0.0,0.5,0.0,0.0,0.0,-0.0,0.0,completed,,0.5441,7.678468
2521,86.0,52.8205,1,6.0,1.0,37,17760,37,135.8571,0.0,135.8571,0.5286,1.8919,0.1622,0,0,0,0.0000,0.0,0.0000,0,0.8108,0.1892,0.8649,30,32,37,0.0,0.0,0.0,0.1351,0.0,0.0,1.0,1.0,0,0,0.8333,6,5,0.5367,0.1,0.027,0.7568,0.0,0.1622,0.0,0.0,0.8333,0.0,0.0,0.0,-0.0,0.0,completed,,0.5438,9.270093
2522,65.4487,31.9262,0,5.0,0.8333,40,19200,70,150.0,0.7865,150.7865,1.0,1.4583,0.125,1,0,1,0.0250,0.0,0.0250,0,0.775,0.225,0.8,31,32,40,0.1573,0.1573,1.2191,0.2,0.125,0.0,0.875,0.875,0,0,0.5833,12,7,0.5862,0.1,0.15,0.675,0.1,0.3,0.0,0.0,0.5833,0.0,0.0,0.0,0.3768,0.0,final_park,wall,0.5436,11.115945
2523,86.0,49.459,1,6.0,1.0,42,20160,42,138.0,1.4598,139.4598,0.6,1.6667,0.1429,1,0,1,0.0238,0.0,0.0238,0,0.7619,0.2381,0.8333,32,35,42,0.292,0.292,2.2626,0.1667,0.2857,0.1429,0.5714,0.7143,0,0,0.8182,11,9,0.5521,0.1,0.0952,0.8095,0.0238,0.2619,0.0,0.0,0.8182,0.0,0.0,0.0,0.9557,0.0,completed,,0.5433,11.550227
2524,86.0,47.1658,1,6.0,1.0,42,20160,42,138.0,2.1949,140.1949,0.6,1.6667,0.1429,1,0,1,0.0238,0.0,0.0238,0,0.7381,0.2619,0.8333,31,35,42,0.439,0.439,3.402,0.1667,0.4286,0.4286,0.1429,0.5714,0,0,0.9091,11,10,0.5616,0.1,0.0952,0.8333,0.0238,0.2619,0.0,0.0,0.9091,0.0,0.0,0.0,1.0042,0.0,completed,,0.543,11.178734
2525,22.3932,10.9235,0,3.0,0.5,26,12480,70,150.0,2.5441,152.5441,1.0,1.3462,0.1154,0,0,0,0.0000,0.0,0.0000,0,0.8077,0.1923,0.8077,21,21,26,0.848,0.848,3.9433,0.1923,0.6,0.2,0.2,0.4,0,0,0.6667,9,6,0.5643,0.1,0.1538,0.7692,0.0,0.3462,0.0,0.0,0.6667,0.0,0.0,0.0,0.9503,0.0,return_outer,obstacle,0.5428,11.424672
2526,86.0,49.7621,1,6.0,1.0,40,19200,40,137.1429,1.5687,138.7116,0.5714,1.75,0.15,0,0,0,0.0000,0.0,0.0000,0,0.85,0.15,0.875,34,35,40,0.3137,0.3137,2.4315,0.125,0.4,0.2,0.4,0.6,0,0,1.0,10,10,0.555,0.1,0.05,0.5,0.0,0.25,0.0,0.0,1.0,0.0,0.0,0.0,1.0549,0.0,completed,,0.5425,11.854084
2527,4.7444,2.3144,0,1.0,0.1667,14,6720,70,150.0,0.0,150.0,1.0,0.8333,0.0714,0,0,0,0.0000,0.0,0.0000,0,0.8571,0.1429,0.9286,12,13,14,0.0,0.0,0.0,0.0714,0.0,1.0,0.0,1.0,0,0,0.6,5,3,0.5425,0.1,0.0714,0.7143,0.0714,0.3571,0.0,0.0,0.6,0.0,0.0,0.0,-0.0,0.0,enter_inner,obstacle,0.5422,11.09777
2528,86.0,52.281,1,6.0,1.0,38,18240,38,136.2857,0.0,136.2857,0.5429,1.8421,0.1579,0,0,0,0.0000,0.0,0.0000,0,0.8421,0.1579,0.8421,32,32,38,0.0,0.0,0.0,0.1579,0.0,0.5,0.5,1.0,0,0,0.7273,11,8,0.5669,0.1,0.0789,0.6579,0.0526,0.2895,0.0,0.0,0.7273,0.0,0.0,0.0,0.6931,0.0,completed,,0.542,13.211312
2529,5.0254,2.4514,0,1.0,0.1667,14,6720,70,150.0,0.0,150.0,1.0,0.8333,0.0714,1,0,1,0.0714,0.0,0.0714,0,0.8571,0.1429,0.9286,12,13,14,0.0,0.0,0.0,0.0714,0.0,0.0,1.0,1.0,0,0,0.75,4,3,0.5006,0.1,0.0714,0.7857,0.0,0.2857,0.0,0.0,0.75,0.0,0.0,0.0,-0.0,0.0,enter_inner,obstacle,0.5417,13.139066
2530,86.0,48.2623,1,6.0,1.0,45,21600,45,139.2857,0.6912,139.9769,0.6429,1.5556,0.1333,0,0,0,0.0000,0.0,0.0000,0,0.7333,0.2667,0.8889,33,40,45,0.1382,0.1382,1.0714,0.1111,0.2,0.4,0.4,0.8,0,0,0.8333,12,10,0.546,0.1,0.0444,0.7556,0.0,0.2667,0.0,0.0,0.8333,0.0,0.0,0.0,1.0549,0.0,completed,,0.5414,12.206758
2531,86.0,51.5452,1,6.0,1.0,41,19680,41,137.5714,0.8776,138.449,0.5857,1.7073,0.1463,1,0,1,0.0244,0.0,0.0244,0,0.8049,0.1951,0.8293,33,34,41,0.1755,0.1755,1.3602,0.1707,0.1429,0.0,0.8571,0.8571,0,0,0.6667,12,8,0.5639,0.1,0.1463,0.7561,0.0488,0.2927,0.0,0.0,0.6667,0.0,0.0,0.0,0.4101,0.0,completed,,0.5411,9.78711
2532,-10.0,-9.93,0,0.0,0.0,1,480,70,150.0,0.0,150.0,1.0,0.0,0.0,0,0,0,0.0000,0.0,0.0000,0,1.0,0.0,1.0,1,1,1,0.0,0.0,0.0,0.0,0.0,0.0,0.0,0.0,0,0,0.0,0,0,0.4745,0.1,0.0,1.0,0.0,0.0,0.0,0.0,0.0,0.0,0.0,0.0,0.0,0.0,outer_patrol_a,road_edge,0.5409,9.78711
2533,2.2226,1.0842,0,1.0,0.1667,17,8160,70,150.0,0.0,150.0,1.0,0.6863,0.0588,0,0,0,0.0000,0.0,0.0000,0,0.7059,0.2941,0.9412,12,16,17,0.0,0.0,0.0,0.0588,0.0,1.0,0.0,1.0,0,0,0.8,5,4,0.507,0.1,0.0588,0.6471,0.0,0.2941,0.0,0.0,0.8,0.0,0.0,0.0,-0.0,0.0,enter_inner,obstacle,0.5406,10.349318
2534,86.0,50.3721,1,6.0,1.0,38,18240,38,136.2857,1.4812,137.7669,0.5429,1.8421,0.1579,0,0,0,0.0000,0.0,0.0000,0,0.8158,0.1842,0.8421,31,32,38,0.2962,0.2962,2.2959,0.1579,0.3333,0.3333,0.3333,0.6667,0,0,1.0,10,10,0.5547,0.1,0.0789,0.7368,0.0263,0.2632,0.0,0.0,1.0,0.0,0.0,0.0,1.0986,0.0,completed,,0.5403,11.981185
2535,3.4227,1.6696,0,1.0,0.1667,14,6720,70,150.0,0.7008,150.7008,1.0,0.8333,0.0714,1,0,1,0.0714,0.0,0.0714,0,0.7857,0.2143,0.8571,11,12,14,0.7008,0.7008,1.0863,0.1429,0.5,0.0,0.5,0.5,0,0,0.8333,6,5,0.5552,0.1,0.1429,0.9286,0.0714,0.4286,0.0,0.0,0.8333,0.0,0.0,0.0,0.6931,0.0,enter_inner,obstacle,0.5401,12.384293
2536,86.0,52.4542,1,6.0,1.0,37,17760,37,135.8571,0.7312,136.5883,0.5286,1.8919,0.1622,1,0,1,0.0270,0.0,0.0270,0,0.8378,0.1622,0.8378,31,31,37,0.1462,0.1462,1.1333,0.1622,0.1667,0.1667,0.6667,0.8333,0,0,0.8,10,8,0.5589,0.1,0.1081,0.6486,0.0,0.2703,0.0,0.0,0.8,0.0,0.0,0.0,0.8676,0.0,completed,,0.5398,12.89078
2537,86.0,50.744,1,6.0,1.0,37,17760,37,135.8571,0.8491,136.7063,0.5286,1.8919,0.1622,0,0,0,0.0000,0.0,0.0000,0,0.8108,0.1892,0.8378,30,31,37,0.1698,0.1698,1.3162,0.1622,0.1667,0.6667,0.1667,0.8333,0,0,0.8333,6,5,0.545,0.1,0.0541,0.7568,0.027,0.1622,0.0,0.0,0.8333,0.0,0.0,0.0,0.8676,0.0,completed,,0.5395,9.525823
2538,86.0,48.5092,1,6.0,1.0,45,21600,45,139.2857,1.496,140.7817,0.6429,1.5556,0.1333,0,0,0,0.0000,0.0,0.0000,0,0.7778,0.2222,0.8222,35,37,45,0.2992,0.2992,2.3188,0.1778,0.25,0.375,0.375,0.75,0,0,0.5,14,7,0.5773,0.1,0.2,0.7333,0.0667,0.3111,0.0,0.0,0.5,0.0,0.0,0.0,1.0822,0.0,completed,,0.5393,11.00183
2539,40.0121,19.5181,0,4.0,0.6667,26,12480,70,150.0,0.0,150.0,1.0,1.7949,0.1538,1,0,1,0.0385,0.0,0.0385,0,0.7692,0.2308,0.8462,20,22,26,0.0,0.0,0.0,0.1923,0.0,0.2,0.8,1.0,0,0,0.6667,6,4,0.56,0.1,0.1154,0.8462,0.0385,0.2308,0.0,0.0,0.6667,0.0,0.0,0.0,0.5004,0.0,outer_patrol_b,road_edge,0.539,12.611775
2540,48.5354,23.6758,0,4.0,0.6667,28,13440,70,150.0,0.8596,150.8596,1.0,1.6667,0.1429,1,0,1,0.0357,0.0,0.0357,0,0.8214,0.1786,0.8214,23,23,28,0.2149,0.2149,1.3324,0.1786,0.2,0.2,0.6,0.8,0,0,0.875,8,7,0.554,0.1,0.1071,0.75,0.0,0.2857,0.0,0.0,0.875,0.0,0.0,0.0,0.9503,0.0,outer_patrol_b,road_edge,0.5387,13.201852
2541,14.7868,7.2131,0,2.0,0.3333,15,7200,70,150.0,0.6214,150.6214,1.0,1.5556,0.1333,0,0,0,0.0000,0.0,0.0000,0,0.8,0.2,0.8,12,12,15,0.3107,0.3107,0.9632,0.2,0.3333,0.0,0.6667,0.6667,0,0,1.0,5,5,0.5306,0.1,0.1333,0.6667,0.0,0.3333,0.0,0.0,1.0,0.0,0.0,0.0,0.6365,0.0,inner_patrol,obstacle,0.5385,14.024413
2542,15.0354,7.3343,0,2.0,0.3333,18,8640,70,150.0,0.0,150.0,1.0,1.2963,0.1111,0,0,0,0.0000,0.0,0.0000,0,0.7778,0.2222,0.8333,14,15,18,0.0,0.0,0.0,0.1667,0.0,0.3333,0.6667,1.0,0,0,0.25,4,1,0.5738,0.1,0.1111,0.6111,0.1111,0.2222,0.0,0.0,0.25,0.0,0.0,0.0,0.6365,0.0,inner_patrol,obstacle,0.5382,13.699298
2543,86.0,52.5168,1,6.0,1.0,39,18720,39,136.7143,0.0,136.7143,0.5571,1.7949,0.1538,0,0,0,0.0000,0.0,0.0000,0,0.8205,0.1795,0.8718,32,34,39,0.0,0.0,0.0,0.1538,0.0,0.3333,0.6667,1.0,0,0,0.8,10,8,0.5538,0.1,0.0769,0.7436,0.0256,0.2564,0.0,0.0,0.8,0.0,0.0,0.0,0.6365,0.0,completed,,0.5379,12.172461
2544,86.0,47.9675,1,6.0,1.0,43,20640,43,138.4286,1.7026,140.1312,0.6143,1.6279,0.1395,1,0,1,0.0233,0.0,0.0233,0,0.7907,0.2093,0.8605,34,37,43,0.3405,0.3405,2.639,0.1395,0.3333,0.1667,0.5,0.6667,0,0,0.7273,11,8,0.55,0.1,0.093,0.7674,0.0233,0.2558,0.0,0.0,0.7273,0.0,0.0,0.0,1.0114,0.0,completed,,0.5376,11.350922
2545,55.7474,27.1938,0,4.0,0.6667,41,19680,70,150.0,0.6645,150.6645,1.0,1.1382,0.0976,0,0,0,0.0000,0.0,0.0000,0,0.7805,0.2195,0.8537,32,35,41,0.1661,0.1661,1.03,0.1463,0.1667,0.0,0.8333,0.8333,0,0,0.4615,13,6,0.5569,0.1,0.0976,0.8049,0.0244,0.3171,0.0,0.0,0.4615,0.0,0.0,0.0,0.4506,0.0,outer_patrol_b,road_edge,0.5374,10.970209
2546,5.8681,2.8625,0,1.0,0.1667,13,6240,70,150.0,0.0,150.0,1.0,0.8974,0.0769,0,0,0,0.0000,0.0,0.0000,0,0.9231,0.0769,0.9231,12,12,13,0.0,0.0,0.0,0.0769,0.0,0.0,1.0,1.0,0,0,0.5,2,1,0.5036,0.1,0.0769,0.6154,0.0,0.1538,0.0,0.0,0.5,0.0,0.0,0.0,-0.0,0.0,enter_inner,obstacle,0.5371,10.508963
2547,86.0,50.1936,1,6.0,1.0,40,19200,40,137.1429,1.7495,138.8924,0.5714,1.75,0.15,0,0,0,0.0000,0.0,0.0000,0,0.8,0.2,0.825,32,33,40,0.3499,0.3499,2.7117,0.175,0.2857,0.1429,0.5714,0.7143,0,0,0.8,15,12,0.5692,0.1,0.125,0.875,0.05,0.375,0.0,0.0,0.8,0.0,0.0,0.0,0.9557,0.0,completed,,0.5368,11.718513
2548,19.2578,9.3941,0,3.0,0.5,29,13920,70,150.0,2.446,152.446,1.0,1.2069,0.1034,1,0,1,0.0345,0.0,0.0345,0,0.6552,0.3448,0.8276,19,24,29,0.8153,0.8153,3.7914,0.1724,0.6,0.2,0.2,0.4,0,0,0.7,10,7,0.5838,0.1,0.1724,0.8276,0.069,0.3448,0.0,0.0,0.7,0.0,0.0,0.0,0.9503,0.0,return_outer,obstacle,0.5366,11.819762
2549,86.0,50.4241,1,6.0,1.0,41,19680,41,137.5714,0.6709,138.2423,0.5857,1.7073,0.1463,1,0,1,0.0244,0.0,0.0244,0,0.7561,0.2439,0.8537,31,35,41,0.1342,0.1342,1.0399,0.1463,0.1667,0.1667,0.6667,0.8333,0,0,0.8333,12,10,0.5489,0.1,0.0976,0.8049,0.0244,0.2927,0.0,0.0,0.8333,0.0,0.0,0.0,0.8676,0.0,completed,,0.5363,12.967611
2550,86.0,49.6253,1,6.0,1.0,42,20160,42,138.0,0.0,138.0,0.6,1.6667,0.1429,0,0,0,0.0000,0.0,0.0000,0,0.7619,0.2381,0.881,32,37,42,0.0,0.0,0.0,0.119,0.0,0.8,0.2,1.0,0,0,0.75,12,9,0.5438,0.1,0.0238,0.8095,0.0,0.2857,0.0,0.0,0.75,0.0,0.0,0.0,0.5004,0.0,completed,,0.536,11.443433
2551,4.0664,1.9836,0,1.0,0.1667,15,7200,70,150.0,0.0,150.0,1.0,0.7778,0.0667,0,0,0,0.0000,0.0,0.0000,0,0.8667,0.1333,0.9333,13,14,15,0.0,0.0,0.0,0.0667,0.0,1.0,0.0,1.0,0,0,0.5,2,1,0.519,0.1,0.0667,0.6,0.0,0.1333,0.0,0.0,0.5,0.0,0.0,0.0,-0.0,0.0,enter_inner,obstacle,0.5358,9.974529
2552,86.0,47.567,1,6.0,1.0,44,21120,44,138.8571,2.1973,141.0545,0.6286,1.5909,0.1364,1,0,1,0.0227,0.0,0.0227,0,0.75,0.25,0.8409,33,37,44,0.4395,0.4395,3.4059,0.1591,0.4286,0.1429,0.4286,0.5714,0,0,0.8,10,8,0.5598,0.1,0.1136,0.8864,0.0682,0.2273,0.0,0.0,0.8,0.0,0.0,0.0,1.0042,0.0,completed,,0.5355,12.90344
2553,11.72,5.7171,0,2.0,0.3333,19,9120,70,150.0,0.0,150.0,1.0,1.2281,0.1053,0,0,0,0.0000,0.0,0.0000,0,0.7368,0.2632,0.8947,14,17,19,0.0,0.0,0.0,0.1053,0.0,1.0,0.0,1.0,0,0,0.4,5,2,0.5125,0.1,0.0526,0.7368,0.0,0.2632,0.0,0.0,0.4,0.0,0.0,0.0,-0.0,0.0,inner_patrol,obstacle,0.5352,12.008598
2554,86.0,51.2581,1,6.0,1.0,39,18720,39,136.7143,0.8079,137.5222,0.5571,1.7949,0.1538,1,0,1,0.0256,0.0,0.0256,0,0.7692,0.2308,0.8462,30,33,39,0.1616,0.1616,1.2522,0.1538,0.1667,0.0,0.8333,0.8333,0,0,1.0,5,5,0.543,0.1,0.0513,0.7692,0.0,0.1282,0.0,0.0,1.0,0.0,0.0,0.0,0.4506,0.0,completed,,0.5349,12.531231
2555,86.0,52.4578,1,6.0,1.0,37,17760,37,135.8571,0.7537,136.6109,0.5286,1.8919,0.1622,0,0,0,0.0000,0.0,0.0000,0,0.7838,0.2162,0.8108,29,30,37,0.1507,0.1507,1.1683,0.1892,0.1429,0.1429,0.7143,0.8571,0,0,0.8182,11,9,0.5598,0.1,0.0541,0.7297,0.027,0.2973,0.0,0.0,0.8182,0.0,0.0,0.0,0.7963,0.0,completed,,0.5347,9.217471
2556,86.0,52.8995,1,6.0,1.0,37,17760,37,135.8571,0.0,135.8571,0.5286,1.8919,0.1622,1,0,1,0.0270,0.0,0.0270,0,0.8378,0.1622,0.8649,31,32,37,0.0,0.0,0.0,0.1351,0.0,0.0,1.0,1.0,0,0,0.8182,11,9,0.5419,0.1,0.0541,0.7027,0.0,0.2973,0.0,0.0,0.8182,0.0,0.0,0.0,-0.0,0.0,completed,,0.5344,11.107663
2557,36.1074,17.6134,0,4.0,0.6667,28,13440,70,150.0,1.4476,151.4476,1.0,1.6667,0.1429,1,0,1,0.0357,0.0,0.0357,0,0.75,0.25,0.75,21,21,28,0.3619,0.3619,2.2438,0.25,0.2857,0.2857,0.4286,0.7143,0,0,0.5,8,4,0.5756,0.1,0.0714,0.8571,0.0357,0.2857,0.0,0.0,0.5,0.0,0.0,0.0,1.079,0.0,outer_patrol_b,road_edge,0.5341,12.538341
2558,86.0,49.6213,1,6.0,1.0,44,21120,44,138.8571,1.4728,140.3299,0.6286,1.5909,0.1364,0,0,0,0.0000,0.0,0.0000,0,0.7273,0.2727,0.8182,32,36,44,0.2946,0.2946,2.2828,0.1818,0.25,0.0,0.75,0.75,0,0,0.8182,11,9,0.5608,0.1,0.1136,0.6364,0.0682,0.25,0.0,0.0,0.8182,0.0,0.0,0.0,0.5623,0.0,completed,,0.5339,14.441512
2559,86.0,51.2973,1,6.0,1.0,42,20160,42,138.0,0.7934,138.7934,0.6,1.6667,0.1429,1,0,1,0.0238,0.0,0.0238,0,0.7857,0.2143,0.8333,33,35,42,0.1587,0.1587,1.2298,0.1667,0.1429,0.1429,0.7143,0.8571,0,0,0.6667,15,10,0.5667,0.1,0.119,0.7857,0.0714,0.3571,0.0,0.0,0.6667,0.0,0.0,0.0,0.7963,0.0,completed,,0.5336,10.289171
2560,86.0,48.4201,1,6.0,1.0,47,22560,47,140.1429,1.6391,141.782,0.6714,1.4894,0.1277,0,0,0,0.0000,0.0,0.0000,0,0.766,0.234,0.8298,36,39,47,0.3278,0.3278,2.5406,0.1702,0.25,0.125,0.625,0.75,0,0,0.5238,21,11,0.5899,0.1,0.1915,0.8936,0.1064,0.4468,0.0,0.0,0.5238,0.0,0.0,0.0,0.9003,0.0,completed,,0.5333,9.854533
2561,6.1599,3.0048,0,1.0,0.1667,14,6720,70,150.0,0.0,150.0,1.0,0.8333,0.0714,0,0,0,0.0000,0.0,0.0000,0,0.8571,0.1429,0.8571,12,12,14,0.0,0.0,0.0,0.1429,0.0,0.0,1.0,1.0,0,0,0.3333,3,1,0.5727,0.1,0.1429,0.7857,0.1429,0.2143,0.0,0.0,0.3333,0.0,0.0,0.0,-0.0,0.0,enter_inner,obstacle,0.5331,8.946962
2562,86.0,50.6913,1,6.0,1.0,38,18240,38,136.2857,1.4741,137.7598,0.5429,1.8421,0.1579,0,0,0,0.0000,0.0,0.0000,0,0.8421,0.1579,0.8421,32,32,38,0.2948,0.2948,2.2849,0.1579,0.3333,0.1667,0.5,0.6667,0,0,0.8333,12,10,0.5442,0.1,0.0789,0.7368,0.0,0.3158,0.0,0.0,0.8333,0.0,0.0,0.0,1.0114,0.0,completed,,0.5328,10.719124
2563,86.0,50.3397,1,6.0,1.0,42,20160,42,138.0,1.4836,139.4836,0.6,1.6667,0.1429,1,0,1,0.0238,0.0,0.0238,0,0.7857,0.2143,0.8095,33,34,42,0.2967,0.2967,2.2996,0.1905,0.25,0.125,0.625,0.75,0,0,0.6,15,9,0.5938,0.1,0.1905,0.881,0.0952,0.3571,0.0,0.0,0.6,0.0,0.0,0.0,0.9003,0.0,completed,,0.5325,10.748278
2564,28.6721,13.9864,0,3.0,0.5,25,12000,70,150.0,0.0,150.0,1.0,1.4,0.12,0,0,0,0.0000,0.0,0.0000,0,0.8,0.2,0.88,20,22,25,0.0,0.0,0.0,0.12,0.0,0.3333,0.6667,1.0,0,0,0.7143,7,5,0.5674,0.1,0.08,0.8,0.04,0.28,0.0,0.0,0.7143,0.0,0.0,0.0,0.6365,0.0,return_outer,obstacle,0.5323,11.467288
2565,86.0,51.9523,1,6.0,1.0,40,19200,40,137.1429,0.0,137.1429,0.5714,1.75,0.15,0,0,0,0.0000,0.0,0.0000,0,0.8,0.2,0.875,32,35,40,0.0,0.0,0.0,0.125,0.0,0.0,1.0,1.0,0,0,0.7,10,7,0.5521,0.1,0.125,0.775,0.0,0.25,0.0,0.0,0.7,0.0,0.0,0.0,-0.0,0.0,completed,,0.532,12.360796
2566,3.5155,1.7149,0,1.0,0.1667,17,8160,70,150.0,0.0,150.0,1.0,0.6863,0.0588,1,0,1,0.0588,0.0,0.0588,0,0.7647,0.2353,0.8824,13,15,17,0.0,0.0,0.0,0.1176,0.0,0.5,0.5,1.0,0,0,0.25,4,1,0.5501,0.1,0.1176,0.7059,0.1176,0.2353,0.0,0.0,0.25,0.0,0.0,0.0,0.6931,0.0,enter_inner,obstacle,0.5317,13.207253
2567,86.0,49.9112,1,6.0,1.0,40,19200,40,137.1429,0.7063,137.8492,0.5714,1.75,0.15,1,0,1,0.0250,0.0,0.0250,0,0.775,0.225,0.85,31,34,40,0.1413,0.1413,1.0948,0.15,0.1667,0.5,0.3333,0.8333,0,0,0.7778,9,7,0.5463,0.1,0.075,0.7,0.025,0.225,0.0,0.0,0.7778,0.0,0.0,0.0,1.0114,0.0,completed,,0.5314,12.321509
2568,86.0,48.2767,1,6.0,1.0,45,21600,45,139.2857,1.3909,140.6766,0.6429,1.5556,0.1333,0,0,0,0.0000,0.0,0.0000,0,0.7778,0.2222,0.8444,35,38,45,0.2782,0.2782,2.1559,0.1556,0.2857,0.1429,0.5714,0.7143,0,0,0.6,15,9,0.5636,0.1,0.1778,0.8,0.0222,0.3333,0.0,0.0,0.6,0.0,0.0,0.0,0.9557,0.0,completed,,0.5312,12.596012
2569,86.0,50.2199,1,6.0,1.0,36,17280,36,135.4286,1.4918,136.9204,0.5143,1.9444,0.1667,1,0,1,0.0278,0.0,0.0278,0,0.8056,0.1944,0.8056,29,29,36,0.2984,0.2984,2.3123,0.1944,0.2857,0.5714,0.1429,0.7143,0,0,1.0,11,11,0.5713,0.1,0.1389,0.7778,0.0833,0.3056,0.0,0.0,1.0,0.0,0.0,0.0,0.9557,0.0,completed,,0.5309,10.849992
2570,40.352,19.6839,0,4.0,0.6667,28,13440,70,150.0,0.6684,150.6684,1.0,1.6667,0.1429,0,0,0,0.0000,0.0,0.0000,0,0.7143,0.2857,0.75,20,21,28,0.1671,0.1671,1.036,0.25,0.1429,0.4286,0.4286,0.8571,0,0,0.6667,12,8,0.5861,0.1,0.1786,0.7857,0.1071,0.4286,0.0,0.0,0.6667,0.0,0.0,0.0,1.0042,0.0,outer_patrol_b,road_edge,0.5306,11.393398
2571,86.0,50.5811,1,6.0,1.0,43,20640,43,138.4286,0.0,138.4286,0.6143,1.6279,0.1395,0,0,0,0.0000,0.0,0.0000,0,0.7674,0.2326,0.8372,33,36,43,0.0,0.0,0.0,0.1628,0.0,0.4286,0.5714,1.0,0,0,0.5833,12,7,0.5533,0.1,0.0698,0.8605,0.0465,0.2791,0.0,0.0,0.5833,0.0,0.0,0.0,0.6829,0.0,completed,,0.5304,9.875012
2572,86.0,48.5485,1,6.0,1.0,47,22560,47,140.1429,1.9314,142.0743,0.6714,1.4894,0.1277,0,0,0,0.0000,0.0,0.0000,0,0.766,0.234,0.8298,36,39,47,0.3863,0.3863,2.9937,0.1702,0.375,0.125,0.5,0.625,0,0,0.6471,17,11,0.6,0.1,0.234,0.7021,0.1277,0.3617,0.0,0.0,0.6471,0.0,0.0,0.0,0.9743,0.0,completed,,0.5301,11.457764
2573,10.5646,5.1535,0,2.0,0.3333,25,12000,70,150.0,0.6399,150.6399,1.0,0.9333,0.08,0,0,0,0.0000,0.0,0.0000,0,0.84,0.16,0.88,21,22,25,0.3199,0.3199,0.9918,0.12,0.3333,0.0,0.6667,0.6667,0,0,0.3077,13,4,0.6538,0.1,0.36,0.92,0.24,0.52,0.0,0.0,0.3077,0.0,0.0,0.0,0.6365,0.0,inner_patrol,obstacle,0.5298,11.406178
2574,6.5236,3.1822,0,1.0,0.1667,13,6240,70,150.0,0.0,150.0,1.0,0.8974,0.0769,0,0,0,0.0000,0.0,0.0000,0,0.9231,0.0769,0.9231,12,12,13,0.0,0.0,0.0,0.0769,0.0,0.0,1.0,1.0,0,0,1.0,1,1,0.4888,0.1,0.0,0.5385,0.0,0.0769,0.0,0.0,1.0,0.0,0.0,0.0,-0.0,0.0,enter_inner,obstacle,0.5296,11.894206
2575,15.0429,7.338,0,2.0,0.3333,16,7680,70,150.0,0.0,150.0,1.0,1.4583,0.125,0,0,0,0.0000,0.0,0.0000,0,0.75,0.25,0.8125,12,13,16,0.0,0.0,0.0,0.1875,0.0,0.6667,0.3333,1.0,0,0,0.75,8,6,0.5786,0.1,0.125,0.875,0.125,0.5,0.0,0.0,0.75,0.0,0.0,0.0,0.6365,0.0,inner_patrol,obstacle,0.5293,10.597715
2576,86.0,49.5765,1,6.0,1.0,43,20640,43,138.4286,1.3926,139.8212,0.6143,1.6279,0.1395,1,0,1,0.0233,0.0,0.0233,0,0.814,0.186,0.8605,35,37,43,0.2785,0.2785,2.1585,0.1395,0.3333,0.0,0.6667,0.6667,0,0,0.6667,9,6,0.5485,0.1,0.0698,0.5814,0.0,0.2093,0.0,0.0,0.6667,0.0,0.0,0.0,0.6365,0.0,completed,,0.529,10.914642
2577,86.0,49.1474,1,6.0,1.0,44,21120,44,138.8571,1.5723,140.4294,0.6286,1.5909,0.1364,1,0,1,0.0227,0.0,0.0227,0,0.7727,0.2273,0.8182,34,36,44,0.3145,0.3145,2.4371,0.1818,0.25,0.125,0.625,0.75,0,0,0.625,16,10,0.577,0.1,0.1136,0.8182,0.0682,0.3636,0.0,0.0,0.625,0.0,0.0,0.0,0.9003,0.0,completed,,0.5287,12.44051
2578,-1.2915,-0.63,0,0.0,0.0,11,5280,70,150.0,0.0,150.0,1.0,0.0,0.0,1,0,1,0.0909,0.0,0.0909,0,1.0,0.0,1.0,11,11,11,0.0,0.0,0.0,0.0,0.0,0.0,0.0,0.0,0,0,0.5,2,1,0.4988,0.1,0.0,0.4545,0.0,0.1818,0.0,0.0,0.5,0.0,0.0,0.0,0.0,0.0,outer_patrol_a,road_edge,0.5285,12.697706
2579,50.284,24.5288,0,4.0,0.6667,32,15360,70,150.0,0.8171,150.8171,1.0,1.4583,0.125,0,0,0,0.0000,0.0,0.0000,0,0.8438,0.1562,0.8438,27,27,32,0.2043,0.2043,1.2665,0.1562,0.2,0.4,0.4,0.8,0,0,0.7692,13,10,0.5514,0.1,0.0938,0.875,0.0,0.4062,0.0,0.0,0.7692,0.0,0.0,0.0,1.0549,0.0,outer_patrol_b,road_edge,0.5282,13.148223
2580,86.0,52.4891,1,6.0,1.0,37,17760,37,135.8571,0.0,135.8571,0.5286,1.8919,0.1622,1,0,1,0.0270,0.0,0.0270,0,0.8378,0.1622,0.8649,31,32,37,0.0,0.0,0.0,0.1351,0.0,0.2,0.8,1.0,0,0,0.8,10,8,0.5384,0.1,0.0541,0.8378,0.0,0.2703,0.0,0.0,0.8,0.0,0.0,0.0,0.5004,0.0,completed,,0.5279,12.946451
2581,86.0,49.7327,1,6.0,1.0,41,19680,41,137.5714,2.2219,139.7933,0.5857,1.7073,0.1463,1,0,1,0.0244,0.0,0.0244,0,0.8293,0.1707,0.8293,34,34,41,0.4444,0.4444,3.4439,0.1707,0.4286,0.0,0.5714,0.5714,0,0,0.7778,9,7,0.5707,0.1,0.122,0.7805,0.0488,0.2195,0.0,0.0,0.7778,0.0,0.0,0.0,0.6829,0.0,completed,,0.5277,10.531894
2582,63.2857,30.8711,0,5.0,0.8333,39,18720,70,150.0,1.5237,151.5237,1.0,1.4957,0.1282,0,0,0,0.0000,0.0,0.0000,0,0.7949,0.2051,0.8205,31,32,39,0.3047,0.3047,2.3617,0.1795,0.2857,0.1429,0.5714,0.7143,0,0,0.75,8,6,0.5655,0.1,0.0769,0.6923,0.0513,0.2051,0.0,0.0,0.75,0.0,0.0,0.0,0.9557,0.0,final_park,wall,0.5274,10.856212
2583,28.8294,14.0631,0,3.0,0.5,29,13920,70,150.0,0.0,150.0,1.0,1.2069,0.1034,0,0,0,0.0000,0.0,0.0000,0,0.7931,0.2069,0.8276,23,24,29,0.0,0.0,0.0,0.1379,0.0,0.0,1.0,1.0,0,0,0.3333,12,4,0.6132,0.1,0.2759,0.8621,0.1379,0.4138,0.0,0.0,0.3333,0.0,0.0,0.0,-0.0,0.0,return_outer,red_light,0.5271,10.904781
2584,86.0,52.7854,1,6.0,1.0,35,16800,35,135.0,0.0,135.0,0.5,2.0,0.1714,0,0,0,0.0000,0.0,0.0000,0,0.8,0.2,0.8571,28,30,35,0.0,0.0,0.0,0.1429,0.0,0.6,0.4,1.0,0,0,0.9,10,9,0.5487,0.1,0.0857,0.8286,0.0,0.2857,0.0,0.0,0.9,0.0,0.0,0.0,0.673,0.0,completed,,0.5269,10.370765
2585,66.0883,32.2382,0,5.0,0.8333,38,18240,70,150.0,0.0,150.0,1.0,1.5351,0.1316,0,0,0,0.0000,0.0,0.0000,0,0.7895,0.2105,0.8684,30,33,38,0.0,0.0,0.0,0.1316,0.0,0.2,0.8,1.0,0,0,0.8333,12,10,0.5455,0.1,0.1053,0.7632,0.0,0.3158,0.0,0.0,0.8333,0.0,0.0,0.0,0.5004,0.0,final_park,wall,0.5266,11.935147
2586,51.6187,25.1799,0,5.0,0.8333,50,24000,70,150.0,3.7475,153.7475,1.0,1.1667,0.1,0,0,0,0.0000,0.0,0.0000,0,0.78,0.22,0.82,39,41,50,0.7495,0.7495,5.8086,0.18,0.5556,0.0,0.4444,0.4444,0,0,0.5789,19,11,0.599,0.1,0.22,0.74,0.1,0.38,0.0,0.0,0.5789,0.0,0.0,0.0,0.687,0.0,final_park,wall,0.5263,12.739884
2587,67.0395,32.7022,0,5.0,0.8333,39,18720,70,150.0,0.0,150.0,1.0,1.4957,0.1282,1,0,1,0.0256,0.0,0.0256,0,0.8462,0.1538,0.8462,33,33,39,0.0,0.0,0.0,0.1538,0.0,0.0,1.0,1.0,0,0,0.6667,15,10,0.5519,0.1,0.1026,0.7949,0.0,0.3846,0.0,0.0,0.6667,0.0,0.0,0.0,-0.0,0.0,final_park,wall,0.5261,13.814521
2588,38.9946,19.0217,0,4.0,0.6667,24,11520,70,150.0,0.6025,150.6025,1.0,1.9444,0.1667,0,0,0,0.0000,0.0,0.0000,0,0.75,0.25,0.7917,18,19,24,0.1506,0.1506,0.9338,0.2083,0.2,0.4,0.4,0.8,0,0,0.75,8,6,0.5622,0.1,0.1667,0.9167,0.0417,0.3333,0.0,0.0,0.75,0.0,0.0,0.0,1.0549,0.0,outer_patrol_b,road_edge,0.5258,11.078828
2589,86.0,52.015,1,6.0,1.0,40,19200,40,137.1429,0.0,137.1429,0.5714,1.75,0.15,1,0,1,0.0250,0.0,0.0250,0,0.8,0.2,0.875,32,35,40,0.0,0.0,0.0,0.125,0.0,0.2,0.8,1.0,0,0,0.7,10,7,0.5464,0.1,0.05,0.75,0.0,0.25,0.0,0.0,0.7,0.0,0.0,0.0,0.5004,0.0,completed,,0.5255,10.392217
2590,14.1631,6.9088,0,2.0,0.3333,20,9600,70,150.0,0.0,150.0,1.0,1.1667,0.1,0,0,0,0.0000,0.0,0.0000,0,0.85,0.15,0.85,17,17,20,0.0,0.0,0.0,0.15,0.0,0.3333,0.6667,1.0,0,0,0.3333,9,3,0.5863,0.1,0.3,0.8,0.1,0.45,0.0,0.0,0.3333,0.0,0.0,0.0,0.6365,0.0,inner_patrol,obstacle,0.5252,9.67209
2591,86.0,48.4581,1,6.0,1.0,44,21120,44,138.8571,1.7508,140.608,0.6286,1.5909,0.1364,1,0,1,0.0227,0.0,0.0227,0,0.7727,0.2273,0.8636,34,38,44,0.3502,0.3502,2.7138,0.1364,0.3333,0.0,0.6667,0.6667,0,0,0.7778,9,7,0.5427,0.1,0.0682,0.8864,0.0,0.2045,0.0,0.0,0.7778,0.0,0.0,0.0,0.6365,0.0,completed,,0.525,10.543269
2592,4.9043,2.3923,0,1.0,0.1667,14,6720,70,150.0,0.0,150.0,1.0,0.8333,0.0714,1,0,1,0.0714,0.0,0.0714,0,0.9286,0.0714,0.9286,13,13,14,0.0,0.0,0.0,0.0714,0.0,1.0,0.0,1.0,0,0,0.6667,3,2,0.55,0.1,0.0714,0.7143,0.0714,0.2143,0.0,0.0,0.6667,0.0,0.0,0.0,-0.0,0.0,enter_inner,obstacle,0.5247,12.15444
2593,86.0,49.1655,1,6.0,1.0,43,20640,43,138.4286,1.587,140.0155,0.6143,1.6279,0.1395,1,0,1,0.0233,0.0,0.0233,0,0.6977,0.3023,0.7907,30,34,43,0.3174,0.3174,2.4598,0.2093,0.2222,0.1111,0.6667,0.7778,0,0,0.5333,15,8,0.5884,0.1,0.1628,0.7209,0.093,0.3488,0.0,0.0,0.5333,0.0,0.0,0.0,0.8487,0.0,completed,,0.5244,14.597432
2594,86.0,51.998,1,6.0,1.0,38,18240,38,136.2857,0.8115,137.0973,0.5429,1.8421,0.1579,1,0,1,0.0263,0.0,0.0263,0,0.7895,0.2105,0.8158,30,31,38,0.1623,0.1623,1.2579,0.1842,0.1429,0.1429,0.7143,0.8571,0,0,0.9,10,9,0.5569,0.1,0.1053,0.6842,0.0263,0.2632,0.0,0.0,0.9,0.0,0.0,0.0,0.7963,0.0,completed,,0.5242,14.559441
2595,12.9375,6.311,0,2.0,0.3333,20,9600,70,150.0,0.8322,150.8322,1.0,1.1667,0.1,0,0,0,0.0000,0.0,0.0000,0,0.75,0.25,0.8,15,16,20,0.4161,0.4161,1.2898,0.2,0.25,0.0,0.75,0.75,0,0,0.5,6,3,0.5896,0.1,0.15,0.95,0.15,0.3,0.0,0.0,0.5,0.0,0.0,0.0,0.5623,0.0,inner_patrol,obstacle,0.5239,13.435289
2596,86.0,51.2076,1,6.0,1.0,39,18720,39,136.7143,0.6268,137.3411,0.5571,1.7949,0.1538,0,0,0,0.0000,0.0,0.0000,0,0.8462,0.1538,0.8718,33,34,39,0.1254,0.1254,0.9715,0.1282,0.2,0.2,0.6,0.8,0,0,1.0,10,10,0.5401,0.1,0.0513,0.6667,0.0,0.2564,0.0,0.0,1.0,0.0,0.0,0.0,0.9503,0.0,completed,,0.5236,12.827434
2597,24.5824,11.9914,0,3.0,0.5,28,13440,70,150.0,1.752,151.752,1.0,1.25,0.1071,0,0,0,0.0000,0.0,0.0000,0,0.7857,0.2143,0.7857,22,22,28,0.584,0.584,2.7156,0.2143,0.3333,0.0,0.6667,0.6667,0,0,0.5455,11,6,0.6065,0.1,0.25,0.8571,0.1071,0.3929,0.0,0.0,0.5455,0.0,0.0,0.0,0.6365,0.0,return_outer,obstacle,0.5234,14.557264
2598,86.0,52.3426,1,6.0,1.0,36,17280,36,135.4286,0.8814,136.3099,0.5143,1.9444,0.1667,0,0,0,0.0000,0.0,0.0000,0,0.8333,0.1667,0.8333,30,30,36,0.1763,0.1763,1.3661,0.1667,0.1667,0.0,0.8333,0.8333,0,0,0.9167,12,11,0.5533,0.1,0.1389,0.8056,0.0278,0.3333,0.0,0.0,0.9167,0.0,0.0,0.0,0.4506,0.0,completed,,0.5231,14.373397
2599,86.0,52.1572,1,6.0,1.0,39,18720,39,136.7143,0.0,136.7143,0.5571,1.7949,0.1538,0,0,0,0.0000,0.0,0.0000,0,0.7949,0.2051,0.8718,31,34,39,0.0,0.0,0.0,0.1282,0.0,0.2,0.8,1.0,0,0,0.6667,9,6,0.5368,0.1,0.0513,0.7436,0.0,0.2308,0.0,0.0,0.6667,0.0,0.0,0.0,0.5004,0.0,completed,,0.5228,12.928008
2600,5.8623,2.8597,0,1.0,0.1667,14,6720,70,150.0,0.0,150.0,1.0,0.8333,0.0714,1,0,1,0.0714,0.0,0.0714,0,0.8571,0.1429,0.8571,12,12,14,0.0,0.0,0.0,0.1429,0.0,0.0,1.0,1.0,0,0,0.6,5,3,0.5276,0.1,0.1429,0.7143,0.0,0.3571,0.0,0.0,0.6,0.0,0.0,0.0,-0.0,0.0,enter_inner,obstacle,0.5225,11.13996
2601,4.0632,1.982,0,1.0,0.1667,15,7200,70,150.0,0.0,150.0,1.0,0.7778,0.0667,0,0,0,0.0000,0.0,0.0000,0,0.8667,0.1333,0.9333,13,14,15,0.0,0.0,0.0,0.0667,0.0,1.0,0.0,1.0,0,0,0.6667,3,2,0.5416,0.1,0.0667,0.8,0.0667,0.2,0.0,0.0,0.6667,0.0,0.0,0.0,-0.0,0.0,enter_inner,obstacle,0.5223,10.354501
2602,24.8418,12.1179,0,2.0,0.3333,19,9120,70,150.0,0.0,150.0,1.0,1.2281,0.1053,0,0,0,0.0000,0.0,0.0000,0,0.8947,0.1053,0.8947,17,17,19,0.0,0.0,0.0,0.1053,0.0,0.0,1.0,1.0,0,0,0.5,2,1,0.5253,0.1,0.0526,0.7368,0.0,0.1053,0.0,0.0,0.5,0.0,0.0,0.0,-0.0,0.0,inner_patrol,obstacle,0.522,10.19253
2603,26.9033,13.1235,0,3.0,0.5,24,11520,70,150.0,0.7655,150.7655,1.0,1.4583,0.125,0,0,0,0.0000,0.0,0.0000,0,0.7917,0.2083,0.875,19,21,24,0.2552,0.2552,1.1865,0.125,0.3333,0.3333,0.3333,0.6667,0,0,0.75,4,3,0.5449,0.1,0.0833,0.75,0.0417,0.1667,0.0,0.0,0.75,0.0,0.0,0.0,1.0986,0.0,return_outer,obstacle,0.5217,9.959455
2604,-10.0,-6.72,0,0.0,0.0,4,1920,70,150.0,0.0,150.0,1.0,0.0,0.0,0,0,0,0.0000,0.0,0.0000,0,1.0,0.0,1.0,4,4,4,0.0,0.0,0.0,0.0,0.0,0.0,0.0,0.0,0,0,0.0,0,0,0.4731,0.1,0.0,0.25,0.0,0.0,0.0,0.0,0.0,0.0,0.0,0.0,0.0,0.0,outer_patrol_a,road_edge,0.5215,9.534502
2605,86.0,51.0752,1,6.0,1.0,38,18240,38,136.2857,0.8718,137.1575,0.5429,1.8421,0.1579,0,0,0,0.0000,0.0,0.0000,0,0.7632,0.2368,0.8421,29,32,38,0.1744,0.1744,1.3513,0.1579,0.1667,0.1667,0.6667,0.8333,0,0,0.8571,7,6,0.5567,0.1,0.0789,0.8158,0.0263,0.1842,0.0,0.0,0.8571,0.0,0.0,0.0,0.8676,0.0,completed,,0.5212,11.106
2606,40.4309,19.7224,0,4.0,0.6667,27,12960,70,150.0,1.4647,151.4647,1.0,1.7284,0.1481,1,0,1,0.0370,0.0,0.0370,0,0.7778,0.2222,0.7778,21,21,27,0.3662,0.3662,2.2703,0.2222,0.3333,0.0,0.6667,0.6667,0,0,0.7778,9,7,0.6089,0.1,0.1852,0.7407,0.1481,0.3333,0.0,0.0,0.7778,0.0,0.0,0.0,0.6365,0.0,outer_patrol_b,road_edge,0.5209,12.962319
2607,6.5278,3.1843,0,1.0,0.1667,13,6240,70,150.0,0.0,150.0,1.0,0.8974,0.0769,0,0,0,0.0000,0.0,0.0000,0,0.9231,0.0769,0.9231,12,12,13,0.0,0.0,0.0,0.0769,0.0,0.0,1.0,1.0,0,0,1.0,1,1,0.5071,0.1,0.0,0.7692,0.0,0.0769,0.0,0.0,1.0,0.0,0.0,0.0,-0.0,0.0,enter_inner,obstacle,0.5207,11.34336
2608,25.7003,12.5367,0,3.0,0.5,32,15360,70,150.0,0.795,150.795,1.0,1.0938,0.0938,1,0,1,0.0312,0.0,0.0312,0,0.75,0.25,0.7812,24,25,32,0.265,0.265,1.2323,0.1875,0.1667,0.1667,0.6667,0.8333,0,0,0.4706,17,8,0.6474,0.1,0.3438,0.875,0.2188,0.5312,0.0,0.0,0.4706,0.0,0.0,0.0,0.8676,0.0,return_outer,red_light,0.5204,11.603832
2609,9.8228,4.7916,0,2.0,0.3333,22,10560,70,150.0,0.6751,150.6751,1.0,1.0606,0.0909,0,0,0,0.0000,0.0,0.0000,0,0.7727,0.2273,0.8636,17,19,22,0.3375,0.3375,1.0464,0.1364,0.3333,0.3333,0.3333,0.6667,0,0,0.4,10,4,0.605,0.1,0.3182,0.7273,0.1364,0.4545,0.0,0.0,0.4,0.0,0.0,0.0,1.0986,0.0,inner_patrol,obstacle,0.5201,12.501587
2610,24.4794,11.9412,0,3.0,0.5,30,14400,70,150.0,0.7233,150.7233,1.0,1.1667,0.1,1,0,1,0.0333,0.0,0.0333,0,0.7333,0.2667,0.8333,22,25,30,0.2411,0.2411,1.1211,0.1667,0.2,0.4,0.4,0.8,0,0,0.5333,15,8,0.5973,0.1,0.2333,0.8667,0.0667,0.5,0.0,0.0,0.5333,0.0,0.0,0.0,1.0549,0.0,return_outer,obstacle,0.5199,13.378167
2611,86.0,50.0091,1,6.0,1.0,44,21120,44,138.8571,1.6758,140.533,0.6286,1.5909,0.1364,0,0,0,0.0000,0.0,0.0000,0,0.7727,0.2273,0.8182,34,36,44,0.3352,0.3352,2.5975,0.1818,0.25,0.0,0.75,0.75,0,0,0.5714,14,8,0.5824,0.1,0.1364,0.7273,0.0682,0.3182,0.0,0.0,0.5714,0.0,0.0,0.0,0.5623,0.0,completed,,0.5196,15.318261
2612,0.957,0.4668,0,1.0,0.1667,21,10080,70,150.0,0.8642,150.8642,1.0,0.5556,0.0476,1,0,1,0.0476,0.0,0.0476,0,0.8095,0.1905,0.8571,17,18,21,0.8642,0.8642,1.3395,0.0952,0.5,0.0,0.5,0.5,0,0,0.1111,9,1,0.669,0.1,0.3333,0.8571,0.3333,0.4286,0.0,0.0,0.1111,0.0,0.0,0.0,0.6931,0.0,enter_inner,red_light,0.5193,15.556427
2613,27.4193,13.3753,0,3.0,0.5,25,12000,70,150.0,0.7619,150.7619,1.0,1.4,0.12,1,0,1,0.0400,0.0,0.0400,0,0.72,0.28,0.8,18,20,25,0.254,0.254,1.181,0.2,0.2,0.0,0.8,0.8,0,0,0.625,8,5,0.5819,0.1,0.12,0.88,0.08,0.32,0.0,0.0,0.625,0.0,0.0,0.0,0.5004,0.0,return_outer,obstacle,0.519,14.104811
2614,13.824,6.7434,0,2.0,0.3333,17,8160,70,150.0,0.0,150.0,1.0,1.3725,0.1176,1,0,1,0.0588,0.0,0.0588,0,0.7647,0.2353,0.8824,13,15,17,0.0,0.0,0.0,0.1176,0.0,0.0,1.0,1.0,0,0,0.8333,6,5,0.5214,0.1,0.0588,0.8235,0.0,0.3529,0.0,0.0,0.8333,0.0,0.0,0.0,-0.0,0.0,inner_patrol,obstacle,0.5188,12.666615
2615,29.6864,14.4812,0,3.0,0.5,24,11520,70,150.0,0.0,150.0,1.0,1.4583,0.125,0,0,0,0.0000,0.0,0.0000,0,0.875,0.125,0.875,21,21,24,0.0,0.0,0.0,0.125,0.0,0.3333,0.6667,1.0,0,0,0.625,8,5,0.5696,0.1,0.125,0.8333,0.0417,0.3333,0.0,0.0,0.625,0.0,0.0,0.0,0.6365,0.0,return_outer,obstacle,0.5185,12.019311
2616,86.0,51.2082,1,6.0,1.0,41,19680,41,137.5714,0.7527,138.3241,0.5857,1.7073,0.1463,1,0,1,0.0244,0.0,0.0244,0,0.8049,0.1951,0.8049,33,33,41,0.1505,0.1505,1.1667,0.1951,0.125,0.25,0.625,0.875,0,0,0.6,10,6,0.5652,0.1,0.122,0.8293,0.0732,0.2439,0.0,0.0,0.6,0.0,0.0,0.0,0.9003,0.0,completed,,0.5182,11.114097
2617,86.0,47.7764,1,6.0,1.0,42,20160,42,138.0,2.3171,140.3171,0.6,1.6667,0.1429,1,0,1,0.0238,0.0,0.0238,0,0.7857,0.2143,0.8571,33,36,42,0.4634,0.4634,3.5916,0.1429,0.5,0.1667,0.3333,0.5,0,0,0.8333,12,10,0.5567,0.1,0.0714,0.6667,0.0476,0.2857,0.0,0.0,0.8333,0.0,0.0,0.0,1.0114,0.0,completed,,0.518,11.021041
2618,86.0,50.7491,1,6.0,1.0,39,18720,39,136.7143,1.5608,138.2751,0.5571,1.7949,0.1538,0,0,0,0.0000,0.0,0.0000,0,0.8205,0.1795,0.8205,32,32,39,0.3122,0.3122,2.4192,0.1795,0.2857,0.1429,0.5714,0.7143,0,0,0.7273,11,8,0.5611,0.1,0.1538,0.7949,0.0256,0.2821,0.0,0.0,0.7273,0.0,0.0,0.0,0.9557,0.0,completed,,0.5177,10.024306
2619,86.0,48.873,1,6.0,1.0,44,21120,44,138.8571,1.5233,140.3804,0.6286,1.5909,0.1364,1,0,1,0.0227,0.0,0.0227,0,0.7273,0.2727,0.8409,32,37,44,0.3047,0.3047,2.3611,0.1591,0.2857,0.0,0.7143,0.7143,0,0,0.75,12,9,0.5539,0.1,0.1364,0.7273,0.0,0.2727,0.0,0.0,0.75,0.0,0.0,0.0,0.5983,0.0,completed,,0.5174,11.537051
2620,86.0,49.8189,1,6.0,1.0,39,18720,39,136.7143,1.3313,138.0456,0.5571,1.7949,0.1538,0,0,0,0.0000,0.0,0.0000,0,0.8205,0.1795,0.8462,32,33,39,0.2663,0.2663,2.0635,0.1538,0.3333,0.5,0.1667,0.6667,0,0,1.0,8,8,0.5474,0.1,0.0256,0.7949,0.0,0.2051,0.0,0.0,1.0,0.0,0.0,0.0,1.0114,0.0,completed,,0.5172,12.451997
2621,-10.0,-6.8,0,0.0,0.0,4,1920,70,150.0,0.0,150.0,1.0,0.0,0.0,1,0,1,0.2500,0.0,0.2500,0,0.75,0.25,1.0,3,4,4,0.0,0.0,0.0,0.0,0.0,0.0,0.0,0.0,0,0,0.0,1,0,0.4966,0.1,0.0,1.0,0.0,0.25,0.0,0.0,0.0,0.0,0.0,0.0,0.0,0.0,outer_patrol_a,road_edge,0.5169,13.018098
2622,86.0,48.085,1,6.0,1.0,43,20640,43,138.4286,2.2569,140.6854,0.6143,1.6279,0.1395,1,0,1,0.0233,0.0,0.0233,0,0.7442,0.2558,0.8605,32,37,43,0.4514,0.4514,3.4982,0.1628,0.4286,0.1429,0.4286,0.5714,0,0,0.8,15,12,0.5527,0.1,0.093,0.8837,0.0233,0.3488,0.0,0.0,0.8,0.0,0.0,0.0,1.0042,0.0,completed,,0.5166,13.136148
2623,86.0,51.5444,1,6.0,1.0,40,19200,40,137.1429,0.0,137.1429,0.5714,1.75,0.15,0,0,0,0.0000,0.0,0.0000,0,0.775,0.225,0.875,31,35,40,0.0,0.0,0.0,0.125,0.0,0.2,0.8,1.0,0,0,0.7778,9,7,0.5472,0.1,0.05,0.725,0.025,0.225,0.0,0.0,0.7778,0.0,0.0,0.0,0.5004,0.0,completed,,0.5163,13.996884
2624,58.0063,28.2957,0,4.0,0.6667,37,17760,70,150.0,0.7997,150.7997,1.0,1.2613,0.1081,1,0,1,0.0270,0.0,0.0270,0,0.8108,0.1892,0.8919,30,33,37,0.1999,0.1999,1.2396,0.1081,0.25,0.25,0.5,0.75,0,0,0.6667,9,6,0.536,0.1,0.027,0.8378,0.0,0.2432,0.0,0.0,0.6667,0.0,0.0,0.0,1.0397,0.0,outer_patrol_b,road_edge,0.5161,13.837424
2625,86.0,51.7408,1,6.0,1.0,38,18240,38,136.2857,0.0,136.2857,0.5429,1.8421,0.1579,1,0,1,0.0263,0.0,0.0263,0,0.7895,0.2105,0.8684,30,33,38,0.0,0.0,0.0,0.1316,0.0,0.4,0.6,1.0,0,0,0.875,8,7,0.5361,0.1,0.1053,0.8158,0.0,0.2105,0.0,0.0,0.875,0.0,0.0,0.0,0.673,0.0,completed,,0.5158,12.000945
2626,30.4745,14.8656,0,3.0,0.5,25,12000,70,150.0,0.0,150.0,1.0,1.4,0.12,1,0,1,0.0400,0.0,0.0400,0,0.8,0.2,0.84,20,21,25,0.0,0.0,0.0,0.16,0.0,0.25,0.75,1.0,0,0,0.6,10,6,0.5846,0.1,0.16,0.84,0.04,0.4,0.0,0.0,0.6,0.0,0.0,0.0,0.5623,0.0,return_outer,obstacle,0.5155,11.776676
2627,27.3103,13.3221,0,3.0,0.5,26,12480,70,150.0,0.8695,150.8695,1.0,1.3462,0.1154,0,0,0,0.0000,0.0,0.0000,0,0.8077,0.1923,0.8462,21,22,26,0.2898,0.2898,1.3477,0.1538,0.25,0.0,0.75,0.75,0,0,0.5,4,2,0.5639,0.1,0.0769,0.6538,0.0385,0.1538,0.0,0.0,0.5,0.0,0.0,0.0,0.5623,0.0,return_outer,obstacle,0.5153,10.614542
2628,86.0,51.5155,1,6.0,1.0,40,19200,40,137.1429,0.0,137.1429,0.5714,1.75,0.15,0,0,0,0.0000,0.0,0.0000,0,0.8,0.2,0.875,32,35,40,0.0,0.0,0.0,0.125,0.0,0.2,0.8,1.0,0,0,0.7273,11,8,0.5442,0.1,0.075,0.825,0.0,0.275,0.0,0.0,0.7273,0.0,0.0,0.0,0.5004,0.0,completed,,0.515,11.145921
2629,59.6751,29.1098,0,4.0,0.6667,38,18240,70,150.0,1.4588,151.4588,1.0,1.2281,0.1053,1,0,1,0.0263,0.0,0.0263,0,0.7895,0.2105,0.8421,30,32,38,0.3647,0.3647,2.2611,0.1579,0.3333,0.0,0.6667,0.6667,0,0,0.8182,11,9,0.5666,0.1,0.0789,0.8158,0.0526,0.2895,0.0,0.0,0.8182,0.0,0.0,0.0,0.6365,0.0,outer_patrol_b,road_edge,0.5147,10.885136
2630,86.0,52.2237,1,6.0,1.0,40,19200,40,137.1429,0.0,137.1429,0.5714,1.75,0.15,0,0,0,0.0000,0.0,0.0000,0,0.825,0.175,0.85,33,34,40,0.0,0.0,0.0,0.15,0.0,0.1667,0.8333,1.0,0,0,0.5556,9,5,0.5528,0.1,0.125,0.775,0.025,0.225,0.0,0.0,0.5556,0.0,0.0,0.0,0.4506,0.0,completed,,0.5145,11.927081
2631,29.7942,14.5338,0,3.0,0.5,24,11520,70,150.0,0.0,150.0,1.0,1.4583,0.125,0,0,0,0.0000,0.0,0.0000,0,0.75,0.25,0.8333,18,20,24,0.0,0.0,0.0,0.1667,0.0,0.5,0.5,1.0,0,0,0.7,10,7,0.572,0.1,0.2083,0.8333,0.0417,0.4167,0.0,0.0,0.7,0.0,0.0,0.0,0.6931,0.0,return_outer,obstacle,0.5142,13.39642
2632,26.8885,13.1163,0,3.0,0.5,28,13440,70,150.0,0.76,150.76,1.0,1.25,0.1071,0,0,0,0.0000,0.0,0.0000,0,0.7857,0.2143,0.8214,22,23,28,0.2533,0.2533,1.1781,0.1786,0.2,0.0,0.8,0.8,0,0,0.5455,11,6,0.5906,0.1,0.1786,0.8571,0.0714,0.3929,0.0,0.0,0.5455,0.0,0.0,0.0,0.5004,0.0,return_outer,obstacle,0.5139,13.974372
2633,86.0,52.8934,1,6.0,1.0,37,17760,37,135.8571,0.0,135.8571,0.5286,1.8919,0.1622,1,0,1,0.0270,0.0,0.0270,0,0.8378,0.1622,0.8649,31,32,37,0.0,0.0,0.0,0.1351,0.0,0.0,1.0,1.0,0,0,0.7692,13,10,0.5547,0.1,0.1351,0.6757,0.0,0.3514,0.0,0.0,0.7692,0.0,0.0,0.0,-0.0,0.0,completed,,0.5137,12.552347
2634,5.6907,2.7759,0,1.0,0.1667,14,6720,70,150.0,0.0,150.0,1.0,0.8333,0.0714,1,0,1,0.0714,0.0,0.0714,0,0.8571,0.1429,0.9286,12,13,14,0.0,0.0,0.0,0.0714,0.0,0.0,1.0,1.0,0,0,0.0,1,0,0.4929,0.1,0.0714,0.7857,0.0,0.0714,0.0,0.0,0.0,0.0,0.0,0.0,-0.0,0.0,enter_inner,obstacle,0.5134,11.739947
2635,4.3604,2.127,0,1.0,0.1667,16,7680,70,150.0,0.0,150.0,1.0,0.7292,0.0625,0,0,0,0.0000,0.0,0.0000,0,0.8125,0.1875,0.875,13,14,16,0.0,0.0,0.0,0.125,0.0,0.5,0.5,1.0,0,0,0.4,5,2,0.5563,0.1,0.125,0.6875,0.125,0.3125,0.0,0.0,0.4,0.0,0.0,0.0,0.6931,0.0,enter_inner,obstacle,0.5131,9.921787
2636,86.0,52.2474,1,6.0,1.0,42,20160,42,138.0,0.0,138.0,0.6,1.6667,0.1429,0,0,0,0.0000,0.0,0.0000,0,0.7619,0.2381,0.8333,32,35,42,0.0,0.0,0.0,0.1667,0.0,0.1429,0.8571,1.0,0,0,0.6429,14,9,0.5774,0.1,0.119,0.9048,0.0714,0.3333,0.0,0.0,0.6429,0.0,0.0,0.0,0.4101,0.0,completed,,0.5128,8.462786
2637,30.3386,14.7993,0,3.0,0.5,24,11520,70,150.0,0.0,150.0,1.0,1.4583,0.125,0,0,0,0.0000,0.0,0.0000,0,0.7917,0.2083,0.8333,19,20,24,0.0,0.0,0.0,0.1667,0.0,0.25,0.75,1.0,0,0,0.6667,9,6,0.5786,0.1,0.0833,0.8333,0.0833,0.375,0.0,0.0,0.6667,0.0,0.0,0.0,0.5623,0.0,return_outer,obstacle,0.5126,10.266423
2638,16.1876,7.8964,0,2.0,0.3333,14,6720,70,150.0,0.0,150.0,1.0,1.6667,0.1429,0,0,0,0.0000,0.0,0.0000,0,0.8571,0.1429,0.8571,12,12,14,0.0,0.0,0.0,0.1429,0.0,0.0,1.0,1.0,0,0,1.0,2,2,0.5083,0.1,0.0,0.7143,0.0,0.1429,0.0,0.0,1.0,0.0,0.0,0.0,-0.0,0.0,inner_patrol,obstacle,0.5123,10.761602
2639,26.3641,12.8605,0,2.0,0.3333,21,10080,70,150.0,0.0,150.0,1.0,1.1111,0.0952,0,0,0,0.0000,0.0,0.0000,0,0.8095,0.1905,0.9048,17,19,21,0.0,0.0,0.0,0.0952,0.0,0.0,1.0,1.0,0,0,0.7143,7,5,0.5401,0.1,0.0952,0.8571,0.0,0.3333,0.0,0.0,0.7143,0.0,0.0,0.0,-0.0,0.0,inner_patrol,obstacle,0.512,10.258085
2640,86.0,51.9646,1,6.0,1.0,37,17760,37,135.8571,0.0,135.8571,0.5286,1.8919,0.1622,1,0,1,0.0270,0.0,0.0270,0,0.8108,0.1892,0.8649,30,32,37,0.0,0.0,0.0,0.1351,0.0,0.4,0.6,1.0,0,0,0.8,5,4,0.5247,0.1,0.0541,0.6757,0.0,0.1351,0.0,0.0,0.8,0.0,0.0,0.0,0.673,0.0,completed,,0.5118,13.108967
2641,6.5321,3.1864,0,1.0,0.1667,13,6240,70,150.0,0.0,150.0,1.0,0.8974,0.0769,1,0,1,0.0769,0.0,0.0769,0,0.9231,0.0769,0.9231,12,12,13,0.0,0.0,0.0,0.0769,0.0,0.0,1.0,1.0,0,0,0.5,2,1,0.495,0.1,0.0769,0.5385,0.0,0.1538,0.0,0.0,0.5,0.0,0.0,0.0,-0.0,0.0,enter_inner,obstacle,0.5115,14.443162
2642,15.3689,7.497,0,2.0,0.3333,28,13440,70,150.0,1.3842,151.3842,1.0,0.8333,0.0714,1,0,1,0.0357,0.0,0.0357,0,0.8214,0.1786,0.8571,23,24,28,0.6921,0.6921,2.1454,0.1429,0.5,0.0,0.5,0.5,0,0,0.3846,13,5,0.6349,0.1,0.3214,0.7857,0.1786,0.4643,0.0,0.0,0.3846,0.0,0.0,0.0,0.6931,0.0,inner_patrol,obstacle,0.5112,14.421604
2643,-8.7125,-4.25,0,0.0,0.0,9,4320,70,150.0,0.0,150.0,1.0,0.0,0.0,1,0,1,0.1111,0.0,0.1111,0,0.8889,0.1111,1.0,8,9,9,0.0,0.0,0.0,0.0,0.0,0.0,0.0,0.0,0,0,0.5,2,1,0.5104,0.1,0.0,0.6667,0.0,0.2222,0.0,0.0,0.5,0.0,0.0,0.0,0.0,0.0,outer_patrol_a,road_edge,0.511,14.339885
2644,86.0,50.8298,1,6.0,1.0,40,19200,40,137.1429,1.2588,138.4016,0.5714,1.75,0.15,0,0,0,0.0000,0.0,0.0000,0,0.7,0.3,0.8,28,32,40,0.2518,0.2518,1.9511,0.2,0.25,0.0,0.75,0.75,0,0,0.9,10,9,0.5513,0.1,0.15,0.725,0.025,0.25,0.0,0.0,0.9,0.0,0.0,0.0,0.5623,0.0,completed,,0.5107,14.132026
2645,5.0402,2.4586,0,1.0,0.1667,14,6720,70,150.0,0.0,150.0,1.0,0.8333,0.0714,0,0,0,0.0000,0.0,0.0000,0,0.8571,0.1429,0.9286,12,13,14,0.0,0.0,0.0,0.0714,0.0,0.0,1.0,1.0,0,0,0.75,4,3,0.5226,0.1,0.0714,0.7857,0.0714,0.2857,0.0,0.0,0.75,0.0,0.0,0.0,-0.0,0.0,enter_inner,obstacle,0.5104,14.010303
2646,86.0,49.1558,1,6.0,1.0,43,20640,43,138.4286,2.5189,140.9475,0.6143,1.6279,0.1395,0,0,0,0.0000,0.0,0.0000,0,0.7442,0.2558,0.7907,32,34,43,0.5038,0.5038,3.9043,0.2093,0.3333,0.0,0.6667,0.6667,0,0,0.625,8,5,0.5729,0.1,0.1628,0.6512,0.0698,0.186,0.0,0.0,0.625,0.0,0.0,0.0,0.6365,0.0,completed,,0.5101,12.144198
2647,86.0,50.82,1,6.0,1.0,45,21600,45,139.2857,0.0,139.2857,0.6429,1.5556,0.1333,0,0,0,0.0000,0.0,0.0000,0,0.7111,0.2889,0.8222,32,37,45,0.0,0.0,0.0,0.1778,0.0,0.0,1.0,1.0,0,0,0.5,14,7,0.5508,0.1,0.1111,0.8444,0.0222,0.3111,0.0,0.0,0.5,0.0,0.0,0.0,-0.0,0.0,completed,,0.5099,11.06939
2648,86.0,50.7911,1,6.0,1.0,41,19680,41,137.5714,0.7041,138.2755,0.5857,1.7073,0.1463,1,0,1,0.0244,0.0,0.0244,0,0.7561,0.2439,0.8537,31,35,41,0.1408,0.1408,1.0913,0.1463,0.1667,0.1667,0.6667,0.8333,0,0,0.8333,12,10,0.5541,0.1,0.0732,0.7073,0.0244,0.2927,0.0,0.0,0.8333,0.0,0.0,0.0,0.8676,0.0,completed,,0.5096,12.190594
2649,62.6365,30.5544,0,5.0,0.8333,41,19680,70,150.0,0.7526,150.7526,1.0,1.4228,0.122,0,0,0,0.0000,0.0,0.0000,0,0.7561,0.2439,0.8537,31,35,41,0.1505,0.1505,1.1665,0.1463,0.1667,0.0,0.8333,0.8333,0,0,0.6364,11,7,0.5432,0.1,0.0732,0.9024,0.0488,0.2683,0.0,0.0,0.6364,0.0,0.0,0.0,0.4506,0.0,final_park,wall,0.5093,11.777553
2650,86.0,53.5256,1,6.0,1.0,37,17760,37,135.8571,0.0,135.8571,0.5286,1.8919,0.1622,0,0,0,0.0000,0.0,0.0000,0,0.7838,0.2162,0.8378,29,31,37,0.0,0.0,0.0,0.1622,0.0,0.0,1.0,1.0,0,0,0.875,8,7,0.555,0.1,0.0811,0.6216,0.0541,0.2162,0.0,0.0,0.875,0.0,0.0,0.0,-0.0,0.0,completed,,0.5091,10.848726
2651,22.3081,10.882,0,2.0,0.3333,19,9120,70,150.0,0.0,150.0,1.0,1.2281,0.1053,0,0,0,0.0000,0.0,0.0000,0,0.7895,0.2105,0.8947,15,17,19,0.0,0.0,0.0,0.1053,0.0,0.0,1.0,1.0,0,0,1.0,5,5,0.5264,0.1,0.0526,0.7368,0.0,0.2632,0.0,0.0,1.0,0.0,0.0,0.0,-0.0,0.0,inner_patrol,obstacle,0.5088,10.814656
2652,12.789,6.2385,0,2.0,0.3333,16,7680,70,150.0,0.6913,150.6913,1.0,1.4583,0.125,0,0,0,0.0000,0.0,0.0000,0,0.75,0.25,0.8125,12,13,16,0.3456,0.3456,1.0715,0.1875,0.3333,0.3333,0.3333,0.6667,0,0,0.8,5,4,0.5551,0.1,0.125,0.625,0.0625,0.3125,0.0,0.0,0.8,0.0,0.0,0.0,1.0986,0.0,inner_patrol,obstacle,0.5085,13.021865
2653,5.5769,2.7204,0,1.0,0.1667,13,6240,70,150.0,0.0,150.0,1.0,0.8974,0.0769,1,0,1,0.0769,0.0,0.0769,0,0.9231,0.0769,0.9231,12,12,13,0.0,0.0,0.0,0.0769,0.0,1.0,0.0,1.0,0,0,0.0,1,0,0.5005,0.1,0.0769,0.8462,0.0,0.0769,0.0,0.0,0.0,0.0,0.0,0.0,-0.0,0.0,enter_inner,obstacle,0.5083,12.760193
2654,86.0,50.448,1,6.0,1.0,39,18720,39,136.7143,1.4901,138.2043,0.5571,1.7949,0.1538,1,0,1,0.0256,0.0,0.0256,0,0.8462,0.1538,0.8462,33,33,39,0.298,0.298,2.3096,0.1538,0.3333,0.0,0.6667,0.6667,0,0,0.7778,9,7,0.5587,0.1,0.0769,0.7949,0.0256,0.2308,0.0,0.0,0.7778,0.0,0.0,0.0,0.6365,0.0,completed,,0.508,12.632404
2655,86.0,50.9926,1,6.0,1.0,43,20640,43,138.4286,0.8124,139.241,0.6143,1.6279,0.1395,0,0,0,0.0000,0.0,0.0000,0,0.7442,0.2558,0.8372,32,36,43,0.1625,0.1625,1.2592,0.1628,0.1429,0.0,0.8571,0.8571,0,0,0.6667,18,12,0.5675,0.1,0.1395,0.8605,0.0465,0.4186,0.0,0.0,0.6667,0.0,0.0,0.0,0.4101,0.0,completed,,0.5077,10.775403
2656,27.4793,13.4045,0,3.0,0.5,30,14400,70,150.0,0.0,150.0,1.0,1.1667,0.1,1,0,1,0.0333,0.0,0.0333,0,0.6667,0.3333,0.8333,20,25,30,0.0,0.0,0.0,0.1667,0.0,0.0,1.0,1.0,0,0,0.3333,9,3,0.5556,0.1,0.1333,0.8333,0.0667,0.3,0.0,0.0,0.3333,0.0,0.0,0.0,-0.0,0.0,return_outer,obstacle,0.5075,9.662616
2657,1.0256,0.5003,0,1.0,0.1667,19,9120,70,150.0,0.0,150.0,1.0,0.614,0.0526,1,0,1,0.0526,0.0,0.0526,0,0.7895,0.2105,0.9474,15,18,19,0.0,0.0,0.0,0.0526,0.0,1.0,0.0,1.0,0,0,0.6,10,6,0.5592,0.1,0.0526,0.7895,0.0526,0.5263,0.0,0.0,0.6,0.0,0.0,0.0,-0.0,0.0,enter_inner,obstacle,0.5072,9.683263
2658,16.677,8.1351,0,2.0,0.3333,15,7200,70,150.0,0.0,150.0,1.0,1.5556,0.1333,0,0,0,0.0000,0.0,0.0000,0,0.7333,0.2667,0.8,11,12,15,0.0,0.0,0.0,0.2,0.0,0.3333,0.6667,1.0,0,0,0.6667,3,2,0.5422,0.1,0.0667,0.7333,0.0667,0.2,0.0,0.0,0.6667,0.0,0.0,0.0,0.6365,0.0,inner_patrol,obstacle,0.5069,9.968126
2659,86.0,50.8572,1,6.0,1.0,41,19680,41,137.5714,0.0,137.5714,0.5857,1.7073,0.1463,1,0,1,0.0244,0.0,0.0244,0,0.7805,0.2195,0.8537,32,35,41,0.0,0.0,0.0,0.1463,0.0,0.5,0.5,1.0,0,0,0.375,8,3,0.536,0.1,0.0488,0.8293,0.0,0.1951,0.0,0.0,0.375,0.0,0.0,0.0,0.6931,0.0,completed,,0.5066,8.953952
2660,37.9692,18.5216,0,4.0,0.6667,26,12480,70,150.0,0.8215,150.8215,1.0,1.7949,0.1538,0,0,0,0.0000,0.0,0.0000,0,0.7692,0.2308,0.8462,20,22,26,0.2054,0.2054,1.2733,0.1538,0.25,0.0,0.75,0.75,0,0,0.875,8,7,0.5507,0.1,0.0769,0.8077,0.0,0.3077,0.0,0.0,0.875,0.0,0.0,0.0,0.5623,0.0,outer_patrol_b,road_edge,0.5064,11.32086
2661,3.8532,1.8796,0,1.0,0.1667,16,7680,70,150.0,0.0,150.0,1.0,0.7292,0.0625,0,0,0,0.0000,0.0,0.0000,0,0.9375,0.0625,0.9375,15,15,16,0.0,0.0,0.0,0.0625,0.0,0.0,1.0,1.0,0,0,0.5,6,3,0.544,0.1,0.0625,0.625,0.0625,0.375,0.0,0.0,0.5,0.0,0.0,0.0,-0.0,0.0,enter_inner,obstacle,0.5061,10.456987
2662,86.0,49.3599,1,6.0,1.0,48,23040,48,140.5714,0.8118,141.3833,0.6857,1.4583,0.125,1,0,1,0.0208,0.0,0.0208,0,0.75,0.25,0.8542,36,41,48,0.1624,0.1624,1.2583,0.1458,0.1429,0.0,0.8571,0.8571,0,0,0.4667,15,7,0.5726,0.1,0.1458,0.7917,0.0833,0.3125,0.0,0.0,0.4667,0.0,0.0,0.0,0.4101,0.0,completed,,0.5058,11.58558
2663,86.0,51.9184,1,6.0,1.0,39,18720,39,136.7143,0.7589,137.4732,0.5571,1.7949,0.1538,1,0,1,0.0256,0.0,0.0256,0,0.7949,0.2051,0.8462,31,33,39,0.1518,0.1518,1.1764,0.1538,0.1667,0.0,0.8333,0.8333,0,0,0.875,16,14,0.5605,0.1,0.1282,0.8205,0.0256,0.4103,0.0,0.0,0.875,0.0,0.0,0.0,0.4506,0.0,completed,,0.5056,12.609705
2664,10.4738,5.1092,0,2.0,0.3333,18,8640,70,150.0,1.3427,151.3427,1.0,1.2963,0.1111,0,0,0,0.0000,0.0,0.0000,0,0.7778,0.2222,0.8333,14,15,18,0.6713,0.6713,2.0811,0.1667,0.6667,0.3333,0.0,0.3333,0,0,0.8333,6,5,0.553,0.1,0.1667,0.7222,0.0556,0.3333,0.0,0.0,0.8333,0.0,0.0,0.0,0.6365,0.0,inner_patrol,obstacle,0.5053,14.441023
2665,86.0,51.8899,1,6.0,1.0,37,17760,37,135.8571,0.0,135.8571,0.5286,1.8919,0.1622,0,0,0,0.0000,0.0,0.0000,0,0.8378,0.1622,0.8649,31,32,37,0.0,0.0,0.0,0.1351,0.0,0.6,0.4,1.0,0,0,0.8333,12,10,0.5469,0.1,0.1081,0.7568,0.027,0.3243,0.0,0.0,0.8333,0.0,0.0,0.0,0.673,0.0,completed,,0.505,13.479439
2666,5.8833,2.8699,0,1.0,0.1667,13,6240,70,150.0,0.0,150.0,1.0,0.8974,0.0769,1,0,1,0.0769,0.0,0.0769,0,0.9231,0.0769,0.9231,12,12,13,0.0,0.0,0.0,0.0769,0.0,0.0,1.0,1.0,0,0,0.5,2,1,0.5392,0.1,0.0769,0.9231,0.0769,0.1538,0.0,0.0,0.5,0.0,0.0,0.0,-0.0,0.0,enter_inner,obstacle,0.5048,13.566288
2667,1.6976,0.8281,0,1.0,0.1667,16,7680,70,150.0,0.7238,150.7238,1.0,0.7292,0.0625,0,0,0,0.0000,0.0,0.0000,0,0.8125,0.1875,0.875,13,14,16,0.7238,0.7238,1.1219,0.125,0.5,0.5,0.0,0.5,0,0,0.5,6,3,0.5543,0.1,0.125,0.6875,0.0625,0.375,0.0,0.0,0.5,0.0,0.0,0.0,0.6931,0.0,enter_inner,obstacle,0.5045,13.14354
2668,86.0,51.4773,1,6.0,1.0,38,18240,38,136.2857,1.296,137.5817,0.5429,1.8421,0.1579,1,0,1,0.0263,0.0,0.0263,0,0.7895,0.2105,0.8421,30,32,38,0.2592,0.2592,2.0088,0.1579,0.3333,0.0,0.6667,0.6667,0,0,0.8333,6,5,0.5346,0.1,0.0263,0.7368,0.0,0.1579,0.0,0.0,0.8333,0.0,0.0,0.0,0.6365,0.0,completed,,0.5042,11.64945
2669,2.0294,0.9899,0,1.0,0.1667,18,8640,70,150.0,0.0,150.0,1.0,0.6481,0.0556,1,0,1,0.0556,0.0,0.0556,0,0.8889,0.1111,0.9444,16,17,18,0.0,0.0,0.0,0.0556,0.0,1.0,0.0,1.0,0,0,0.4286,7,3,0.5253,0.1,0.0556,0.6667,0.0,0.3889,0.0,0.0,0.4286,0.0,0.0,0.0,-0.0,0.0,enter_inner,obstacle,0.5039,13.208088
2670,86.0,46.3314,1,6.0,1.0,42,20160,42,138.0,3.888,141.888,0.6,1.6667,0.1429,0,0,0,0.0000,0.0,0.0000,0,0.7619,0.2381,0.8095,32,34,42,0.7776,0.7776,6.0264,0.1905,0.625,0.125,0.25,0.375,0,0,1.0,7,7,0.5558,0.1,0.0952,0.6905,0.0238,0.1667,0.0,0.0,1.0,0.0,0.0,0.0,0.9003,0.0,completed,,0.5037,15.078668
2671,86.0,47.7127,1,6.0,1.0,44,21120,44,138.8571,2.0049,140.862,0.6286,1.5909,0.1364,0,0,0,0.0000,0.0,0.0000,0,0.8182,0.1818,0.8636,36,38,44,0.401,0.401,3.1076,0.1364,0.5,0.0,0.5,0.5,0,0,0.7333,15,11,0.5523,0.1,0.1136,0.7955,0.0,0.3409,0.0,0.0,0.7333,0.0,0.0,0.0,0.6931,0.0,completed,,0.5034,12.794094
2672,86.0,49.6101,1,6.0,1.0,38,18240,38,136.2857,1.6645,137.9502,0.5429,1.8421,0.1579,1,0,1,0.0263,0.0,0.0263,0,0.7895,0.2105,0.8421,30,32,38,0.3329,0.3329,2.5799,0.1579,0.3333,0.3333,0.3333,0.6667,0,0,1.0,6,6,0.5316,0.1,0.1053,0.6579,0.0,0.1579,0.0,0.0,1.0,0.0,0.0,0.0,1.0986,0.0,completed,,0.5031,11.101529
2673,86.0,53.0037,1,6.0,1.0,38,18240,38,136.2857,0.0,136.2857,0.5429,1.8421,0.1579,1,0,1,0.0263,0.0,0.0263,0,0.8421,0.1579,0.8684,32,33,38,0.0,0.0,0.0,0.1316,0.0,0.0,1.0,1.0,0,0,0.7,10,7,0.5464,0.1,0.0789,0.7632,0.0,0.2632,0.0,0.0,0.7,0.0,0.0,0.0,-0.0,0.0,completed,,0.5029,10.295866
2674,86.0,50.0,1,6.0,1.0,40,19200,40,137.1429,1.5009,138.6437,0.5714,1.75,0.15,1,0,1,0.0250,0.0,0.0250,0,0.775,0.225,0.825,31,33,40,0.3002,0.3002,2.3264,0.175,0.2857,0.2857,0.4286,0.7143,0,0,0.6364,11,7,0.578,0.1,0.175,0.8,0.075,0.275,0.0,0.0,0.6364,0.0,0.0,0.0,1.079,0.0,completed,,0.5026,11.085308
2675,-10.0,-7.79,0,0.0,0.0,3,1440,70,150.0,0.0,150.0,1.0,0.0,0.0,0,0,0,0.0000,0.0,0.0000,0,1.0,0.0,1.0,3,3,3,0.0,0.0,0.0,0.0,0.0,0.0,0.0,0.0,0,0,0.0,0,0,0.4468,0.1,0.0,0.6667,0.0,0.0,0.0,0.0,0.0,0.0,0.0,0.0,0.0,0.0,outer_patrol_a,road_edge,0.5023,11.085308
2676,86.0,48.0524,1,6.0,1.0,44,21120,44,138.8571,1.5203,140.3774,0.6286,1.5909,0.1364,1,0,1,0.0227,0.0,0.0227,0,0.75,0.25,0.8636,33,38,44,0.3041,0.3041,2.3564,0.1364,0.3333,0.1667,0.5,0.6667,0,0,0.8,10,8,0.5432,0.1,0.0909,0.75,0.0,0.2273,0.0,0.0,0.8,0.0,0.0,0.0,1.0114,0.0,completed,,0.5021,13.926463
2677,67.6456,32.9978,0,5.0,0.8333,41,19680,70,150.0,0.0,150.0,1.0,1.4228,0.122,1,0,1,0.0244,0.0,0.0244,0,0.7805,0.2195,0.8049,32,33,41,0.0,0.0,0.0,0.1951,0.0,0.125,0.875,1.0,0,0,0.4615,13,6,0.5625,0.1,0.1707,0.7805,0.0488,0.3171,0.0,0.0,0.4615,0.0,0.0,0.0,0.3768,0.0,final_park,wall,0.5018,12.333739
2678,12.5447,6.1193,0,2.0,0.3333,18,8640,70,150.0,0.0,150.0,1.0,1.2963,0.1111,1,0,1,0.0556,0.0,0.0556,0,0.7778,0.2222,0.8889,14,16,18,0.0,0.0,0.0,0.1111,0.0,1.0,0.0,1.0,0,0,1.0,3,3,0.5064,0.1,0.0,0.5556,0.0,0.1667,0.0,0.0,1.0,0.0,0.0,0.0,-0.0,0.0,inner_patrol,obstacle,0.5015,11.851589
2679,-10.0,-6.72,0,0.0,0.0,4,1920,70,150.0,0.0,150.0,1.0,0.0,0.0,0,0,0,0.0000,0.0,0.0000,0,1.0,0.0,1.0,4,4,4,0.0,0.0,0.0,0.0,0.0,0.0,0.0,0.0,0,0,0.0,0,0,0.4945,0.1,0.0,0.5,0.0,0.0,0.0,0.0,0.0,0.0,0.0,0.0,0.0,0.0,outer_patrol_a,road_edge,0.5013,11.562779
2680,60.4916,29.5081,0,5.0,0.8333,45,21600,70,150.0,1.4791,151.4791,1.0,1.2963,0.1111,1,0,1,0.0222,0.0,0.0222,0,0.7556,0.2444,0.8222,34,37,45,0.2958,0.2958,2.2926,0.1778,0.25,0.125,0.625,0.75,0,0,0.5556,18,10,0.6072,0.1,0.2,0.8444,0.1333,0.4,0.0,0.0,0.5556,0.0,0.0,0.0,0.9003,0.0,final_park,wall,0.501,10.629228
2681,35.7081,17.4186,0,4.0,0.6667,33,15840,70,150.0,0.882,150.882,1.0,1.4141,0.1212,0,0,0,0.0000,0.0,0.0000,0,0.7273,0.2727,0.8182,24,27,33,0.2205,0.2205,1.3672,0.1818,0.1667,0.0,0.8333,0.8333,0,0,0.4737,19,9,0.618,0.1,0.303,0.9091,0.1212,0.5758,0.0,0.0,0.4737,0.0,0.0,0.0,0.4506,0.0,outer_patrol_b,road_edge,0.5007,11.522439
2682,-10.0,-9.19,0,0.0,0.0,3,1440,70,150.0,0.0,150.0,1.0,0.0,0.0,1,0,1,0.3333,0.0,0.3333,0,1.0,0.0,1.0,3,3,3,0.0,0.0,0.0,0.0,0.0,0.0,0.0,0.0,0,0,0.5,2,1,0.5498,0.1,0.0,0.6667,0.0,0.6667,0.0,0.0,0.5,0.0,0.0,0.0,0.0,0.0,outer_patrol_a,road_edge,0.5004,11.522439
2683,86.0,49.5821,1,6.0,1.0,41,19680,41,137.5714,0.6548,138.2263,0.5857,1.7073,0.1463,1,0,1,0.0244,0.0,0.0244,0,0.7805,0.2195,0.878,32,36,41,0.131,0.131,1.015,0.122,0.2,0.6,0.2,0.8,0,0,0.8889,9,8,0.546,0.1,0.0732,0.7317,0.0244,0.2195,0.0,0.0,0.8889,0.0,0.0,0.0,0.9503,0.0,completed,,0.5002,10.184364
2684,-10.0,-9.93,0,0.0,0.0,1,480,70,150.0,0.0,150.0,1.0,0.0,0.0,1,0,1,1.0000,0.0,1.0000,0,1.0,0.0,1.0,1,1,1,0.0,0.0,0.0,0.0,0.0,0.0,0.0,0.0,0,0,0.0,0,0,0.4259,0.1,0.0,1.0,0.0,0.0,0.0,0.0,0.0,0.0,0.0,0.0,0.0,0.0,outer_patrol_a,road_edge,0.4999,10.184364
2685,14.4778,7.0623,0,2.0,0.3333,21,10080,70,150.0,0.0,150.0,1.0,1.1111,0.0952,0,0,0,0.0000,0.0,0.0000,0,0.7143,0.2857,0.8095,15,17,21,0.0,0.0,0.0,0.1905,0.0,0.0,1.0,1.0,0,0,0.0,6,0,0.5882,0.1,0.2381,0.7619,0.1429,0.2857,0.0,0.0,0.0,0.0,0.0,0.0,-0.0,0.0,inner_patrol,obstacle,0.4996,12.882196
2686,86.0,49.6795,1,6.0,1.0,43,20640,43,138.4286,0.7664,139.195,0.6143,1.6279,0.1395,0,0,0,0.0000,0.0,0.0000,0,0.7907,0.2093,0.8605,34,37,43,0.1533,0.1533,1.1879,0.1395,0.1667,0.1667,0.6667,0.8333,0,0,0.7857,14,11,0.549,0.1,0.093,0.7209,0.0233,0.3256,0.0,0.0,0.7857,0.0,0.0,0.0,0.8676,0.0,completed,,0.4994,12.940403
2687,62.6596,30.5657,0,5.0,0.8333,41,19680,70,150.0,1.4802,151.4802,1.0,1.4228,0.122,0,0,0,0.0000,0.0,0.0000,0,0.7561,0.2439,0.8049,31,33,41,0.296,0.296,2.2944,0.1951,0.25,0.0,0.75,0.75,0,0,0.6667,9,6,0.5584,0.1,0.122,0.7805,0.0244,0.2195,0.0,0.0,0.6667,0.0,0.0,0.0,0.5623,0.0,final_park,wall,0.4991,13.031253
2688,4.8982,2.3894,0,1.0,0.1667,14,6720,70,150.0,0.0,150.0,1.0,0.8333,0.0714,0,0,0,0.0000,0.0,0.0000,0,0.9286,0.0714,0.9286,13,13,14,0.0,0.0,0.0,0.0714,0.0,1.0,0.0,1.0,0,0,0.5,4,2,0.5276,0.1,0.0714,0.7857,0.0,0.2857,0.0,0.0,0.5,0.0,0.0,0.0,-0.0,0.0,enter_inner,obstacle,0.4988,10.520799
2689,86.0,48.8737,1,6.0,1.0,45,21600,45,139.2857,2.155,141.4407,0.6429,1.5556,0.1333,0,0,0,0.0000,0.0,0.0000,0,0.7556,0.2444,0.8,34,36,45,0.431,0.431,3.3403,0.2,0.3333,0.1111,0.5556,0.6667,0,0,0.6,20,12,0.5934,0.1,0.1778,0.8,0.0889,0.4444,0.0,0.0,0.6,0.0,0.0,0.0,0.9369,0.0,completed,,0.4986,11.671155
2690,0.8125,0.3963,0,1.0,0.1667,19,9120,70,150.0,0.6918,150.6918,1.0,0.614,0.0526,1,0,1,0.0526,0.0,0.0526,0,0.7895,0.2105,0.8421,15,16,19,0.6918,0.6918,1.0724,0.1053,0.5,0.0,0.5,0.5,0,0,0.2857,7,2,0.5735,0.1,0.1579,0.6316,0.1579,0.3684,0.0,0.0,0.2857,0.0,0.0,0.0,0.6931,0.0,enter_inner,red_light,0.4983,11.676928
2691,86.0,48.4991,1,6.0,1.0,41,19680,41,137.5714,2.2639,139.8353,0.5857,1.7073,0.1463,0,0,0,0.0000,0.0,0.0000,0,0.7317,0.2683,0.8537,30,35,41,0.4528,0.4528,3.5091,0.1463,0.5,0.0,0.5,0.5,0,0,1.0,11,11,0.5547,0.1,0.0732,0.7073,0.0244,0.2683,0.0,0.0,1.0,0.0,0.0,0.0,0.6931,0.0,completed,,0.498,12.67067
2692,86.0,48.6006,1,6.0,1.0,40,19200,40,137.1429,2.2651,139.408,0.5714,1.75,0.15,1,0,1,0.0250,0.0,0.0250,0,0.8,0.2,0.825,32,33,40,0.453,0.453,3.5109,0.175,0.4286,0.1429,0.4286,0.5714,0,0,0.8667,15,13,0.5502,0.1,0.1,0.85,0.0,0.375,0.0,0.0,0.8667,0.0,0.0,0.0,1.0042,0.0,completed,,0.4977,12.163883
2693,4.8979,2.3892,0,1.0,0.1667,14,6720,70,150.0,0.0,150.0,1.0,0.8333,0.0714,0,0,0,0.0000,0.0,0.0000,0,0.9286,0.0714,0.9286,13,13,14,0.0,0.0,0.0,0.0714,0.0,1.0,0.0,1.0,0,0,0.0,2,0,0.5221,0.1,0.0714,0.8571,0.0714,0.1429,0.0,0.0,0.0,0.0,0.0,0.0,-0.0,0.0,enter_inner,obstacle,0.4975,12.509677
2694,27.9961,13.6566,0,3.0,0.5,24,11520,70,150.0,0.7764,150.7764,1.0,1.4583,0.125,0,0,0,0.0000,0.0,0.0000,0,0.7917,0.2083,0.8333,19,20,24,0.2588,0.2588,1.2035,0.1667,0.25,0.0,0.75,0.75,0,0,0.8333,6,5,0.5719,0.1,0.125,0.9167,0.0833,0.25,0.0,0.0,0.8333,0.0,0.0,0.0,0.5623,0.0,return_outer,obstacle,0.4972,12.355539
2695,86.0,51.8571,1,6.0,1.0,40,19200,40,137.1429,0.0,137.1429,0.5714,1.75,0.15,1,0,1,0.0250,0.0,0.0250,0,0.75,0.25,0.85,30,34,40,0.0,0.0,0.0,0.15,0.0,0.3333,0.6667,1.0,0,0,0.7,10,7,0.5565,0.1,0.125,0.775,0.05,0.25,0.0,0.0,0.7,0.0,0.0,0.0,0.6365,0.0,completed,,0.4969,11.839535
2696,86.0,51.2676,1,6.0,1.0,44,21120,44,138.8571,0.0,138.8571,0.6286,1.5909,0.1364,1,0,1,0.0227,0.0,0.0227,0,0.75,0.25,0.8409,33,37,44,0.0,0.0,0.0,0.1591,0.0,0.1429,0.8571,1.0,0,0,0.5294,17,9,0.5798,0.1,0.1364,0.75,0.0682,0.3864,0.0,0.0,0.5294,0.0,0.0,0.0,0.4101,0.0,completed,,0.4967,12.838518
2697,29.8234,14.548,0,3.0,0.5,23,11040,70,150.0,0.0,150.0,1.0,1.5217,0.1304,1,0,1,0.0435,0.0,0.0435,0,0.8261,0.1739,0.8696,19,20,23,0.0,0.0,0.0,0.1304,0.0,0.6667,0.3333,1.0,0,0,0.5,6,3,0.5584,0.1,0.087,0.8696,0.0435,0.2609,0.0,0.0,0.5,0.0,0.0,0.0,0.6365,0.0,return_outer,obstacle,0.4964,12.682585
2698,86.0,51.4242,1,6.0,1.0,39,18720,39,136.7143,0.6196,137.3339,0.5571,1.7949,0.1538,1,0,1,0.0256,0.0,0.0256,0,0.7949,0.2051,0.8718,31,34,39,0.1239,0.1239,0.9604,0.1282,0.2,0.0,0.8,0.8,0,0,0.8333,6,5,0.542,0.1,0.0513,0.7949,0.0256,0.1538,0.0,0.0,0.8333,0.0,0.0,0.0,0.5004,0.0,completed,,0.4961,11.665038
2699,64.3533,31.3919,0,5.0,0.8333,39,18720,70,150.0,0.0,150.0,1.0,1.4957,0.1282,0,0,0,0.0000,0.0,0.0000,0,0.8462,0.1538,0.8718,33,34,39,0.0,0.0,0.0,0.1282,0.0,0.4,0.6,1.0,0,0,0.8462,13,11,0.5383,0.1,0.0513,0.8205,0.0,0.3333,0.0,0.0,0.8462,0.0,0.0,0.0,0.673,0.0,final_park,wall,0.4959,12.399275
2700,15.8649,7.739,0,2.0,0.3333,15,7200,70,150.0,0.0,150.0,1.0,1.5556,0.1333,1,0,1,0.0667,0.0,0.0667,0,0.8667,0.1333,0.8667,13,13,15,0.0,0.0,0.0,0.1333,0.0,0.5,0.5,1.0,0,0,0.75,4,3,0.5205,0.1,0.0667,0.7333,0.0,0.2667,0.0,0.0,0.75,0.0,0.0,0.0,0.6931,0.0,inner_patrol,obstacle,0.4956,12.341251
2701,86.0,49.797,1,6.0,1.0,44,21120,44,138.8571,1.324,140.1811,0.6286,1.5909,0.1364,0,0,0,0.0000,0.0,0.0000,0,0.7955,0.2045,0.8409,35,37,44,0.2648,0.2648,2.0521,0.1591,0.2857,0.1429,0.5714,0.7143,0,0,0.6667,15,10,0.5841,0.1,0.1364,0.7273,0.0909,0.3409,0.0,0.0,0.6667,0.0,0.0,0.0,0.9557,0.0,completed,,0.4953,13.761315
2702,86.0,50.077,1,6.0,1.0,41,19680,41,137.5714,1.3964,138.9678,0.5857,1.7073,0.1463,1,0,1,0.0244,0.0,0.0244,0,0.7317,0.2683,0.8049,30,33,41,0.2793,0.2793,2.1644,0.1951,0.25,0.125,0.625,0.75,0,0,0.7692,13,10,0.5736,0.1,0.1463,0.8049,0.0732,0.3171,0.0,0.0,0.7692,0.0,0.0,0.0,0.9003,0.0,completed,,0.4951,14.039696
2703,86.0,51.5875,1,6.0,1.0,40,19200,40,137.1429,0.8442,137.987,0.5714,1.75,0.15,1,0,1,0.0250,0.0,0.0250,0,0.775,0.225,0.825,31,33,40,0.1688,0.1688,1.3085,0.175,0.1429,0.0,0.8571,0.8571,0,0,0.7333,15,11,0.5563,0.1,0.075,0.775,0.025,0.375,0.0,0.0,0.7333,0.0,0.0,0.0,0.4101,0.0,completed,,0.4948,12.610462
2704,86.0,51.1484,1,6.0,1.0,41,19680,41,137.5714,0.6905,138.2619,0.5857,1.7073,0.1463,1,0,1,0.0244,0.0,0.0244,0,0.8293,0.1707,0.8537,34,35,41,0.1381,0.1381,1.0703,0.1463,0.1667,0.1667,0.6667,0.8333,0,0,0.7692,13,10,0.5505,0.1,0.0732,0.7317,0.0244,0.3171,0.0,0.0,0.7692,0.0,0.0,0.0,0.8676,0.0,completed,,0.4945,12.223032
2705,86.0,52.6514,1,6.0,1.0,37,17760,37,135.8571,0.0,135.8571,0.5286,1.8919,0.1622,0,0,0,0.0000,0.0,0.0000,0,0.8108,0.1892,0.8378,30,31,37,0.0,0.0,0.0,0.1622,0.0,0.5,0.5,1.0,0,0,0.7778,9,7,0.5585,0.1,0.1081,0.6757,0.0541,0.2432,0.0,0.0,0.7778,0.0,0.0,0.0,0.6931,0.0,completed,,0.4942,10.602765
2706,86.0,51.2757,1,6.0,1.0,40,19200,40,137.1429,0.6631,137.8059,0.5714,1.75,0.15,1,0,1,0.0250,0.0,0.0250,0,0.75,0.25,0.825,30,33,40,0.1326,0.1326,1.0278,0.175,0.1429,0.1429,0.7143,0.8571,0,0,0.8182,11,9,0.5479,0.1,0.075,0.9,0.025,0.275,0.0,0.0,0.8182,0.0,0.0,0.0,0.7963,0.0,completed,,0.494,12.650479
2707,86.0,52.5245,1,6.0,1.0,37,17760,37,135.8571,0.0,135.8571,0.5286,1.8919,0.1622,0,0,0,0.0000,0.0,0.0000,0,0.8378,0.1622,0.8649,31,32,37,0.0,0.0,0.0,0.1351,0.0,0.2,0.8,1.0,0,0,0.7778,9,7,0.5542,0.1,0.0811,0.7297,0.0541,0.2432,0.0,0.0,0.7778,0.0,0.0,0.0,0.5004,0.0,completed,,0.4937,11.534594
2708,64.931,31.6736,0,5.0,0.8333,42,20160,70,150.0,0.0,150.0,1.0,1.3889,0.119,0,0,0,0.0000,0.0,0.0000,0,0.7143,0.2857,0.8333,30,35,42,0.0,0.0,0.0,0.1667,0.0,0.1429,0.8571,1.0,0,0,0.6923,13,9,0.5507,0.1,0.1429,0.8571,0.0238,0.3095,0.0,0.0,0.6923,0.0,0.0,0.0,0.4101,0.0,final_park,wall,0.4934,13.866998
2709,86.0,53.2007,1,6.0,1.0,36,17280,36,135.4286,0.0,135.4286,0.5143,1.9444,0.1667,1,0,1,0.0278,0.0,0.0278,0,0.8056,0.1944,0.8611,29,31,36,0.0,0.0,0.0,0.1389,0.0,0.0,1.0,1.0,0,0,1.0,8,8,0.5425,0.1,0.0556,0.6944,0.0,0.2222,0.0,0.0,1.0,0.0,0.0,0.0,-0.0,0.0,completed,,0.4932,15.096568
2710,4.7328,2.3087,0,1.0,0.1667,14,6720,70,150.0,0.0,150.0,1.0,0.8333,0.0714,0,0,0,0.0000,0.0,0.0000,0,0.8571,0.1429,0.9286,12,13,14,0.0,0.0,0.0,0.0714,0.0,1.0,0.0,1.0,0,0,0.0,1,0,0.5349,0.1,0.0714,0.5,0.0714,0.0714,0.0,0.0,0.0,0.0,0.0,0.0,-0.0,0.0,enter_inner,obstacle,0.4929,14.082385
2711,86.0,52.3973,1,6.0,1.0,36,17280,36,135.4286,0.6065,136.035,0.5143,1.9444,0.1667,0,0,0,0.0000,0.0,0.0000,0,0.8333,0.1667,0.8611,30,31,36,0.1213,0.1213,0.94,0.1389,0.2,0.0,0.8,0.8,0,0,1.0,11,11,0.5361,0.1,0.0556,0.6944,0.0,0.3056,0.0,0.0,1.0,0.0,0.0,0.0,0.5004,0.0,completed,,0.4926,11.902589
2712,86.0,49.1281,1,6.0,1.0,43,20640,43,138.4286,0.6104,139.0389,0.6143,1.6279,0.1395,1,0,1,0.0233,0.0,0.0233,0,0.7209,0.2791,0.8837,31,38,43,0.1221,0.1221,0.946,0.1395,0.1667,0.1667,0.6667,0.8333,0,0,0.7143,14,10,0.5483,0.1,0.1163,0.7907,0.0,0.3256,0.0,0.0,0.7143,0.0,0.0,0.0,0.8676,0.0,completed,,0.4924,10.097744
2713,38.2997,18.6828,0,4.0,0.6667,34,16320,70,150.0,0.762,150.762,1.0,1.3725,0.1176,0,0,0,0.0000,0.0,0.0000,0,0.7353,0.2647,0.7647,25,26,34,0.1905,0.1905,1.1811,0.2353,0.125,0.125,0.75,0.875,0,0,0.4,15,6,0.6098,0.1,0.2353,0.7941,0.1176,0.4412,0.0,0.0,0.4,0.0,0.0,0.0,0.7356,0.0,outer_patrol_b,road_edge,0.4921,9.732502
2714,86.0,53.0631,1,6.0,1.0,37,17760,37,135.8571,0.0,135.8571,0.5286,1.8919,0.1622,0,0,0,0.0000,0.0,0.0000,0,0.8108,0.1892,0.8108,30,30,37,0.0,0.0,0.0,0.1892,0.0,0.4286,0.5714,1.0,0,0,0.8,15,12,0.5767,0.1,0.1351,0.8108,0.0541,0.4054,0.0,0.0,0.8,0.0,0.0,0.0,0.6829,0.0,completed,,0.4918,11.643034
2715,86.0,51.3257,1,6.0,1.0,39,18720,39,136.7143,1.5319,138.2462,0.5571,1.7949,0.1538,0,0,0,0.0000,0.0,0.0000,0,0.7692,0.2308,0.7949,30,31,39,0.3064,0.3064,2.3745,0.2051,0.25,0.125,0.625,0.75,0,0,0.7143,7,5,0.5565,0.1,0.0513,0.7692,0.0513,0.1795,0.0,0.0,0.7143,0.0,0.0,0.0,0.9003,0.0,completed,,0.4915,10.81339
2716,86.0,51.5791,1,6.0,1.0,39,18720,39,136.7143,0.815,137.5293,0.5571,1.7949,0.1538,0,0,0,0.0000,0.0,0.0000,0,0.7692,0.2308,0.8205,30,32,39,0.163,0.163,1.2632,0.1795,0.1429,0.0,0.8571,0.8571,0,0,0.8333,12,10,0.5527,0.1,0.0769,0.9231,0.0256,0.3077,0.0,0.0,0.8333,0.0,0.0,0.0,0.4101,0.0,completed,,0.4913,14.154444
2717,86.0,47.9403,1,6.0,1.0,48,23040,48,140.5714,1.236,141.8074,0.6857,1.4583,0.125,1,0,1,0.0208,0.0,0.0208,0,0.75,0.25,0.8542,36,41,48,0.2472,0.2472,1.9158,0.1458,0.2857,0.0,0.7143,0.7143,0,0,0.5556,18,10,0.5764,0.1,0.1875,0.875,0.0417,0.375,0.0,0.0,0.5556,0.0,0.0,0.0,0.5983,0.0,completed,,0.491,11.891688
2718,86.0,52.667,1,6.0,1.0,40,19200,40,137.1429,0.0,137.1429,0.5714,1.75,0.15,0,0,0,0.0000,0.0,0.0000,0,0.8,0.2,0.825,32,33,40,0.0,0.0,0.0,0.175,0.0,0.1429,0.8571,1.0,0,0,0.5714,14,8,0.56,0.1,0.2,0.925,0.025,0.35,0.0,0.0,0.5714,0.0,0.0,0.0,0.4101,0.0,completed,,0.4907,14.689439
2719,14.205,6.9293,0,2.0,0.3333,20,9600,70,150.0,0.6593,150.6593,1.0,1.1667,0.1,0,0,0,0.0000,0.0,0.0000,0,0.8,0.2,0.8,16,16,20,0.3296,0.3296,1.0219,0.2,0.25,0.25,0.5,0.75,0,0,0.3333,6,2,0.561,0.1,0.05,0.8,0.05,0.3,0.0,0.0,0.3333,0.0,0.0,0.0,1.0397,0.0,inner_patrol,obstacle,0.4905,14.68702
2720,86.0,53.4312,1,6.0,1.0,37,17760,37,135.8571,0.0,135.8571,0.5286,1.8919,0.1622,0,0,0,0.0000,0.0,0.0000,0,0.8108,0.1892,0.8378,30,31,37,0.0,0.0,0.0,0.1622,0.0,0.0,1.0,1.0,0,0,0.75,8,6,0.5462,0.1,0.0811,0.6486,0.027,0.2162,0.0,0.0,0.75,0.0,0.0,0.0,-0.0,0.0,completed,,0.4902,17.827215
2721,86.0,48.771,1,6.0,1.0,47,22560,47,140.1429,1.5058,141.6487,0.6714,1.4894,0.1277,1,0,1,0.0213,0.0,0.0213,0,0.8085,0.1915,0.8511,38,40,47,0.3012,0.3012,2.3341,0.1489,0.2857,0.0,0.7143,0.7143,0,0,0.5263,19,10,0.575,0.1,0.2128,0.8511,0.0638,0.4043,0.0,0.0,0.5263,0.0,0.0,0.0,0.5983,0.0,completed,,0.4899,15.092648
2722,86.0,50.5767,1,6.0,1.0,40,19200,40,137.1429,0.0,137.1429,0.5714,1.75,0.15,1,0,1,0.0250,0.0,0.0250,0,0.75,0.25,0.875,30,35,40,0.0,0.0,0.0,0.125,0.0,0.4,0.6,1.0,0,0,0.7778,9,7,0.5411,0.1,0.05,0.85,0.05,0.225,0.0,0.0,0.7778,0.0,0.0,0.0,0.673,0.0,completed,,0.4897,14.958817
2723,44.5364,21.7251,0,4.0,0.6667,31,14880,70,150.0,0.7542,150.7542,1.0,1.5054,0.129,0,0,0,0.0000,0.0,0.0000,0,0.7419,0.2581,0.8065,23,25,31,0.1886,0.1886,1.1691,0.1935,0.1667,0.1667,0.6667,0.8333,0,0,0.5556,9,5,0.5701,0.1,0.0645,0.7419,0.0323,0.2903,0.0,0.0,0.5556,0.0,0.0,0.0,0.8676,0.0,outer_patrol_b,road_edge,0.4894,12.981818
2724,86.0,51.6215,1,6.0,1.0,38,18240,38,136.2857,0.897,137.1827,0.5429,1.8421,0.1579,1,0,1,0.0263,0.0,0.0263,0,0.7895,0.2105,0.8158,30,31,38,0.1794,0.1794,1.3903,0.1842,0.1429,0.1429,0.7143,0.8571,0,0,0.7778,9,7,0.5509,0.1,0.1053,0.8158,0.0263,0.2368,0.0,0.0,0.7778,0.0,0.0,0.0,0.7963,0.0,completed,,0.4891,12.60907
2725,86.0,49.2978,1,6.0,1.0,44,21120,44,138.8571,1.3356,140.1928,0.6286,1.5909,0.1364,0,0,0,0.0000,0.0,0.0000,0,0.75,0.25,0.8409,33,37,44,0.2671,0.2671,2.0702,0.1591,0.2857,0.0,0.7143,0.7143,0,0,0.6667,12,8,0.5616,0.1,0.0909,0.7955,0.0455,0.2727,0.0,0.0,0.6667,0.0,0.0,0.0,0.5983,0.0,completed,,0.4889,14.045304
2726,5.8662,2.8616,0,1.0,0.1667,14,6720,70,150.0,0.0,150.0,1.0,0.8333,0.0714,1,0,1,0.0714,0.0,0.0714,0,0.9286,0.0714,0.9286,13,13,14,0.0,0.0,0.0,0.0714,0.0,0.0,1.0,1.0,0,0,1.0,3,3,0.502,0.1,0.0,0.7143,0.0,0.2143,0.0,0.0,1.0,0.0,0.0,0.0,-0.0,0.0,enter_inner,obstacle,0.4886,13.434513
2727,46.6833,22.7723,0,4.0,0.6667,33,15840,70,150.0,0.8292,150.8292,1.0,1.4141,0.1212,0,0,0,0.0000,0.0,0.0000,0,0.7879,0.2121,0.8788,26,29,33,0.2073,0.2073,1.2853,0.1212,0.25,0.25,0.5,0.75,0,0,0.3333,6,2,0.542,0.1,0.0303,0.8182,0.0,0.1818,0.0,0.0,0.3333,0.0,0.0,0.0,1.0397,0.0,outer_patrol_b,road_edge,0.4883,13.224775
2728,86.0,49.1736,1,6.0,1.0,41,19680,41,137.5714,1.4375,139.0089,0.5857,1.7073,0.1463,0,0,0,0.0000,0.0,0.0000,0,0.7561,0.2439,0.8293,31,34,41,0.2875,0.2875,2.2281,0.1707,0.2857,0.2857,0.4286,0.7143,0,0,0.8182,11,9,0.5601,0.1,0.0976,0.8049,0.0244,0.2683,0.0,0.0,0.8182,0.0,0.0,0.0,1.079,0.0,completed,,0.488,10.037864
2729,5.5722,2.7181,0,1.0,0.1667,13,6240,70,150.0,0.0,150.0,1.0,0.8974,0.0769,0,0,0,0.0000,0.0,0.0000,0,0.9231,0.0769,0.9231,12,12,13,0.0,0.0,0.0,0.0769,0.0,1.0,0.0,1.0,0,0,0.0,1,0,0.5116,0.1,0.0769,0.6923,0.0769,0.0769,0.0,0.0,0.0,0.0,0.0,0.0,-0.0,0.0,enter_inner,obstacle,0.4878,10.199701
2730,16.022,7.8156,0,2.0,0.3333,15,7200,70,150.0,0.0,150.0,1.0,1.5556,0.1333,0,0,0,0.0000,0.0,0.0000,0,0.8,0.2,0.8667,12,13,15,0.0,0.0,0.0,0.1333,0.0,0.0,1.0,1.0,0,0,0.6667,3,2,0.5103,0.1,0.0,0.6667,0.0,0.2,0.0,0.0,0.6667,0.0,0.0,0.0,-0.0,0.0,inner_patrol,obstacle,0.4875,11.149541
2731,14.749,7.1946,0,2.0,0.3333,18,8640,70,150.0,0.8627,150.8627,1.0,1.2963,0.1111,1,0,1,0.0556,0.0,0.0556,0,0.7222,0.2778,0.7778,13,14,18,0.4314,0.4314,1.3373,0.2222,0.25,0.25,0.5,0.75,0,0,0.8333,6,5,0.5679,0.1,0.1111,0.8333,0.1111,0.3333,0.0,0.0,0.8333,0.0,0.0,0.0,1.0397,0.0,inner_patrol,obstacle,0.4872,11.722051
2732,29.8638,14.5677,0,3.0,0.5,25,12000,70,150.0,0.0,150.0,1.0,1.4,0.12,0,0,0,0.0000,0.0,0.0000,0,0.72,0.28,0.84,18,21,25,0.0,0.0,0.0,0.16,0.0,0.0,1.0,1.0,0,0,0.625,8,5,0.5566,0.1,0.16,0.8,0.0,0.32,0.0,0.0,0.625,0.0,0.0,0.0,-0.0,0.0,return_outer,obstacle,0.487,12.195032
2733,24.9897,12.1901,0,3.0,0.5,30,14400,70,150.0,0.6503,150.6503,1.0,1.1667,0.1,0,0,0,0.0000,0.0,0.0000,0,0.8,0.2,0.8333,24,25,30,0.2168,0.2168,1.0079,0.1667,0.2,0.4,0.4,0.8,0,0,0.3571,14,5,0.5794,0.1,0.2,0.8667,0.0333,0.4667,0.0,0.0,0.3571,0.0,0.0,0.0,1.0549,0.0,return_outer,obstacle,0.4867,13.433927
2734,13.3907,6.5321,0,2.0,0.3333,21,10080,70,150.0,0.0,150.0,1.0,1.1111,0.0952,0,0,0,0.0000,0.0,0.0000,0,0.7619,0.2381,0.8571,16,18,21,0.0,0.0,0.0,0.1429,0.0,0.3333,0.6667,1.0,0,0,0.4444,9,4,0.5912,0.1,0.2381,0.7619,0.1429,0.4286,0.0,0.0,0.4444,0.0,0.0,0.0,0.6365,0.0,inner_patrol,obstacle,0.4864,14.033545
2735,14.2897,6.9706,0,2.0,0.3333,18,8640,70,150.0,0.6204,150.6204,1.0,1.2963,0.1111,0,0,0,0.0000,0.0,0.0000,0,0.7222,0.2778,0.7778,13,14,18,0.3102,0.3102,0.9617,0.2222,0.25,0.0,0.75,0.75,0,0,0.6667,6,4,0.5704,0.1,0.2222,0.6667,0.0556,0.3333,0.0,0.0,0.6667,0.0,0.0,0.0,0.5623,0.0,inner_patrol,obstacle,0.4862,14.992156
2736,86.0,43.8261,1,6.0,1.0,45,21600,45,139.2857,4.6498,143.9355,0.6429,1.5556,0.1333,1,0,1,0.0222,0.0,0.0222,0,0.7556,0.2444,0.8222,34,37,45,0.93,0.93,7.2072,0.1778,0.75,0.25,0.0,0.25,0,0,0.8182,11,9,0.5699,0.1,0.1333,0.6889,0.0444,0.2444,0.0,0.0,0.8182,0.0,0.0,0.0,0.5623,0.0,completed,,0.4859,14.392522
2737,36.2965,17.7056,0,4.0,0.6667,26,12480,70,150.0,0.8454,150.8454,1.0,1.7949,0.1538,1,0,1,0.0385,0.0,0.0385,0,0.7308,0.2692,0.8462,19,22,26,0.2113,0.2113,1.3103,0.1538,0.25,0.5,0.25,0.75,0,0,0.8,5,4,0.5492,0.1,0.0385,0.8462,0.0385,0.1923,0.0,0.0,0.8,0.0,0.0,0.0,1.0397,0.0,outer_patrol_b,road_edge,0.4856,13.011147
2738,86.0,53.7753,1,6.0,1.0,36,17280,36,135.4286,0.0,135.4286,0.5143,1.9444,0.1667,1,0,1,0.0278,0.0,0.0278,0,0.8333,0.1667,0.8333,30,30,36,0.0,0.0,0.0,0.1667,0.0,0.1667,0.8333,1.0,0,0,0.75,4,3,0.5382,0.1,0.0556,0.75,0.0278,0.1111,0.0,0.0,0.75,0.0,0.0,0.0,0.4506,0.0,completed,,0.4853,10.807873
2739,5.5715,2.7178,0,1.0,0.1667,13,6240,70,150.0,0.0,150.0,1.0,0.8974,0.0769,0,0,0,0.0000,0.0,0.0000,0,0.9231,0.0769,0.9231,12,12,13,0.0,0.0,0.0,0.0769,0.0,1.0,0.0,1.0,0,0,1.0,2,2,0.5103,0.1,0.0,0.7692,0.0,0.1538,0.0,0.0,1.0,0.0,0.0,0.0,-0.0,0.0,enter_inner,obstacle,0.4851,11.022966
2740,65.9694,32.1802,0,5.0,0.8333,37,17760,70,150.0,0.0,150.0,1.0,1.5766,0.1351,1,0,1,0.0270,0.0,0.0270,0,0.8108,0.1892,0.8649,30,32,37,0.0,0.0,0.0,0.1351,0.0,0.6,0.4,1.0,0,0,0.75,8,6,0.5443,0.1,0.1081,0.6757,0.0,0.2162,0.0,0.0,0.75,0.0,0.0,0.0,0.673,0.0,final_park,wall,0.4848,10.438469
2741,86.0,51.9979,1,6.0,1.0,40,19200,40,137.1429,0.8737,138.0165,0.5714,1.75,0.15,1,0,1,0.0250,0.0,0.0250,0,0.775,0.225,0.775,31,31,40,0.1747,0.1747,1.3542,0.225,0.1111,0.2222,0.6667,0.8889,0,0,0.5455,11,6,0.5755,0.1,0.175,0.725,0.075,0.275,0.0,0.0,0.5455,0.0,0.0,0.0,0.8487,0.0,completed,,0.4845,12.224216
2742,2.1823,1.0645,0,1.0,0.1667,18,8640,70,150.0,0.0,150.0,1.0,0.6481,0.0556,1,0,1,0.0556,0.0,0.0556,0,0.8333,0.1667,0.9444,15,17,18,0.0,0.0,0.0,0.0556,0.0,0.0,1.0,1.0,0,0,0.5,4,2,0.5258,0.1,0.0556,0.6667,0.0556,0.2222,0.0,0.0,0.5,0.0,0.0,0.0,-0.0,0.0,enter_inner,obstacle,0.4843,11.196365
2743,40.2829,19.6502,0,4.0,0.6667,25,12000,70,150.0,0.729,150.729,1.0,1.8667,0.16,1,0,1,0.0400,0.0,0.0400,0,0.8,0.2,0.8,20,20,25,0.1822,0.1822,1.1299,0.2,0.2,0.0,0.8,0.8,0,0,0.625,8,5,0.5881,0.1,0.16,0.92,0.08,0.32,0.0,0.0,0.625,0.0,0.0,0.0,0.5004,0.0,outer_patrol_b,road_edge,0.484,10.827098
2744,86.0,49.7728,1,6.0,1.0,41,19680,41,137.5714,1.4104,138.9818,0.5857,1.7073,0.1463,0,0,0,0.0000,0.0,0.0000,0,0.8049,0.1951,0.8537,33,35,41,0.2821,0.2821,2.1861,0.1463,0.3333,0.1667,0.5,0.6667,0,0,0.9091,11,10,0.5498,0.1,0.0732,0.8049,0.0244,0.2683,0.0,0.0,0.9091,0.0,0.0,0.0,1.0114,0.0,completed,,0.4837,10.460787
2745,86.0,50.7272,1,6.0,1.0,45,21600,45,139.2857,0.8763,140.1621,0.6429,1.5556,0.1333,1,0,1,0.0222,0.0,0.0222,0,0.8,0.2,0.8222,36,37,45,0.1753,0.1753,1.3583,0.1778,0.125,0.125,0.75,0.875,0,0,0.4118,17,7,0.5912,0.1,0.2444,0.9111,0.0889,0.3778,0.0,0.0,0.4118,0.0,0.0,0.0,0.7356,0.0,completed,,0.4835,11.407641
2746,2.255,1.1,0,0.0,0.0,14,6720,70,150.0,0.0,150.0,1.0,0.0,0.0,1,0,1,0.0714,0.0,0.0714,0,0.9286,0.0714,1.0,13,14,14,0.0,0.0,0.0,0.0,0.0,0.0,0.0,0.0,0,0,0.3333,3,1,0.5025,0.1,0.0,0.6429,0.0,0.2143,0.0,0.0,0.3333,0.0,0.0,0.0,0.0,0.0,outer_patrol_a,road_edge,0.4832,11.429893
2747,68.5031,33.4161,0,5.0,0.8333,36,17280,70,150.0,0.0,150.0,1.0,1.6204,0.1389,0,0,0,0.0000,0.0,0.0000,0,0.8056,0.1944,0.8611,29,31,36,0.0,0.0,0.0,0.1389,0.0,0.0,1.0,1.0,0,0,0.8333,12,10,0.5481,0.1,0.1389,0.75,0.0,0.3333,0.0,0.0,0.8333,0.0,0.0,0.0,-0.0,0.0,final_park,wall,0.4829,11.144632
2748,86.0,53.5058,1,6.0,1.0,35,16800,35,135.0,0.0,135.0,0.5,2.0,0.1714,1,0,1,0.0286,0.0,0.0286,0,0.8571,0.1429,0.8571,30,30,35,0.0,0.0,0.0,0.1429,0.0,0.4,0.6,1.0,0,0,0.8571,7,6,0.5408,0.1,0.0857,0.7429,0.0,0.2,0.0,0.0,0.8571,0.0,0.0,0.0,0.673,0.0,completed,,0.4827,10.097715
2749,50.2236,24.4993,0,4.0,0.6667,33,15840,70,150.0,0.0,150.0,1.0,1.4141,0.1212,1,0,1,0.0303,0.0,0.0303,0,0.7879,0.2121,0.8485,26,28,33,0.0,0.0,0.0,0.1515,0.0,0.2,0.8,1.0,0,0,0.5556,9,5,0.555,0.1,0.1212,0.8788,0.0303,0.2727,0.0,0.0,0.5556,0.0,0.0,0.0,0.5004,0.0,outer_patrol_b,road_edge,0.4824,10.634946
2750,86.0,49.9885,1,6.0,1.0,43,20640,43,138.4286,1.3329,139.7615,0.6143,1.6279,0.1395,1,0,1,0.0233,0.0,0.0233,0,0.7907,0.2093,0.8372,34,36,43,0.2666,0.2666,2.066,0.1628,0.2857,0.1429,0.5714,0.7143,0,0,0.6667,12,8,0.5746,0.1,0.1163,0.7209,0.0698,0.2791,0.0,0.0,0.6667,0.0,0.0,0.0,0.9557,0.0,completed,,0.4821,11.931406
2751,86.0,51.2007,1,6.0,1.0,39,18720,39,136.7143,0.6951,137.4094,0.5571,1.7949,0.1538,0,0,0,0.0000,0.0,0.0000,0,0.8462,0.1538,0.8718,33,34,39,0.139,0.139,1.0775,0.1282,0.2,0.2,0.6,0.8,0,0,0.9091,11,10,0.5505,0.1,0.1026,0.8205,0.0256,0.2821,0.0,0.0,0.9091,0.0,0.0,0.0,0.9503,0.0,completed,,0.4818,10.282392
2752,1.4452,0.705,0,1.0,0.1667,16,7680,70,150.0,0.8515,150.8515,1.0,0.7292,0.0625,0,0,0,0.0000,0.0,0.0000,0,0.875,0.125,0.875,14,14,16,0.8515,0.8515,1.3199,0.125,0.5,0.5,0.0,0.5,0,0,0.5,6,3,0.5456,0.1,0.125,0.625,0.0625,0.375,0.0,0.0,0.5,0.0,0.0,0.0,0.6931,0.0,enter_inner,obstacle,0.4816,12.348263
2753,86.0,51.0805,1,6.0,1.0,40,19200,40,137.1429,1.2156,138.3585,0.5714,1.75,0.15,1,0,1,0.0250,0.0,0.0250,0,0.775,0.225,0.825,31,33,40,0.2431,0.2431,1.8842,0.175,0.2857,0.0,0.7143,0.7143,0,0,0.6667,9,6,0.5628,0.1,0.05,0.725,0.05,0.225,0.0,0.0,0.6667,0.0,0.0,0.0,0.5983,0.0,completed,,0.4813,11.703129
2754,14.8927,7.2648,0,2.0,0.3333,15,7200,70,150.0,0.0,150.0,1.0,1.5556,0.1333,1,0,1,0.0667,0.0,0.0667,0,0.8667,0.1333,0.8667,13,13,15,0.0,0.0,0.0,0.1333,0.0,1.0,0.0,1.0,0,0,0.6667,3,2,0.514,0.1,0.0,0.6667,0.0,0.2,0.0,0.0,0.6667,0.0,0.0,0.0,-0.0,0.0,inner_patrol,obstacle,0.481,12.28422
2755,4.3774,2.1353,0,1.0,0.1667,15,7200,70,150.0,0.0,150.0,1.0,0.7778,0.0667,1,0,1,0.0667,0.0,0.0667,0,0.8667,0.1333,0.9333,13,14,15,0.0,0.0,0.0,0.0667,0.0,0.0,1.0,1.0,0,0,0.0,1,0,0.5156,0.1,0.0667,0.4667,0.0,0.0667,0.0,0.0,0.0,0.0,0.0,0.0,-0.0,0.0,enter_inner,obstacle,0.4808,12.003281
2756,86.0,52.3468,1,6.0,1.0,42,20160,42,138.0,0.0,138.0,0.6,1.6667,0.1429,0,0,0,0.0000,0.0,0.0000,0,0.7619,0.2381,0.8095,32,34,42,0.0,0.0,0.0,0.1905,0.0,0.25,0.75,1.0,0,0,0.6667,15,10,0.5867,0.1,0.1905,0.8571,0.0952,0.3571,0.0,0.0,0.6667,0.0,0.0,0.0,0.5623,0.0,completed,,0.4805,10.253779
2757,86.0,52.2227,1,6.0,1.0,36,17280,36,135.4286,0.0,135.4286,0.5143,1.9444,0.1667,1,0,1,0.0278,0.0,0.0278,0,0.8056,0.1944,0.8611,29,31,36,0.0,0.0,0.0,0.1389,0.0,0.6,0.4,1.0,0,0,0.8571,7,6,0.5402,0.1,0.0556,0.8611,0.0556,0.1944,0.0,0.0,0.8571,0.0,0.0,0.0,0.673,0.0,completed,,0.4802,8.550922
2758,64.7035,31.5627,0,5.0,0.8333,39,18720,70,150.0,0.0,150.0,1.0,1.4957,0.1282,1,0,1,0.0256,0.0,0.0256,0,0.7949,0.2051,0.8462,31,33,39,0.0,0.0,0.0,0.1538,0.0,0.1667,0.8333,1.0,0,0,0.75,12,9,0.567,0.1,0.0769,0.7692,0.0769,0.3077,0.0,0.0,0.75,0.0,0.0,0.0,0.4506,0.0,final_park,wall,0.48,9.398596
2759,86.0,48.2065,1,6.0,1.0,42,20160,42,138.0,2.3023,140.3023,0.6,1.6667,0.1429,1,0,1,0.0238,0.0,0.0238,0,0.7381,0.2619,0.8095,31,34,42,0.4605,0.4605,3.5686,0.1905,0.375,0.125,0.5,0.625,0,0,0.9286,14,13,0.5745,0.1,0.0952,0.7857,0.0476,0.3333,0.0,0.0,0.9286,0.0,0.0,0.0,0.9743,0.0,completed,,0.4797,9.661588
2760,67.2785,32.8188,0,5.0,0.8333,37,17760,70,150.0,0.0,150.0,1.0,1.5766,0.1351,0,0,0,0.0000,0.0,0.0000,0,0.8108,0.1892,0.8378,30,31,37,0.0,0.0,0.0,0.1622,0.0,0.3333,0.6667,1.0,0,0,0.6667,9,6,0.5556,0.1,0.0541,0.6757,0.027,0.2432,0.0,0.0,0.6667,0.0,0.0,0.0,0.6365,0.0,final_park,wall,0.4794,13.952081
2761,86.0,51.8428,1,6.0,1.0,38,18240,38,136.2857,0.0,136.2857,0.5429,1.8421,0.1579,1,0,1,0.0263,0.0,0.0263,0,0.8158,0.1842,0.8684,31,33,38,0.0,0.0,0.0,0.1316,0.0,0.6,0.4,1.0,0,0,0.6667,9,6,0.5417,0.1,0.0789,0.7895,0.0263,0.2368,0.0,0.0,0.6667,0.0,0.0,0.0,0.673,0.0,completed,,0.4791,16.692733
2762,28.3266,13.8179,0,3.0,0.5,23,11040,70,150.0,0.7896,150.7896,1.0,1.5217,0.1304,0,0,0,0.0000,0.0,0.0000,0,0.7826,0.2174,0.8261,18,19,23,0.2632,0.2632,1.2238,0.1739,0.25,0.25,0.5,0.75,0,0,0.8333,6,5,0.5817,0.1,0.1304,0.7826,0.1304,0.2609,0.0,0.0,0.8333,0.0,0.0,0.0,1.0397,0.0,return_outer,obstacle,0.4789,17.307969
2763,86.0,52.3521,1,6.0,1.0,39,18720,39,136.7143,0.7581,137.4724,0.5571,1.7949,0.1538,0,0,0,0.0000,0.0,0.0000,0,0.7949,0.2051,0.8205,31,32,39,0.1516,0.1516,1.1751,0.1795,0.1429,0.1429,0.7143,0.8571,0,0,0.7857,14,11,0.5719,0.1,0.1282,0.7436,0.0513,0.359,0.0,0.0,0.7857,0.0,0.0,0.0,0.7963,0.0,completed,,0.4786,14.934569
2764,38.6531,18.8552,0,4.0,0.6667,27,12960,70,150.0,0.6474,150.6474,1.0,1.7284,0.1481,1,0,1,0.0370,0.0,0.0370,0,0.6667,0.3333,0.7407,18,20,27,0.1618,0.1618,1.0034,0.2593,0.1429,0.2857,0.5714,0.8571,0,0,0.8,10,8,0.5999,0.1,0.2222,0.8519,0.1111,0.3704,0.0,0.0,0.8,0.0,0.0,0.0,0.9557,0.0,outer_patrol_b,road_edge,0.4783,13.002017
2765,86.0,49.8875,1,6.0,1.0,47,22560,47,140.1429,0.7432,140.8861,0.6714,1.4894,0.1277,1,0,1,0.0213,0.0,0.0213,0,0.7872,0.2128,0.8298,37,39,47,0.1486,0.1486,1.152,0.1702,0.125,0.125,0.75,0.875,0,0,0.4118,17,7,0.5889,0.1,0.2553,0.6383,0.0638,0.3617,0.0,0.0,0.4118,0.0,0.0,0.0,0.7356,0.0,completed,,0.4781,10.913563
2766,86.0,52.0863,1,6.0,1.0,38,18240,38,136.2857,0.6739,136.9596,0.5429,1.8421,0.1579,0,0,0,0.0000,0.0,0.0000,0,0.7895,0.2105,0.8421,30,32,38,0.1348,0.1348,1.0445,0.1579,0.1667,0.0,0.8333,0.8333,0,0,0.8182,11,9,0.549,0.1,0.1053,0.8158,0.0,0.2895,0.0,0.0,0.8182,0.0,0.0,0.0,0.4506,0.0,completed,,0.4778,9.558947
2767,16.2197,7.912,0,2.0,0.3333,14,6720,70,150.0,0.0,150.0,1.0,1.6667,0.1429,0,0,0,0.0000,0.0,0.0000,0,0.8571,0.1429,0.8571,12,12,14,0.0,0.0,0.0,0.1429,0.0,0.0,1.0,1.0,0,0,1.0,2,2,0.5064,0.1,0.0714,0.5714,0.0,0.1429,0.0,0.0,1.0,0.0,0.0,0.0,-0.0,0.0,inner_patrol,obstacle,0.4775,9.883581
2768,28.218,13.7649,0,3.0,0.5,24,11520,70,150.0,0.7117,150.7117,1.0,1.4583,0.125,1,0,1,0.0417,0.0,0.0417,0,0.875,0.125,0.875,21,21,24,0.2372,0.2372,1.1031,0.125,0.3333,0.3333,0.3333,0.6667,0,0,0.8,5,4,0.5438,0.1,0.0,0.875,0.0,0.2083,0.0,0.0,0.8,0.0,0.0,0.0,1.0986,0.0,return_outer,obstacle,0.4773,14.22381
2769,86.0,52.3104,1,6.0,1.0,39,18720,39,136.7143,0.0,136.7143,0.5571,1.7949,0.1538,1,0,1,0.0256,0.0,0.0256,0,0.7692,0.2308,0.8462,30,33,39,0.0,0.0,0.0,0.1538,0.0,0.3333,0.6667,1.0,0,0,0.8,10,8,0.5458,0.1,0.1026,0.8462,0.0256,0.2564,0.0,0.0,0.8,0.0,0.0,0.0,0.6365,0.0,completed,,0.477,13.631001
2770,86.0,48.1997,1,6.0,1.0,42,20160,42,138.0,2.4593,140.4593,0.6,1.6667,0.1429,1,0,1,0.0238,0.0,0.0238,0,0.7381,0.2619,0.8095,31,34,42,0.4919,0.4919,3.812,0.1905,0.375,0.0,0.625,0.625,0,0,0.8462,13,11,0.5634,0.1,0.0952,0.881,0.0476,0.3095,0.0,0.0,0.8462,0.0,0.0,0.0,0.6616,0.0,completed,,0.4767,14.018636
2771,5.0558,2.4663,0,1.0,0.1667,14,6720,70,150.0,0.0,150.0,1.0,0.8333,0.0714,0,0,0,0.0000,0.0,0.0000,0,0.8571,0.1429,0.9286,12,13,14,0.0,0.0,0.0,0.0714,0.0,0.0,1.0,1.0,0,0,0.6667,3,2,0.5294,0.1,0.0714,0.9286,0.0714,0.2143,0.0,0.0,0.6667,0.0,0.0,0.0,-0.0,0.0,enter_inner,obstacle,0.4765,11.483117
2772,14.1171,6.8864,0,2.0,0.3333,15,7200,70,150.0,0.6407,150.6407,1.0,1.5556,0.1333,0,0,0,0.0000,0.0,0.0000,0,0.8,0.2,0.8,12,12,15,0.3203,0.3203,0.9931,0.2,0.3333,0.0,0.6667,0.6667,0,0,1.0,4,4,0.557,0.1,0.1333,0.5333,0.0667,0.2667,0.0,0.0,1.0,0.0,0.0,0.0,0.6365,0.0,inner_patrol,obstacle,0.4762,11.17452
2773,29.2248,14.256,0,3.0,0.5,24,11520,70,150.0,0.0,150.0,1.0,1.4583,0.125,0,0,0,0.0000,0.0,0.0000,0,0.8333,0.1667,0.875,20,21,24,0.0,0.0,0.0,0.125,0.0,0.6667,0.3333,1.0,0,0,0.6,10,6,0.5607,0.1,0.1667,0.9167,0.0,0.4167,0.0,0.0,0.6,0.0,0.0,0.0,0.6365,0.0,return_outer,obstacle,0.4759,13.440313
2774,28.4103,13.8587,0,3.0,0.5,24,11520,70,150.0,0.859,150.859,1.0,1.4583,0.125,0,0,0,0.0000,0.0,0.0000,0,0.7917,0.2083,0.8333,19,20,24,0.2863,0.2863,1.3314,0.1667,0.25,0.0,0.75,0.75,0,0,0.875,8,7,0.5631,0.1,0.0833,0.75,0.0417,0.3333,0.0,0.0,0.875,0.0,0.0,0.0,0.5623,0.0,return_outer,obstacle,0.4756,13.896062
2775,86.0,52.1211,1,6.0,1.0,44,21120,44,138.8571,0.6539,139.5111,0.6286,1.5909,0.1364,1,0,1,0.0227,0.0,0.0227,0,0.7955,0.2045,0.7955,35,35,44,0.1308,0.1308,1.0136,0.2045,0.1111,0.0,0.8889,0.8889,0,0,0.5333,15,8,0.5757,0.1,0.1364,0.8182,0.0682,0.3409,0.0,0.0,0.5333,0.0,0.0,0.0,0.3488,0.0,completed,,0.4754,12.351778
2776,2.6742,1.3045,0,1.0,0.1667,14,6720,70,150.0,0.8897,150.8897,1.0,0.8333,0.0714,0,0,0,0.0000,0.0,0.0000,0,0.8571,0.1429,0.8571,12,12,14,0.8897,0.8897,1.379,0.1429,0.5,0.5,0.0,0.5,0,0,0.8,5,4,0.5606,0.1,0.1429,0.7143,0.1429,0.3571,0.0,0.0,0.8,0.0,0.0,0.0,0.6931,0.0,enter_inner,obstacle,0.4751,12.27234
2777,86.0,52.2818,1,6.0,1.0,39,18720,39,136.7143,0.0,136.7143,0.5571,1.7949,0.1538,0,0,0,0.0000,0.0,0.0000,0,0.7949,0.2051,0.8462,31,33,39,0.0,0.0,0.0,0.1538,0.0,0.3333,0.6667,1.0,0,0,0.8571,14,12,0.5586,0.1,0.1282,0.7949,0.0256,0.359,0.0,0.0,0.8571,0.0,0.0,0.0,0.6365,0.0,completed,,0.4748,11.807226
2778,86.0,53.5893,1,6.0,1.0,35,16800,35,135.0,0.0,135.0,0.5,2.0,0.1714,0,0,0,0.0000,0.0,0.0000,0,0.8571,0.1429,0.8571,30,30,35,0.0,0.0,0.0,0.1429,0.0,0.2,0.8,1.0,0,0,0.8571,7,6,0.5449,0.1,0.0571,0.8,0.0286,0.2,0.0,0.0,0.8571,0.0,0.0,0.0,0.5004,0.0,completed,,0.4746,15.429143
2779,16.7884,8.1895,0,2.0,0.3333,14,6720,70,150.0,0.0,150.0,1.0,1.6667,0.1429,1,0,1,0.0714,0.0,0.0714,0,0.8571,0.1429,0.8571,12,12,14,0.0,0.0,0.0,0.1429,0.0,0.0,1.0,1.0,0,0,1.0,5,5,0.5401,0.1,0.0714,0.7857,0.0714,0.3571,0.0,0.0,1.0,0.0,0.0,0.0,-0.0,0.0,inner_patrol,obstacle,0.4743,15.723256
2780,86.0,52.6825,1,6.0,1.0,39,18720,39,136.7143,0.0,136.7143,0.5571,1.7949,0.1538,1,0,1,0.0256,0.0,0.0256,0,0.8205,0.1795,0.8462,32,33,39,0.0,0.0,0.0,0.1538,0.0,0.1667,0.8333,1.0,0,0,0.7143,14,10,0.5626,0.1,0.1026,0.7692,0.0256,0.359,0.0,0.0,0.7143,0.0,0.0,0.0,0.4506,0.0,completed,,0.474,16.516663
2781,51.5598,25.1511,0,4.0,0.6667,31,14880,70,150.0,0.0,150.0,1.0,1.5054,0.129,0,0,0,0.0000,0.0,0.0000,0,0.871,0.129,0.871,27,27,31,0.0,0.0,0.0,0.129,0.0,0.25,0.75,1.0,0,0,0.7,10,7,0.5471,0.1,0.129,0.6774,0.0323,0.3226,0.0,0.0,0.7,0.0,0.0,0.0,0.5623,0.0,outer_patrol_b,road_edge,0.4738,11.999446
2782,86.0,51.7865,1,6.0,1.0,40,19200,40,137.1429,0.0,137.1429,0.5714,1.75,0.15,1,0,1,0.0250,0.0,0.0250,0,0.775,0.225,0.875,31,35,40,0.0,0.0,0.0,0.125,0.0,0.0,1.0,1.0,0,0,0.5,6,3,0.5389,0.1,0.025,0.775,0.0,0.15,0.0,0.0,0.5,0.0,0.0,0.0,-0.0,0.0,completed,,0.4735,15.485574
2783,4.7284,2.3065,0,1.0,0.1667,14,6720,70,150.0,0.0,150.0,1.0,0.8333,0.0714,1,0,1,0.0714,0.0,0.0714,0,0.8571,0.1429,0.9286,12,13,14,0.0,0.0,0.0,0.0714,0.0,1.0,0.0,1.0,0,0,0.3333,3,1,0.5445,0.1,0.0714,0.6429,0.0714,0.2143,0.0,0.0,0.3333,0.0,0.0,0.0,-0.0,0.0,enter_inner,obstacle,0.4732,13.969979
2784,86.0,51.3433,1,6.0,1.0,39,18720,39,136.7143,0.8402,137.5545,0.5571,1.7949,0.1538,0,0,0,0.0000,0.0,0.0000,0,0.7692,0.2308,0.8462,30,33,39,0.168,0.168,1.3023,0.1538,0.1667,0.0,0.8333,0.8333,0,0,0.8889,9,8,0.5435,0.1,0.0256,0.7436,0.0,0.2308,0.0,0.0,0.8889,0.0,0.0,0.0,0.4506,0.0,completed,,0.4729,14.150154
2785,3.1741,1.5483,0,1.0,0.1667,14,6720,70,150.0,0.732,150.732,1.0,0.8333,0.0714,0,0,0,0.0000,0.0,0.0000,0,0.8571,0.1429,0.8571,12,12,14,0.732,0.732,1.1346,0.1429,0.5,0.5,0.0,0.5,0,0,1.0,2,2,0.5336,0.1,0.0714,0.5714,0.0714,0.1429,0.0,0.0,1.0,0.0,0.0,0.0,0.6931,0.0,enter_inner,obstacle,0.4727,14.413433
2786,86.0,52.7217,1,6.0,1.0,38,18240,38,136.2857,0.0,136.2857,0.5429,1.8421,0.1579,0,0,0,0.0000,0.0,0.0000,0,0.7895,0.2105,0.8684,30,33,38,0.0,0.0,0.0,0.1316,0.0,0.0,1.0,1.0,0,0,0.9167,12,11,0.5456,0.1,0.0263,0.8421,0.0,0.3158,0.0,0.0,0.9167,0.0,0.0,0.0,-0.0,0.0,completed,,0.4724,13.737969
2787,86.0,50.4957,1,6.0,1.0,43,20640,43,138.4286,1.4226,139.8512,0.6143,1.6279,0.1395,1,0,1,0.0233,0.0,0.0233,0,0.814,0.186,0.8372,35,36,43,0.2845,0.2845,2.205,0.1628,0.2857,0.0,0.7143,0.7143,0,0,0.6667,15,10,0.5757,0.1,0.186,0.814,0.093,0.3488,0.0,0.0,0.6667,0.0,0.0,0.0,0.5983,0.0,completed,,0.4721,15.436931
2788,7.8617,3.835,0,2.0,0.3333,21,10080,70,150.0,1.3962,151.3962,1.0,1.1111,0.0952,0,0,0,0.0000,0.0,0.0000,0,0.7143,0.2857,0.8571,15,18,21,0.6981,0.6981,2.1642,0.1429,0.6667,0.3333,0.0,0.3333,0,0,0.5556,9,5,0.5957,0.1,0.2857,0.8095,0.1429,0.4286,0.0,0.0,0.5556,0.0,0.0,0.0,0.6365,0.0,inner_patrol,obstacle,0.4719,14.871147
2789,51.1918,24.9716,0,4.0,0.6667,31,14880,70,150.0,0.0,150.0,1.0,1.5054,0.129,0,0,0,0.0000,0.0,0.0000,0,0.7742,0.2258,0.8387,24,26,31,0.0,0.0,0.0,0.1613,0.0,0.2,0.8,1.0,0,0,0.625,8,5,0.5566,0.1,0.129,0.7742,0.0323,0.2581,0.0,0.0,0.625,0.0,0.0,0.0,0.5004,0.0,outer_patrol_b,road_edge,0.4716,15.041478
2790,-10.0,-8.12,0,0.0,0.0,4,1920,70,150.0,0.0,150.0,1.0,0.0,0.0,1,0,1,0.2500,0.0,0.2500,0,1.0,0.0,1.0,4,4,4,0.0,0.0,0.0,0.0,0.0,0.0,0.0,0.0,0,0,0.5,2,1,0.5302,0.1,0.0,0.75,0.0,0.5,0.0,0.0,0.5,0.0,0.0,0.0,0.0,0.0,outer_patrol_a,road_edge,0.4713,15.81512
2791,32.1405,15.6783,0,3.0,0.5,22,10560,70,150.0,0.0,150.0,1.0,1.5909,0.1364,0,0,0,0.0000,0.0,0.0000,0,0.8636,0.1364,0.8636,19,19,22,0.0,0.0,0.0,0.1364,0.0,0.0,1.0,1.0,0,0,0.7143,7,5,0.5457,0.1,0.1364,0.8182,0.0,0.3182,0.0,0.0,0.7143,0.0,0.0,0.0,-0.0,0.0,return_outer,obstacle,0.4711,13.508866
2792,15.2745,7.451,0,2.0,0.3333,16,7680,70,150.0,0.0,150.0,1.0,1.4583,0.125,0,0,0,0.0000,0.0,0.0000,0,0.8125,0.1875,0.875,13,14,16,0.0,0.0,0.0,0.125,0.0,0.0,1.0,1.0,0,0,0.5714,7,4,0.5293,0.1,0.0625,0.9375,0.0,0.4375,0.0,0.0,0.5714,0.0,0.0,0.0,-0.0,0.0,inner_patrol,obstacle,0.4708,14.964615
2793,14.1896,6.9218,0,2.0,0.3333,17,8160,70,150.0,0.0,150.0,1.0,1.3725,0.1176,1,0,1,0.0588,0.0,0.0588,0,0.7647,0.2353,0.8824,13,15,17,0.0,0.0,0.0,0.1176,0.0,0.5,0.5,1.0,0,0,0.75,8,6,0.5319,0.1,0.0588,0.8235,0.0,0.4706,0.0,0.0,0.75,0.0,0.0,0.0,0.6931,0.0,inner_patrol,obstacle,0.4705,15.971249
2794,86.0,47.9473,1,6.0,1.0,46,22080,46,139.7143,1.7192,141.4335,0.6571,1.5217,0.1304,0,0,0,0.0000,0.0,0.0000,0,0.6957,0.3043,0.8261,32,38,46,0.3438,0.3438,2.6647,0.1739,0.25,0.0,0.75,0.75,0,0,0.6154,13,8,0.5534,0.1,0.1087,0.7391,0.0217,0.2826,0.0,0.0,0.6154,0.0,0.0,0.0,0.5623,0.0,completed,,0.4703,13.470309
2795,5.2227,2.5477,0,1.0,0.1667,14,6720,70,150.0,0.0,150.0,1.0,0.8333,0.0714,1,0,1,0.0714,0.0,0.0714,0,0.9286,0.0714,0.9286,13,13,14,0.0,0.0,0.0,0.0714,0.0,0.0,1.0,1.0,0,0,0.3333,3,1,0.5393,0.1,0.0714,0.7143,0.0714,0.2143,0.0,0.0,0.3333,0.0,0.0,0.0,-0.0,0.0,enter_inner,obstacle,0.47,13.636415
2796,5.8993,2.8777,0,1.0,0.1667,13,6240,70,150.0,0.0,150.0,1.0,0.8974,0.0769,1,0,1,0.0769,0.0,0.0769,0,0.9231,0.0769,0.9231,12,12,13,0.0,0.0,0.0,0.0769,0.0,0.0,1.0,1.0,0,0,0.6667,3,2,0.5262,0.1,0.0769,0.6923,0.0,0.2308,0.0,0.0,0.6667,0.0,0.0,0.0,-0.0,0.0,enter_inner,obstacle,0.4697,13.478132
2797,86.0,52.4526,1,6.0,1.0,38,18240,38,136.2857,0.8532,137.1389,0.5429,1.8421,0.1579,1,0,1,0.0263,0.0,0.0263,0,0.8158,0.1842,0.8421,31,32,38,0.1706,0.1706,1.3224,0.1579,0.1667,0.0,0.8333,0.8333,0,0,0.75,8,6,0.55,0.1,0.0789,0.8158,0.0263,0.2105,0.0,0.0,0.75,0.0,0.0,0.0,0.4506,0.0,completed,,0.4694,14.025376
2798,16.215,7.9098,0,2.0,0.3333,15,7200,70,150.0,0.0,150.0,1.0,1.5556,0.1333,1,0,1,0.0667,0.0,0.0667,0,0.8,0.2,0.8,12,12,15,0.0,0.0,0.0,0.2,0.0,0.3333,0.6667,1.0,0,0,0.75,4,3,0.5382,0.1,0.1333,0.8667,0.0667,0.2667,0.0,0.0,0.75,0.0,0.0,0.0,0.6365,0.0,inner_patrol,obstacle,0.4692,13.58205
2799,86.0,50.8076,1,6.0,1.0,43,20640,43,138.4286,0.0,138.4286,0.6143,1.6279,0.1395,1,0,1,0.0233,0.0,0.0233,0,0.7674,0.2326,0.8605,33,37,43,0.0,0.0,0.0,0.1395,0.0,0.1667,0.8333,1.0,0,0,0.6364,11,7,0.5444,0.1,0.093,0.7674,0.0233,0.2558,0.0,0.0,0.6364,0.0,0.0,0.0,0.4506,0.0,completed,,0.4689,17.254207
2800,40.8685,19.9358,0,4.0,0.6667,25,12000,70,150.0,0.0,150.0,1.0,1.8667,0.16,0,0,0,0.0000,0.0,0.0000,0,0.8,0.2,0.84,20,21,25,0.0,0.0,0.0,0.16,0.0,0.0,1.0,1.0,0,0,0.6667,3,2,0.5229,0.1,0.08,0.88,0.0,0.12,0.0,0.0,0.6667,0.0,0.0,0.0,-0.0,0.0,outer_patrol_b,road_edge,0.4686,16.446951
2801,5.4038,2.636,0,1.0,0.1667,13,6240,70,150.0,0.0,150.0,1.0,0.8974,0.0769,0,0,0,0.0000,0.0,0.0000,0,0.8462,0.1538,0.9231,11,12,13,0.0,0.0,0.0,0.0769,0.0,1.0,0.0,1.0,0,0,0.0,1,0,0.5109,0.1,0.0769,0.6154,0.0,0.0769,0.0,0.0,0.0,0.0,0.0,0.0,-0.0,0.0,enter_inner,obstacle,0.4684,16.293088
2802,86.0,52.5144,1,6.0,1.0,39,18720,39,136.7143,0.0,136.7143,0.5571,1.7949,0.1538,0,0,0,0.0000,0.0,0.0000,0,0.8205,0.1795,0.8718,32,34,39,0.0,0.0,0.0,0.1282,0.0,0.0,1.0,1.0,0,0,0.8571,14,12,0.5482,0.1,0.0769,0.7949,0.0256,0.359,0.0,0.0,0.8571,0.0,0.0,0.0,-0.0,0.0,completed,,0.4681,17.538211
2803,2.3777,1.1598,0,1.0,0.1667,17,8160,70,150.0,0.6272,150.6272,1.0,0.6863,0.0588,0,0,0,0.0000,0.0,0.0000,0,0.7647,0.2353,0.8235,13,14,17,0.6272,0.6272,0.9722,0.1176,0.5,0.0,0.5,0.5,0,0,0.5,6,3,0.5601,0.1,0.1765,0.7059,0.0588,0.3529,0.0,0.0,0.5,0.0,0.0,0.0,0.6931,0.0,enter_inner,obstacle,0.4678,14.384906
2804,86.0,49.0845,1,6.0,1.0,43,20640,43,138.4286,0.698,139.1265,0.6143,1.6279,0.1395,1,0,1,0.0233,0.0,0.0233,0,0.7907,0.2093,0.8837,34,38,43,0.1396,0.1396,1.0818,0.1163,0.2,0.2,0.6,0.8,0,0,0.6875,16,11,0.552,0.1,0.0698,0.6977,0.0233,0.3721,0.0,0.0,0.6875,0.0,0.0,0.0,0.9503,0.0,completed,,0.4676,12.502971
2805,86.0,48.7135,1,6.0,1.0,44,21120,44,138.8571,1.4018,140.259,0.6286,1.5909,0.1364,0,0,0,0.0000,0.0,0.0000,0,0.7727,0.2273,0.8636,34,38,44,0.2804,0.2804,2.1728,0.1364,0.3333,0.1667,0.5,0.6667,0,0,0.5714,7,4,0.5393,0.1,0.0909,0.6818,0.0,0.1591,0.0,0.0,0.5714,0.0,0.0,0.0,1.0114,0.0,completed,,0.4673,9.16231
2806,86.0,52.1175,1,6.0,1.0,42,20160,42,138.0,0.0,138.0,0.6,1.6667,0.1429,1,0,1,0.0238,0.0,0.0238,0,0.8095,0.1905,0.8095,34,34,42,0.0,0.0,0.0,0.1905,0.0,0.25,0.75,1.0,0,0,0.6,20,12,0.5873,0.1,0.1905,0.7857,0.0714,0.4762,0.0,0.0,0.6,0.0,0.0,0.0,0.5623,0.0,completed,,0.467,11.570958
2807,11.7179,5.7161,0,2.0,0.3333,18,8640,70,150.0,1.2258,151.2258,1.0,1.2963,0.1111,1,0,1,0.0556,0.0,0.0556,0,0.7778,0.2222,0.8333,14,15,18,0.6129,0.6129,1.8999,0.1667,0.6667,0.0,0.3333,0.3333,0,0,0.6,5,3,0.5653,0.1,0.1667,0.7222,0.0556,0.2778,0.0,0.0,0.6,0.0,0.0,0.0,0.6365,0.0,inner_patrol,obstacle,0.4667,12.751556
2808,86.0,51.7402,1,6.0,1.0,38,18240,38,136.2857,0.6392,136.9249,0.5429,1.8421,0.1579,0,0,0,0.0000,0.0,0.0000,0,0.8158,0.1842,0.8684,31,33,38,0.1278,0.1278,0.9907,0.1316,0.2,0.2,0.6,0.8,0,0,1.0,11,11,0.5391,0.1,0.0789,0.7368,0.0,0.2895,0.0,0.0,1.0,0.0,0.0,0.0,0.9503,0.0,completed,,0.4665,12.871115
2809,30.5778,14.916,0,3.0,0.5,22,10560,70,150.0,0.0,150.0,1.0,1.5909,0.1364,0,0,0,0.0000,0.0,0.0000,0,0.8182,0.1818,0.8636,18,19,22,0.0,0.0,0.0,0.1364,0.0,0.6667,0.3333,1.0,0,0,0.8333,6,5,0.5499,0.1,0.0455,0.8182,0.0455,0.2727,0.0,0.0,0.8333,0.0,0.0,0.0,0.6365,0.0,return_outer,obstacle,0.4662,12.67352
2810,86.0,53.2959,1,6.0,1.0,37,17760,37,135.8571,0.0,135.8571,0.5286,1.8919,0.1622,1,0,1,0.0270,0.0,0.0270,0,0.8649,0.1351,0.8649,32,32,37,0.0,0.0,0.0,0.1351,0.0,0.2,0.8,1.0,0,0,0.7273,11,8,0.5379,0.1,0.0541,0.7568,0.0,0.2973,0.0,0.0,0.7273,0.0,0.0,0.0,0.5004,0.0,completed,,0.4659,11.912927
2811,26.2717,12.8155,0,3.0,0.5,30,14400,70,150.0,0.8701,150.8701,1.0,1.1667,0.1,1,0,1,0.0333,0.0,0.0333,0,0.7667,0.2333,0.8333,23,25,30,0.29,0.29,1.3486,0.1667,0.2,0.0,0.8,0.8,0,0,0.4545,11,5,0.6043,0.1,0.2333,0.8333,0.1333,0.3667,0.0,0.0,0.4545,0.0,0.0,0.0,0.5004,0.0,return_outer,obstacle,0.4657,16.722154
2812,-9.389,-4.58,0,0.0,0.0,6,2880,70,150.0,0.0,150.0,1.0,0.0,0.0,0,0,0,0.0000,0.0,0.0000,0,1.0,0.0,1.0,6,6,6,0.0,0.0,0.0,0.0,0.0,0.0,0.0,0.0,0,0,0.0,0,0,0.4784,0.1,0.0,0.3333,0.0,0.0,0.0,0.0,0.0,0.0,0.0,0.0,0.0,0.0,outer_patrol_a,road_edge,0.4654,16.982611
2813,86.0,51.2769,1,6.0,1.0,37,17760,37,135.8571,0.6177,136.4748,0.5286,1.8919,0.1622,0,0,0,0.0000,0.0,0.0000,0,0.8649,0.1351,0.8649,32,32,37,0.1235,0.1235,0.9574,0.1351,0.2,0.4,0.4,0.8,0,0,0.9,10,9,0.5401,0.1,0.1351,0.7297,0.0,0.2703,0.0,0.0,0.9,0.0,0.0,0.0,1.0549,0.0,completed,,0.4651,15.265737
2814,-0.615,-0.3,0,0.0,0.0,10,4800,70,150.0,0.0,150.0,1.0,0.0,0.0,1,0,1,0.1000,0.0,0.1000,0,1.0,0.0,1.0,10,10,10,0.0,0.0,0.0,0.0,0.0,0.0,0.0,0.0,0,0,1.0,2,2,0.4968,0.1,0.0,0.6,0.0,0.2,0.0,0.0,1.0,0.0,0.0,0.0,0.0,0.0,outer_patrol_a,road_edge,0.4649,15.516732
2815,86.0,46.8009,1,6.0,1.0,46,22080,46,139.7143,2.5199,142.2342,0.6571,1.5217,0.1304,1,0,1,0.0217,0.0,0.0217,0,0.7391,0.2609,0.8478,34,39,46,0.504,0.504,3.9059,0.1522,0.4286,0.1429,0.4286,0.5714,0,0,0.7059,17,12,0.5926,0.1,0.1957,0.7391,0.087,0.3696,0.0,0.0,0.7059,0.0,0.0,0.0,1.0042,0.0,completed,,0.4646,13.262523
2816,11.3345,5.529,0,2.0,0.3333,16,7680,70,150.0,1.6948,151.6948,1.0,1.4583,0.125,0,0,0,0.0000,0.0,0.0000,0,0.8125,0.1875,0.8125,13,13,16,0.8474,0.8474,2.627,0.1875,0.6667,0.0,0.3333,0.3333,0,0,1.0,4,4,0.5802,0.1,0.1875,0.6875,0.125,0.25,0.0,0.0,1.0,0.0,0.0,0.0,0.6365,0.0,inner_patrol,obstacle,0.4643,11.606739
2817,86.0,52.7123,1,6.0,1.0,40,19200,40,137.1429,0.6036,137.7464,0.5714,1.75,0.15,1,0,1,0.0250,0.0,0.0250,0,0.825,0.175,0.825,33,33,40,0.1207,0.1207,0.9355,0.175,0.1429,0.1429,0.7143,0.8571,0,0,0.6429,14,9,0.5906,0.1,0.2,0.825,0.125,0.35,0.0,0.0,0.6429,0.0,0.0,0.0,0.7963,0.0,completed,,0.4641,13.925166
2818,39.6674,19.35,0,4.0,0.6667,25,12000,70,150.0,0.67,150.67,1.0,1.8667,0.16,1,0,1,0.0400,0.0,0.0400,0,0.84,0.16,0.84,21,21,25,0.1675,0.1675,1.0385,0.16,0.25,0.0,0.75,0.75,0,0,0.8,5,4,0.5511,0.1,0.0,0.72,0.0,0.2,0.0,0.0,0.8,0.0,0.0,0.0,0.5623,0.0,outer_patrol_b,road_edge,0.4638,14.553321
2819,86.0,53.3028,1,6.0,1.0,37,17760,37,135.8571,0.0,135.8571,0.5286,1.8919,0.1622,1,0,1,0.0270,0.0,0.0270,0,0.8108,0.1892,0.8378,30,31,37,0.0,0.0,0.0,0.1622,0.0,0.1667,0.8333,1.0,0,0,0.7692,13,10,0.5757,0.1,0.0811,0.7838,0.0541,0.3514,0.0,0.0,0.7692,0.0,0.0,0.0,0.4506,0.0,completed,,0.4635,15.737466
2820,86.0,50.609,1,6.0,1.0,40,19200,40,137.1429,1.3077,138.4506,0.5714,1.75,0.15,0,0,0,0.0000,0.0,0.0000,0,0.775,0.225,0.8,31,32,40,0.2615,0.2615,2.027,0.2,0.25,0.125,0.625,0.75,0,0,0.7,10,7,0.5587,0.1,0.125,0.8,0.025,0.25,0.0,0.0,0.7,0.0,0.0,0.0,0.9003,0.0,completed,,0.4632,15.138423
2821,4.8901,2.3854,0,1.0,0.1667,14,6720,70,150.0,0.0,150.0,1.0,0.8333,0.0714,1,0,1,0.0714,0.0,0.0714,0,0.9286,0.0714,0.9286,13,13,14,0.0,0.0,0.0,0.0714,0.0,1.0,0.0,1.0,0,0,0.3333,3,1,0.5134,0.1,0.0714,0.8571,0.0,0.2143,0.0,0.0,0.3333,0.0,0.0,0.0,-0.0,0.0,enter_inner,obstacle,0.463,14.7222
2822,86.0,49.7973,1,6.0,1.0,47,22560,47,140.1429,1.5348,141.6776,0.6714,1.4894,0.1277,1,0,1,0.0213,0.0,0.0213,0,0.766,0.234,0.8298,36,39,47,0.307,0.307,2.3789,0.1702,0.25,0.0,0.75,0.75,0,0,0.5882,17,10,0.5991,0.1,0.2128,0.7872,0.1064,0.3617,0.0,0.0,0.5882,0.0,0.0,0.0,0.5623,0.0,completed,,0.4627,9.33926
2823,5.5665,2.7154,0,1.0,0.1667,13,6240,70,150.0,0.0,150.0,1.0,0.8974,0.0769,1,0,1,0.0769,0.0,0.0769,0,0.9231,0.0769,0.9231,12,12,13,0.0,0.0,0.0,0.0769,0.0,1.0,0.0,1.0,0,0,0.5,2,1,0.5143,0.1,0.0769,0.3077,0.0,0.1538,0.0,0.0,0.5,0.0,0.0,0.0,-0.0,0.0,enter_inner,obstacle,0.4624,11.089671
2824,86.0,51.6842,1,6.0,1.0,36,17280,36,135.4286,1.2696,136.6981,0.5143,1.9444,0.1667,1,0,1,0.0278,0.0,0.0278,0,0.8333,0.1667,0.8333,30,30,36,0.2539,0.2539,1.9678,0.1667,0.3333,0.1667,0.5,0.6667,0,0,1.0,7,7,0.5313,0.1,0.0556,0.7222,0.0,0.1944,0.0,0.0,1.0,0.0,0.0,0.0,1.0114,0.0,completed,,0.4622,12.777865
2825,28.0016,13.6593,0,3.0,0.5,24,11520,70,150.0,0.6766,150.6766,1.0,1.4583,0.125,0,0,0,0.0000,0.0,0.0000,0,0.8333,0.1667,0.875,20,21,24,0.2255,0.2255,1.0487,0.125,0.3333,0.3333,0.3333,0.6667,0,0,0.8333,6,5,0.5547,0.1,0.0833,0.75,0.0,0.25,0.0,0.0,0.8333,0.0,0.0,0.0,1.0986,0.0,return_outer,obstacle,0.4619,13.208935
2826,86.0,53.5297,1,6.0,1.0,38,18240,38,136.2857,0.0,136.2857,0.5429,1.8421,0.1579,0,0,0,0.0000,0.0,0.0000,0,0.7895,0.2105,0.7895,30,30,38,0.0,0.0,0.0,0.2105,0.0,0.0,1.0,1.0,0,0,0.5,8,4,0.5604,0.1,0.0789,0.8947,0.0526,0.2105,0.0,0.0,0.5,0.0,0.0,0.0,-0.0,0.0,completed,,0.4616,13.147074
2827,86.0,52.7383,1,6.0,1.0,36,17280,36,135.4286,0.8476,136.2762,0.5143,1.9444,0.1667,1,0,1,0.0278,0.0,0.0278,0,0.8056,0.1944,0.8056,29,29,36,0.1695,0.1695,1.3138,0.1944,0.1429,0.1429,0.7143,0.8571,0,0,0.875,8,7,0.5416,0.1,0.1111,0.7222,0.0278,0.2222,0.0,0.0,0.875,0.0,0.0,0.0,0.7963,0.0,completed,,0.4614,12.871498
2828,30.1259,14.6956,0,3.0,0.5,25,12000,70,150.0,0.0,150.0,1.0,1.4,0.12,1,0,1,0.0400,0.0,0.0400,0,0.76,0.24,0.8,19,20,25,0.0,0.0,0.0,0.16,0.0,0.5,0.5,1.0,0,0,0.5,10,5,0.6185,0.1,0.2,0.88,0.2,0.4,0.0,0.0,0.5,0.0,0.0,0.0,0.6931,0.0,return_outer,red_light,0.4611,12.584156
2829,24.2104,11.8099,0,3.0,0.5,27,12960,70,150.0,1.4731,151.4731,1.0,1.2963,0.1111,0,0,0,0.0000,0.0,0.0000,0,0.8148,0.1852,0.8519,22,23,27,0.491,0.491,2.2832,0.1481,0.5,0.25,0.25,0.5,0,0,0.7273,11,8,0.5694,0.1,0.0741,0.8519,0.037,0.4074,0.0,0.0,0.7273,0.0,0.0,0.0,1.0397,0.0,return_outer,obstacle,0.4608,13.03261
2830,86.0,50.2699,1,6.0,1.0,39,18720,39,136.7143,1.3661,138.0804,0.5571,1.7949,0.1538,1,0,1,0.0256,0.0,0.0256,0,0.8205,0.1795,0.8718,32,34,39,0.2732,0.2732,2.1175,0.1282,0.4,0.0,0.6,0.6,0,0,0.8333,6,5,0.5352,0.1,0.0513,0.7692,0.0256,0.1538,0.0,0.0,0.8333,0.0,0.0,0.0,0.673,0.0,completed,,0.4605,15.283665
2831,86.0,52.4771,1,6.0,1.0,36,17280,36,135.4286,0.6259,136.0545,0.5143,1.9444,0.1667,0,0,0,0.0000,0.0,0.0000,0,0.8056,0.1944,0.8333,29,30,36,0.1252,0.1252,0.9702,0.1667,0.1667,0.1667,0.6667,0.8333,0,0,1.0,6,6,0.5508,0.1,0.0556,0.7222,0.0278,0.1667,0.0,0.0,1.0,0.0,0.0,0.0,0.8676,0.0,completed,,0.4603,16.36909
2832,86.0,48.8791,1,6.0,1.0,41,19680,41,137.5714,2.0766,139.648,0.5857,1.7073,0.1463,1,0,1,0.0244,0.0,0.0244,0,0.7317,0.2683,0.8293,30,34,41,0.4153,0.4153,3.2187,0.1707,0.4286,0.1429,0.4286,0.5714,0,0,0.9286,14,13,0.5612,0.1,0.0488,0.7073,0.0244,0.3415,0.0,0.0,0.9286,0.0,0.0,0.0,1.0042,0.0,completed,,0.46,17.188714
2833,5.5509,2.7077,0,1.0,0.1667,15,7200,70,150.0,0.0,150.0,1.0,0.7778,0.0667,0,0,0,0.0000,0.0,0.0000,0,0.8667,0.1333,0.8667,13,13,15,0.0,0.0,0.0,0.1333,0.0,0.0,1.0,1.0,0,0,0.25,4,1,0.5482,0.1,0.1333,0.7333,0.0667,0.2667,0.0,0.0,0.25,0.0,0.0,0.0,-0.0,0.0,enter_inner,obstacle,0.4597,15.938337
2834,24.9214,12.1568,0,2.0,0.3333,23,11040,70,150.0,0.7505,150.7505,1.0,1.0145,0.087,1,0,1,0.0435,0.0,0.0435,0,0.7826,0.2174,0.8696,18,20,23,0.3752,0.3752,1.1632,0.1304,0.3333,0.3333,0.3333,0.6667,0,0,0.875,8,7,0.5625,0.1,0.087,0.6522,0.0435,0.3478,0.0,0.0,0.875,0.0,0.0,0.0,1.0986,0.0,inner_patrol,obstacle,0.4595,13.770841
2835,86.0,50.2724,1,6.0,1.0,42,20160,42,138.0,0.6229,138.6229,0.6,1.6667,0.1429,1,0,1,0.0238,0.0,0.0238,0,0.8571,0.1429,0.8571,36,36,42,0.1246,0.1246,0.9655,0.1429,0.1667,0.1667,0.6667,0.8333,0,0,0.5882,17,10,0.5724,0.1,0.119,0.8571,0.0714,0.4048,0.0,0.0,0.5882,0.0,0.0,0.0,0.8676,0.0,completed,,0.4592,12.772931
2836,86.0,54.0842,1,6.0,1.0,35,16800,35,135.0,0.0,135.0,0.5,2.0,0.1714,0,0,0,0.0000,0.0,0.0000,0,0.8571,0.1429,0.8571,30,30,35,0.0,0.0,0.0,0.1429,0.0,0.0,1.0,1.0,0,0,0.8571,7,6,0.5415,0.1,0.0,0.7143,0.0,0.2,0.0,0.0,0.8571,0.0,0.0,0.0,-0.0,0.0,completed,,0.4589,13.956978
2837,86.0,51.5111,1,6.0,1.0,37,17760,37,135.8571,0.8477,136.7048,0.5286,1.8919,0.1622,0,0,0,0.0000,0.0,0.0000,0,0.8649,0.1351,0.8649,32,32,37,0.1695,0.1695,1.3139,0.1351,0.2,0.4,0.4,0.8,0,0,0.8333,6,5,0.542,0.1,0.0541,0.7838,0.027,0.1622,0.0,0.0,0.8333,0.0,0.0,0.0,1.0549,0.0,completed,,0.4587,13.382773
2838,28.2594,13.7851,0,3.0,0.5,26,12480,70,150.0,0.7513,150.7513,1.0,1.3462,0.1154,1,0,1,0.0385,0.0,0.0385,0,0.6923,0.3077,0.7692,18,20,26,0.2504,0.2504,1.1645,0.1923,0.2,0.0,0.8,0.8,0,0,0.4286,7,3,0.6081,0.1,0.1923,0.8077,0.1538,0.2692,0.0,0.0,0.4286,0.0,0.0,0.0,0.5004,0.0,return_outer,red_light,0.4584,13.057161
2839,86.0,48.7172,1,6.0,1.0,44,21120,44,138.8571,1.5317,140.3888,0.6286,1.5909,0.1364,1,0,1,0.0227,0.0,0.0227,0,0.8182,0.1818,0.8636,36,38,44,0.3063,0.3063,2.3741,0.1364,0.3333,0.1667,0.5,0.6667,0,0,0.6154,13,8,0.5481,0.1,0.0455,0.7273,0.0,0.2955,0.0,0.0,0.6154,0.0,0.0,0.0,1.0114,0.0,completed,,0.4581,10.342374
2840,86.0,49.598,1,6.0,1.0,41,19680,41,137.5714,1.397,138.9685,0.5857,1.7073,0.1463,1,0,1,0.0244,0.0,0.0244,0,0.7805,0.2195,0.8537,32,35,41,0.2794,0.2794,2.1654,0.1463,0.3333,0.1667,0.5,0.6667,0,0,0.7692,13,10,0.5526,0.1,0.0488,0.7073,0.0244,0.3171,0.0,0.0,0.7692,0.0,0.0,0.0,1.0114,0.0,completed,,0.4579,13.696599
2841,16.5469,8.0717,0,2.0,0.3333,21,10080,70,150.0,1.5215,151.5215,1.0,1.1111,0.0952,0,0,0,0.0000,0.0,0.0000,0,0.8571,0.1429,0.8571,18,18,21,0.7608,0.7608,2.3583,0.1429,0.6667,0.0,0.3333,0.3333,0,0,0.7143,7,5,0.5557,0.1,0.1429,0.8095,0.0476,0.3333,0.0,0.0,0.7143,0.0,0.0,0.0,0.6365,0.0,inner_patrol,obstacle,0.4576,14.158859
2842,86.0,50.2425,1,6.0,1.0,40,19200,40,137.1429,2.1767,139.3195,0.5714,1.75,0.15,1,0,1,0.0250,0.0,0.0250,0,0.8,0.2,0.8,32,32,40,0.4353,0.4353,3.3738,0.2,0.375,0.0,0.625,0.625,0,0,0.7857,14,11,0.5702,0.1,0.15,0.725,0.025,0.35,0.0,0.0,0.7857,0.0,0.0,0.0,0.6616,0.0,completed,,0.4573,16.231604
2843,86.0,48.0651,1,6.0,1.0,43,20640,43,138.4286,1.573,140.0016,0.6143,1.6279,0.1395,0,0,0,0.0000,0.0,0.0000,0,0.7674,0.2326,0.8837,33,38,43,0.3146,0.3146,2.4381,0.1163,0.4,0.2,0.4,0.6,0,0,0.8462,13,11,0.5432,0.1,0.0465,0.8372,0.0233,0.3023,0.0,0.0,0.8462,0.0,0.0,0.0,1.0549,0.0,completed,,0.457,14.360092
2844,-10.0,-6.39,0,0.0,0.0,7,3360,70,150.0,0.0,150.0,1.0,0.0,0.0,1,0,1,0.1429,0.0,0.1429,0,0.8571,0.1429,1.0,6,7,7,0.0,0.0,0.0,0.0,0.0,0.0,0.0,0.0,0,0,0.3333,3,1,0.5253,0.1,0.0,0.5714,0.0,0.4286,0.0,0.0,0.3333,0.0,0.0,0.0,0.0,0.0,outer_patrol_a,road_edge,0.4568,15.069809
2845,86.0,53.6042,1,6.0,1.0,37,17760,37,135.8571,0.0,135.8571,0.5286,1.8919,0.1622,1,0,1,0.0270,0.0,0.0270,0,0.8108,0.1892,0.8108,30,30,37,0.0,0.0,0.0,0.1892,0.0,0.2857,0.7143,1.0,0,0,0.75,8,6,0.5721,0.1,0.1351,0.6757,0.0541,0.2162,0.0,0.0,0.75,0.0,0.0,0.0,0.5983,0.0,completed,,0.4565,12.568994
2846,5.0648,2.4706,0,1.0,0.1667,14,6720,70,150.0,0.0,150.0,1.0,0.8333,0.0714,1,0,1,0.0714,0.0,0.0714,0,0.8571,0.1429,0.9286,12,13,14,0.0,0.0,0.0,0.0714,0.0,0.0,1.0,1.0,0,0,0.75,4,3,0.5192,0.1,0.0714,0.6429,0.0,0.2857,0.0,0.0,0.75,0.0,0.0,0.0,-0.0,0.0,enter_inner,obstacle,0.4562,13.343376
2847,5.9054,2.8807,0,1.0,0.1667,13,6240,70,150.0,0.0,150.0,1.0,0.8974,0.0769,0,0,0,0.0000,0.0,0.0000,0,0.9231,0.0769,0.9231,12,12,13,0.0,0.0,0.0,0.0769,0.0,0.0,1.0,1.0,0,0,0.6667,3,2,0.5155,0.1,0.0769,0.8462,0.0769,0.2308,0.0,0.0,0.6667,0.0,0.0,0.0,-0.0,0.0,enter_inner,obstacle,0.456,13.233609
2848,32.0747,15.6462,0,3.0,0.5,22,10560,70,150.0,0.0,150.0,1.0,1.5909,0.1364,0,0,0,0.0000,0.0,0.0000,0,0.8636,0.1364,0.8636,19,19,22,0.0,0.0,0.0,0.1364,0.0,0.0,1.0,1.0,0,0,0.7143,7,5,0.5596,0.1,0.1364,0.8636,0.0455,0.3182,0.0,0.0,0.7143,0.0,0.0,0.0,-0.0,0.0,return_outer,obstacle,0.4557,13.444794
2849,0.6312,0.3079,0,1.0,0.1667,18,8640,70,150.0,0.7339,150.7339,1.0,0.6481,0.0556,1,0,1,0.0556,0.0,0.0556,0,0.8333,0.1667,0.8889,15,16,18,0.7339,0.7339,1.1375,0.1111,0.5,0.0,0.5,0.5,0,0,0.75,4,3,0.5442,0.1,0.0556,0.7222,0.0556,0.2222,0.0,0.0,0.75,0.0,0.0,0.0,0.6931,0.0,enter_inner,obstacle,0.4554,12.218721
2850,86.0,49.6384,1,6.0,1.0,43,20640,43,138.4286,0.7326,139.1612,0.6143,1.6279,0.1395,0,0,0,0.0000,0.0,0.0000,0,0.7209,0.2791,0.8837,31,38,43,0.1465,0.1465,1.1356,0.1163,0.2,0.0,0.8,0.8,0,0,0.8,10,8,0.5357,0.1,0.0698,0.6977,0.0,0.2326,0.0,0.0,0.8,0.0,0.0,0.0,0.5004,0.0,completed,,0.4552,14.251587
2851,86.0,52.1216,1,6.0,1.0,40,19200,40,137.1429,0.6074,137.7502,0.5714,1.75,0.15,0,0,0,0.0000,0.0,0.0000,0,0.825,0.175,0.85,33,34,40,0.1215,0.1215,0.9414,0.15,0.1667,0.0,0.8333,0.8333,0,0,0.7273,11,8,0.5423,0.1,0.075,0.775,0.0,0.275,0.0,0.0,0.7273,0.0,0.0,0.0,0.4506,0.0,completed,,0.4549,15.31627
2852,29.4099,14.3463,0,3.0,0.5,23,11040,70,150.0,0.7088,150.7088,1.0,1.5217,0.1304,0,0,0,0.0000,0.0,0.0000,0,0.8261,0.1739,0.8261,19,19,23,0.2363,0.2363,1.0986,0.1739,0.25,0.25,0.5,0.75,0,0,0.8333,6,5,0.5502,0.1,0.1304,0.7826,0.0,0.2609,0.0,0.0,0.8333,0.0,0.0,0.0,1.0397,0.0,return_outer,obstacle,0.4546,15.714011
2853,2.9531,1.4406,0,1.0,0.1667,14,6720,70,150.0,0.799,150.799,1.0,0.8333,0.0714,1,0,1,0.0714,0.0,0.0714,0,0.8571,0.1429,0.8571,12,12,14,0.799,0.799,1.2384,0.1429,0.5,0.5,0.0,0.5,0,0,0.8,5,4,0.553,0.1,0.0714,0.7143,0.0714,0.3571,0.0,0.0,0.8,0.0,0.0,0.0,0.6931,0.0,enter_inner,obstacle,0.4543,13.917679
2854,34.1843,16.6753,0,4.0,0.6667,31,14880,70,150.0,1.569,151.569,1.0,1.5054,0.129,0,0,0,0.0000,0.0,0.0000,0,0.7742,0.2258,0.8065,24,25,31,0.3922,0.3922,2.4319,0.1935,0.3333,0.0,0.6667,0.6667,0,0,0.4,10,4,0.5952,0.1,0.2581,0.8387,0.0968,0.3226,0.0,0.0,0.4,0.0,0.0,0.0,0.6365,0.0,outer_patrol_b,road_edge,0.4541,12.639607
2855,86.0,51.8989,1,6.0,1.0,38,18240,38,136.2857,0.0,136.2857,0.5429,1.8421,0.1579,0,0,0,0.0000,0.0,0.0000,0,0.8158,0.1842,0.8684,31,33,38,0.0,0.0,0.0,0.1316,0.0,0.2,0.8,1.0,0,0,0.75,8,6,0.5353,0.1,0.0526,0.7368,0.0,0.2105,0.0,0.0,0.75,0.0,0.0,0.0,0.5004,0.0,completed,,0.4538,9.440989
2856,-2.9725,-1.45,0,0.0,0.0,9,4320,70,150.0,0.0,150.0,1.0,0.0,0.0,1,0,1,0.1111,0.0,0.1111,0,0.8889,0.1111,1.0,8,9,9,0.0,0.0,0.0,0.0,0.0,0.0,0.0,0.0,0,0,1.0,1,1,0.4905,0.1,0.0,0.4444,0.0,0.1111,0.0,0.0,1.0,0.0,0.0,0.0,0.0,0.0,outer_patrol_a,road_edge,0.4535,9.113751
2857,86.0,53.1946,1,6.0,1.0,37,17760,37,135.8571,0.0,135.8571,0.5286,1.8919,0.1622,1,0,1,0.0270,0.0,0.0270,0,0.7838,0.2162,0.8378,29,31,37,0.0,0.0,0.0,0.1622,0.0,0.1667,0.8333,1.0,0,0,0.8889,9,8,0.5615,0.1,0.0811,0.7568,0.0811,0.2432,0.0,0.0,0.8889,0.0,0.0,0.0,0.4506,0.0,completed,,0.4533,9.086994
2858,32.739,15.9702,0,3.0,0.5,22,10560,70,150.0,0.0,150.0,1.0,1.5909,0.1364,1,0,1,0.0455,0.0,0.0455,0,0.8182,0.1818,0.8182,18,18,22,0.0,0.0,0.0,0.1818,0.0,0.25,0.75,1.0,0,0,0.75,4,3,0.5562,0.1,0.0455,0.7727,0.0455,0.1818,0.0,0.0,0.75,0.0,0.0,0.0,0.5623,0.0,return_outer,obstacle,0.453,10.497346
2859,42.8075,20.8817,0,4.0,0.6667,24,11520,70,150.0,0.0,150.0,1.0,1.9444,0.1667,0,0,0,0.0000,0.0,0.0000,0,0.7917,0.2083,0.7917,19,19,24,0.0,0.0,0.0,0.2083,0.0,0.2,0.8,1.0,0,0,0.5,4,2,0.5646,0.1,0.125,0.9167,0.0833,0.1667,0.0,0.0,0.5,0.0,0.0,0.0,0.5004,0.0,outer_patrol_b,road_edge,0.4527,11.178388
2860,86.0,50.6039,1,6.0,1.0,37,17760,37,135.8571,1.7285,137.5857,0.5286,1.8919,0.1622,0,0,0,0.0000,0.0,0.0000,0,0.8378,0.1622,0.8378,31,31,37,0.3457,0.3457,2.6792,0.1622,0.3333,0.1667,0.5,0.6667,0,0,0.9091,11,10,0.5573,0.1,0.0811,0.8108,0.027,0.2973,0.0,0.0,0.9091,0.0,0.0,0.0,1.0114,0.0,completed,,0.4525,13.221247
2861,86.0,50.301,1,6.0,1.0,40,19200,40,137.1429,0.7566,137.8994,0.5714,1.75,0.15,1,0,1,0.0250,0.0,0.0250,0,0.8,0.2,0.875,32,35,40,0.1513,0.1513,1.1727,0.125,0.2,0.4,0.4,0.8,0,0,0.7778,9,7,0.544,0.1,0.125,0.85,0.0,0.225,0.0,0.0,0.7778,0.0,0.0,0.0,1.0549,0.0,completed,,0.4522,12.628394
2862,86.0,54.0796,1,6.0,1.0,36,17280,36,135.4286,0.0,135.4286,0.5143,1.9444,0.1667,1,0,1,0.0278,0.0,0.0278,0,0.8611,0.1389,0.8611,31,31,36,0.0,0.0,0.0,0.1389,0.0,0.0,1.0,1.0,0,0,1.0,10,10,0.548,0.1,0.0833,0.7778,0.0,0.2778,0.0,0.0,1.0,0.0,0.0,0.0,-0.0,0.0,completed,,0.4519,13.009164
2863,15.8748,7.7438,0,2.0,0.3333,15,7200,70,150.0,0.0,150.0,1.0,1.5556,0.1333,0,0,0,0.0000,0.0,0.0000,0,0.8667,0.1333,0.8667,13,13,15,0.0,0.0,0.0,0.1333,0.0,0.5,0.5,1.0,0,0,0.5,2,1,0.5154,0.1,0.0,0.6,0.0,0.1333,0.0,0.0,0.5,0.0,0.0,0.0,0.6931,0.0,inner_patrol,obstacle,0.4517,13.487133
2864,86.0,45.616,1,6.0,1.0,47,22560,47,140.1429,3.868,144.0109,0.6714,1.4894,0.1277,0,0,0,0.0000,0.0,0.0000,0,0.766,0.234,0.8085,36,38,47,0.7736,0.7736,5.9955,0.1915,0.5556,0.0,0.4444,0.4444,0,0,0.6667,18,12,0.5703,0.1,0.1702,0.766,0.0426,0.383,0.0,0.0,0.6667,0.0,0.0,0.0,0.687,0.0,completed,,0.4514,14.87726
2865,86.0,47.9147,1,6.0,1.0,46,22080,46,139.7143,2.2249,141.9391,0.6571,1.5217,0.1304,1,0,1,0.0217,0.0,0.0217,0,0.7826,0.2174,0.8478,36,39,46,0.445,0.445,3.4485,0.1522,0.4286,0.0,0.5714,0.5714,0,0,0.5294,17,9,0.606,0.1,0.1739,0.7609,0.1304,0.3696,0.0,0.0,0.5294,0.0,0.0,0.0,0.6829,0.0,completed,,0.4511,12.476509
2866,86.0,50.9621,1,6.0,1.0,39,18720,39,136.7143,0.7633,137.4776,0.5571,1.7949,0.1538,0,0,0,0.0000,0.0,0.0000,0,0.8205,0.1795,0.8462,32,33,39,0.1527,0.1527,1.1831,0.1538,0.1667,0.1667,0.6667,0.8333,0,0,0.7778,9,7,0.5552,0.1,0.0769,0.7949,0.0,0.2308,0.0,0.0,0.7778,0.0,0.0,0.0,0.8676,0.0,completed,,0.4508,9.281359
2867,34.4903,16.8246,0,4.0,0.6667,28,13440,70,150.0,1.4899,151.4899,1.0,1.6667,0.1429,0,0,0,0.0000,0.0,0.0000,0,0.7857,0.2143,0.8214,22,23,28,0.3725,0.3725,2.3093,0.1786,0.4,0.2,0.4,0.6,0,0,1.0,5,5,0.5465,0.1,0.1071,0.7857,0.0,0.1786,0.0,0.0,1.0,0.0,0.0,0.0,1.0549,0.0,outer_patrol_b,road_edge,0.4506,8.419649
2868,14.5221,7.0839,0,2.0,0.3333,17,8160,70,150.0,0.0,150.0,1.0,1.3725,0.1176,1,0,1,0.0588,0.0,0.0588,0,0.8824,0.1176,0.8824,15,15,17,0.0,0.0,0.0,0.1176,0.0,0.5,0.5,1.0,0,0,0.4,5,2,0.5262,0.1,0.1176,0.7647,0.0,0.2941,0.0,0.0,0.4,0.0,0.0,0.0,0.6931,0.0,inner_patrol,obstacle,0.4503,8.149909
2869,86.0,49.5599,1,6.0,1.0,45,21600,45,139.2857,0.8927,140.1784,0.6429,1.5556,0.1333,1,0,1,0.0222,0.0,0.0222,0,0.6889,0.3111,0.8222,31,37,45,0.1785,0.1785,1.3837,0.1778,0.125,0.125,0.75,0.875,0,0,0.5455,11,6,0.5727,0.1,0.1111,0.8,0.0667,0.2444,0.0,0.0,0.5455,0.0,0.0,0.0,0.7356,0.0,completed,,0.45,9.098508
2870,40.5139,19.7629,0,4.0,0.6667,27,12960,70,150.0,0.6961,150.6961,1.0,1.7284,0.1481,1,0,1,0.0370,0.0,0.0370,0,0.7037,0.2963,0.7407,19,20,27,0.174,0.174,1.079,0.2593,0.1429,0.0,0.8571,0.8571,0,0,0.6667,9,6,0.5882,0.1,0.1852,0.8519,0.1111,0.3333,0.0,0.0,0.6667,0.0,0.0,0.0,0.4101,0.0,outer_patrol_b,road_edge,0.4498,10.772183
2871,20.496,9.9981,0,2.0,0.3333,18,8640,70,150.0,0.0,150.0,1.0,1.2963,0.1111,0,0,0,0.0000,0.0,0.0000,0,0.8889,0.1111,0.8889,16,16,18,0.0,0.0,0.0,0.1111,0.0,0.0,1.0,1.0,0,0,0.6,5,3,0.5185,0.1,0.0,0.8889,0.0,0.2778,0.0,0.0,0.6,0.0,0.0,0.0,-0.0,0.0,inner_patrol,obstacle,0.4495,12.001516
2872,86.0,51.7866,1,6.0,1.0,40,19200,40,137.1429,0.6644,137.8072,0.5714,1.75,0.15,1,0,1,0.0250,0.0,0.0250,0,0.825,0.175,0.85,33,34,40,0.1329,0.1329,1.0298,0.15,0.1667,0.0,0.8333,0.8333,0,0,0.7273,11,8,0.5562,0.1,0.075,0.775,0.025,0.275,0.0,0.0,0.7273,0.0,0.0,0.0,0.4506,0.0,completed,,0.4492,14.313439
2873,16.5518,8.0741,0,2.0,0.3333,14,6720,70,150.0,0.0,150.0,1.0,1.6667,0.1429,1,0,1,0.0714,0.0,0.0714,0,0.8571,0.1429,0.8571,12,12,14,0.0,0.0,0.0,0.1429,0.0,0.5,0.5,1.0,0,0,1.0,3,3,0.5146,0.1,0.0714,0.7143,0.0,0.2143,0.0,0.0,1.0,0.0,0.0,0.0,0.6931,0.0,inner_patrol,obstacle,0.449,13.022456
2874,86.0,51.6917,1,6.0,1.0,39,18720,39,136.7143,0.6792,137.3935,0.5571,1.7949,0.1538,1,0,1,0.0256,0.0,0.0256,0,0.7692,0.2308,0.8205,30,32,39,0.1358,0.1358,1.0528,0.1795,0.1429,0.2857,0.5714,0.8571,0,0,0.7778,9,7,0.5495,0.1,0.1282,0.7949,0.0513,0.2308,0.0,0.0,0.7778,0.0,0.0,0.0,0.9557,0.0,completed,,0.4487,13.571703
2875,61.9338,30.2116,0,5.0,0.8333,43,20640,70,150.0,1.4669,151.4669,1.0,1.3566,0.1163,1,0,1,0.0233,0.0,0.0233,0,0.7907,0.2093,0.814,34,35,43,0.2934,0.2934,2.2737,0.186,0.25,0.0,0.75,0.75,0,0,0.5789,19,11,0.58,0.1,0.2093,0.8605,0.0698,0.4419,0.0,0.0,0.5789,0.0,0.0,0.0,0.5623,0.0,final_park,wall,0.4484,12.064963
2876,16.7199,8.156,0,2.0,0.3333,19,9120,70,150.0,1.2763,151.2763,1.0,1.2281,0.1053,0,0,0,0.0000,0.0,0.0000,0,0.7368,0.2632,0.7895,14,15,19,0.6382,0.6382,1.9783,0.2105,0.5,0.0,0.5,0.5,0,0,1.0,6,6,0.5713,0.1,0.1053,0.8421,0.1053,0.3158,0.0,0.0,1.0,0.0,0.0,0.0,0.6931,0.0,inner_patrol,obstacle,0.4481,13.045718
2877,2.505,1.222,0,1.0,0.1667,15,7200,70,150.0,0.7262,150.7262,1.0,0.7778,0.0667,1,0,1,0.0667,0.0,0.0667,0,0.8667,0.1333,0.8667,13,13,15,0.7262,0.7262,1.1257,0.1333,0.5,0.5,0.0,0.5,0,0,0.5,4,2,0.5412,0.1,0.0667,0.8,0.0667,0.2667,0.0,0.0,0.5,0.0,0.0,0.0,0.6931,0.0,enter_inner,obstacle,0.4479,14.314094
2878,86.0,53.1965,1,6.0,1.0,38,18240,38,136.2857,0.0,136.2857,0.5429,1.8421,0.1579,1,0,1,0.0263,0.0,0.0263,0,0.7632,0.2368,0.8421,29,32,38,0.0,0.0,0.0,0.1579,0.0,0.0,1.0,1.0,0,0,0.7143,7,5,0.5458,0.1,0.0526,0.7895,0.0263,0.1842,0.0,0.0,0.7143,0.0,0.0,0.0,-0.0,0.0,completed,,0.4476,11.871162
2879,-5.002,-2.44,0,0.0,0.0,8,3840,70,150.0,0.0,150.0,1.0,0.0,0.0,0,0,0,0.0000,0.0,0.0000,0,1.0,0.0,1.0,8,8,8,0.0,0.0,0.0,0.0,0.0,0.0,0.0,0.0,0,0,0.0,0,0,0.4571,0.1,0.0,0.625,0.0,0.0,0.0,0.0,0.0,0.0,0.0,0.0,0.0,0.0,outer_patrol_a,road_edge,0.4473,11.158909
2880,2.4761,1.2078,0,1.0,0.1667,15,7200,70,150.0,0.6836,150.6836,1.0,0.7778,0.0667,1,0,1,0.0667,0.0,0.0667,0,0.8,0.2,0.8667,12,13,15,0.6836,0.6836,1.0596,0.1333,0.5,0.5,0.0,0.5,0,0,0.5,4,2,0.5389,0.1,0.1333,0.4667,0.0667,0.2667,0.0,0.0,0.5,0.0,0.0,0.0,0.6931,0.0,enter_inner,obstacle,0.4471,11.827452
2881,0.574,0.28,0,0.0,0.0,16,7680,70,150.0,0.0,150.0,1.0,0.0,0.0,1,0,1,0.0625,0.0,0.0625,0,0.8125,0.1875,1.0,13,16,16,0.0,0.0,0.0,0.0,0.0,0.0,0.0,0.0,0,0,0.6667,6,4,0.5253,0.1,0.0,0.75,0.0,0.375,0.0,0.0,0.6667,0.0,0.0,0.0,0.0,0.0,outer_patrol_a,road_edge,0.4468,10.467922
2882,30.577,14.9156,0,3.0,0.5,24,11520,70,150.0,0.0,150.0,1.0,1.4583,0.125,0,0,0,0.0000,0.0,0.0000,0,0.7917,0.2083,0.8333,19,20,24,0.0,0.0,0.0,0.1667,0.0,0.25,0.75,1.0,0,0,0.5,6,3,0.5712,0.1,0.125,0.8333,0.0833,0.25,0.0,0.0,0.5,0.0,0.0,0.0,0.5623,0.0,return_outer,obstacle,0.4465,11.17709
2883,27.6246,13.4754,0,3.0,0.5,24,11520,70,150.0,0.8537,150.8537,1.0,1.4583,0.125,1,0,1,0.0417,0.0,0.0417,0,0.8333,0.1667,0.8333,20,20,24,0.2846,0.2846,1.3233,0.1667,0.25,0.25,0.5,0.75,0,0,0.5714,7,4,0.5783,0.1,0.1667,0.7917,0.0833,0.2917,0.0,0.0,0.5714,0.0,0.0,0.0,1.0397,0.0,return_outer,obstacle,0.4463,10.727714
2884,28.4627,13.8842,0,3.0,0.5,27,12960,70,150.0,0.6351,150.6351,1.0,1.2963,0.1111,1,0,1,0.0370,0.0,0.0370,0,0.7407,0.2593,0.8148,20,22,27,0.2117,0.2117,0.9844,0.1852,0.2,0.0,0.8,0.8,0,0,0.6364,11,7,0.5925,0.1,0.1111,0.8889,0.1111,0.4074,0.0,0.0,0.6364,0.0,0.0,0.0,0.5004,0.0,return_outer,obstacle,0.446,11.566978
2885,3.5523,1.7328,0,1.0,0.1667,16,7680,70,150.0,0.0,150.0,1.0,0.7292,0.0625,1,0,1,0.0625,0.0,0.0625,0,0.8125,0.1875,0.9375,13,15,16,0.0,0.0,0.0,0.0625,0.0,0.0,1.0,1.0,0,0,0.75,4,3,0.5344,0.1,0.0625,0.8125,0.0625,0.25,0.0,0.0,0.75,0.0,0.0,0.0,-0.0,0.0,enter_inner,obstacle,0.4457,10.926123
2886,86.0,50.2136,1,6.0,1.0,40,19200,40,137.1429,1.5887,138.7316,0.5714,1.75,0.15,0,0,0,0.0000,0.0,0.0000,0,0.8,0.2,0.825,32,33,40,0.3177,0.3177,2.4625,0.175,0.2857,0.1429,0.5714,0.7143,0,0,0.7778,9,7,0.5483,0.1,0.05,0.775,0.025,0.225,0.0,0.0,0.7778,0.0,0.0,0.0,0.9557,0.0,completed,,0.4455,10.567776
2887,32.0882,15.6528,0,3.0,0.5,22,10560,70,150.0,0.0,150.0,1.0,1.5909,0.1364,0,0,0,0.0000,0.0,0.0000,0,0.8636,0.1364,0.8636,19,19,22,0.0,0.0,0.0,0.1364,0.0,0.0,1.0,1.0,0,0,0.8333,6,5,0.5591,0.1,0.0909,0.6818,0.0,0.2727,0.0,0.0,0.8333,0.0,0.0,0.0,-0.0,0.0,return_outer,obstacle,0.4452,8.252959
2888,38.4972,18.7791,0,4.0,0.6667,30,14400,70,150.0,0.7983,150.7983,1.0,1.5556,0.1333,1,0,1,0.0333,0.0,0.0333,0,0.7333,0.2667,0.8,22,24,30,0.1996,0.1996,1.2373,0.2,0.1667,0.0,0.8333,0.8333,0,0,0.6667,12,8,0.5769,0.1,0.1333,0.7667,0.0667,0.4,0.0,0.0,0.6667,0.0,0.0,0.0,0.4506,0.0,outer_patrol_b,road_edge,0.4449,9.080006
2889,15.7851,7.7001,0,2.0,0.3333,16,7680,70,150.0,0.0,150.0,1.0,1.4583,0.125,1,0,1,0.0625,0.0,0.0625,0,0.75,0.25,0.875,12,14,16,0.0,0.0,0.0,0.125,0.0,0.0,1.0,1.0,0,0,0.7143,7,5,0.5339,0.1,0.0625,0.625,0.0,0.4375,0.0,0.0,0.7143,0.0,0.0,0.0,-0.0,0.0,inner_patrol,obstacle,0.4446,8.609165
2890,86.0,51.2875,1,6.0,1.0,42,20160,42,138.0,0.8829,138.8829,0.6,1.6667,0.1429,1,0,1,0.0238,0.0,0.0238,0,0.7857,0.2143,0.8333,33,35,42,0.1766,0.1766,1.3685,0.1667,0.1429,0.0,0.8571,0.8571,0,0,0.6667,15,10,0.5648,0.1,0.119,0.7381,0.0476,0.3571,0.0,0.0,0.6667,0.0,0.0,0.0,0.4101,0.0,completed,,0.4444,7.340745
2891,4.886,2.3834,0,1.0,0.1667,14,6720,70,150.0,0.0,150.0,1.0,0.8333,0.0714,1,0,1,0.0714,0.0,0.0714,0,0.9286,0.0714,0.9286,13,13,14,0.0,0.0,0.0,0.0714,0.0,1.0,0.0,1.0,0,0,0.5,4,2,0.5286,0.1,0.0714,0.7143,0.0714,0.2857,0.0,0.0,0.5,0.0,0.0,0.0,-0.0,0.0,enter_inner,obstacle,0.4441,8.356194
2892,86.0,49.0471,1,6.0,1.0,43,20640,43,138.4286,2.9211,141.3497,0.6143,1.6279,0.1395,1,0,1,0.0233,0.0,0.0233,0,0.7674,0.2326,0.7674,33,33,43,0.5842,0.5842,4.5277,0.2326,0.4,0.0,0.6,0.6,0,0,0.7333,15,11,0.5801,0.1,0.186,0.7442,0.0698,0.3488,0.0,0.0,0.7333,0.0,0.0,0.0,0.673,0.0,completed,,0.4438,10.27047
2893,5.2342,2.5533,0,1.0,0.1667,14,6720,70,150.0,0.0,150.0,1.0,0.8333,0.0714,1,0,1,0.0714,0.0,0.0714,0,0.9286,0.0714,0.9286,13,13,14,0.0,0.0,0.0,0.0714,0.0,0.0,1.0,1.0,0,0,0.6,5,3,0.5334,0.1,0.0714,0.7857,0.0,0.3571,0.0,0.0,0.6,0.0,0.0,0.0,-0.0,0.0,enter_inner,obstacle,0.4436,11.201946
2894,86.0,50.9923,1,6.0,1.0,38,18240,38,136.2857,1.6346,137.9203,0.5429,1.8421,0.1579,1,0,1,0.0263,0.0,0.0263,0,0.8158,0.1842,0.8421,31,32,38,0.3269,0.3269,2.5336,0.1579,0.3333,0.0,0.6667,0.6667,0,0,0.7778,9,7,0.5518,0.1,0.0789,0.7632,0.0263,0.2368,0.0,0.0,0.7778,0.0,0.0,0.0,0.6365,0.0,completed,,0.4433,14.136264
2895,86.0,50.7206,1,6.0,1.0,39,18720,39,136.7143,0.6543,137.3686,0.5571,1.7949,0.1538,1,0,1,0.0256,0.0,0.0256,0,0.8205,0.1795,0.8718,32,34,39,0.1309,0.1309,1.0141,0.1282,0.2,0.4,0.4,0.8,0,0,0.8889,9,8,0.5391,0.1,0.0769,0.8462,0.0,0.2308,0.0,0.0,0.8889,0.0,0.0,0.0,1.0549,0.0,completed,,0.443,15.719298
2896,86.0,48.672,1,6.0,1.0,46,22080,46,139.7143,0.712,140.4263,0.6571,1.5217,0.1304,1,0,1,0.0217,0.0,0.0217,0,0.7174,0.2826,0.8478,33,39,46,0.1424,0.1424,1.1037,0.1522,0.1429,0.1429,0.7143,0.8571,0,0,0.6842,19,13,0.5588,0.1,0.1304,0.8478,0.0435,0.413,0.0,0.0,0.6842,0.0,0.0,0.0,0.7963,0.0,completed,,0.4428,15.226661
2897,36.1922,17.6547,0,4.0,0.6667,28,13440,70,150.0,0.8947,150.8947,1.0,1.6667,0.1429,0,0,0,0.0000,0.0,0.0000,0,0.7857,0.2143,0.8571,22,24,28,0.2237,0.2237,1.3868,0.1429,0.25,0.25,0.5,0.75,0,0,0.8,5,4,0.5413,0.1,0.0357,0.7143,0.0,0.1786,0.0,0.0,0.8,0.0,0.0,0.0,1.0397,0.0,outer_patrol_b,road_edge,0.4425,13.622825
2898,41.0775,20.0378,0,4.0,0.6667,24,11520,70,150.0,0.0,150.0,1.0,1.9444,0.1667,1,0,1,0.0417,0.0,0.0417,0,0.7917,0.2083,0.8333,19,20,24,0.0,0.0,0.0,0.1667,0.0,0.25,0.75,1.0,0,0,1.0,3,3,0.5388,0.1,0.0417,0.75,0.0,0.125,0.0,0.0,1.0,0.0,0.0,0.0,0.5623,0.0,outer_patrol_b,road_edge,0.4422,13.355234
2899,30.0833,14.6748,0,3.0,0.5,24,11520,70,150.0,0.0,150.0,1.0,1.4583,0.125,1,0,1,0.0417,0.0,0.0417,0,0.7917,0.2083,0.875,19,21,24,0.0,0.0,0.0,0.125,0.0,0.0,1.0,1.0,0,0,0.6667,6,4,0.5581,0.1,0.125,0.875,0.0417,0.25,0.0,0.0,0.6667,0.0,0.0,0.0,-0.0,0.0,return_outer,obstacle,0.4419,12.293163
2900,86.0,46.1625,1,6.0,1.0,44,21120,44,138.8571,3.8942,142.7513,0.6286,1.5909,0.1364,0,0,0,0.0000,0.0,0.0000,0,0.7273,0.2727,0.7955,32,35,44,0.7788,0.7788,6.036,0.2045,0.5556,0.0,0.4444,0.4444,0,0,0.75,16,12,0.5867,0.1,0.1818,0.8636,0.0682,0.3636,0.0,0.0,0.75,0.0,0.0,0.0,0.687,0.0,completed,,0.4417,12.523568
2901,86.0,50.7885,1,6.0,1.0,39,18720,39,136.7143,2.2899,139.0042,0.5571,1.7949,0.1538,0,0,0,0.0000,0.0,0.0000,0,0.7692,0.2308,0.7949,30,31,39,0.458,0.458,3.5494,0.2051,0.375,0.0,0.625,0.625,0,0,0.8,10,8,0.5653,0.1,0.1026,0.7949,0.0513,0.2564,0.0,0.0,0.8,0.0,0.0,0.0,0.6616,0.0,completed,,0.4414,14.64618
2902,32.4556,15.832,0,4.0,0.6667,32,15360,70,150.0,1.3763,151.3763,1.0,1.4583,0.125,1,0,1,0.0312,0.0,0.0312,0,0.6875,0.3125,0.8125,22,26,32,0.3441,0.3441,2.1333,0.1875,0.3333,0.0,0.6667,0.6667,0,0,0.75,12,9,0.5582,0.1,0.1562,0.7812,0.0,0.375,0.0,0.0,0.75,0.0,0.0,0.0,0.6365,0.0,outer_patrol_b,road_edge,0.4411,14.545186
2903,86.0,45.5469,1,6.0,1.0,49,23520,49,141.0,3.4442,144.4442,0.7,1.4286,0.1224,0,0,0,0.0000,0.0,0.0000,0,0.7347,0.2653,0.8163,36,40,49,0.6888,0.6888,5.3385,0.1837,0.4444,0.0,0.5556,0.5556,0,0,0.5385,13,7,0.5763,0.1,0.1429,0.7551,0.0408,0.2653,0.0,0.0,0.5385,0.0,0.0,0.0,0.687,0.0,completed,,0.4409,13.476151
2904,86.0,47.051,1,6.0,1.0,43,20640,43,138.4286,3.3876,141.8162,0.6143,1.6279,0.1395,1,0,1,0.0233,0.0,0.0233,0,0.7209,0.2791,0.8372,31,36,43,0.6775,0.6775,5.2508,0.186,0.5,0.0,0.5,0.5,0,0,0.8462,13,11,0.5748,0.1,0.1395,0.7442,0.0698,0.3023,0.0,0.0,0.8462,0.0,0.0,0.0,0.6931,0.0,completed,,0.4406,13.139258
2905,86.0,52.6135,1,6.0,1.0,41,19680,41,137.5714,0.0,137.5714,0.5857,1.7073,0.1463,1,0,1,0.0244,0.0,0.0244,0,0.7805,0.2195,0.8537,32,35,41,0.0,0.0,0.0,0.1463,0.0,0.0,1.0,1.0,0,0,0.6429,14,9,0.5508,0.1,0.0732,0.7561,0.0244,0.3415,0.0,0.0,0.6429,0.0,0.0,0.0,-0.0,0.0,completed,,0.4403,11.897903
2906,86.0,50.4472,1,6.0,1.0,42,20160,42,138.0,1.5972,139.5972,0.6,1.6667,0.1429,1,0,1,0.0238,0.0,0.0238,0,0.7381,0.2619,0.7857,31,33,42,0.3194,0.3194,2.4757,0.2143,0.2222,0.1111,0.6667,0.7778,0,0,0.7778,18,14,0.5856,0.1,0.119,0.7857,0.0714,0.4286,0.0,0.0,0.7778,0.0,0.0,0.0,0.8487,0.0,completed,,0.4401,8.730258
2907,86.0,52.0269,1,6.0,1.0,37,17760,37,135.8571,0.815,136.6721,0.5286,1.8919,0.1622,1,0,1,0.0270,0.0,0.0270,0,0.8378,0.1622,0.8378,31,31,37,0.163,0.163,1.2632,0.1622,0.1667,0.1667,0.6667,0.8333,0,0,0.8,5,4,0.5541,0.1,0.0811,0.6216,0.027,0.1351,0.0,0.0,0.8,0.0,0.0,0.0,0.8676,0.0,completed,,0.4398,11.569069
2908,86.0,52.5149,1,6.0,1.0,41,19680,41,137.5714,0.6229,138.1943,0.5857,1.7073,0.1463,1,0,1,0.0244,0.0,0.0244,0,0.8049,0.1951,0.8049,33,33,41,0.1246,0.1246,0.9655,0.1951,0.125,0.125,0.75,0.875,0,0,0.4444,9,4,0.5697,0.1,0.1463,0.7317,0.0732,0.2195,0.0,0.0,0.4444,0.0,0.0,0.0,0.7356,0.0,completed,,0.4395,12.250704
2909,86.0,49.8061,1,6.0,1.0,39,18720,39,136.7143,1.5554,138.2697,0.5571,1.7949,0.1538,1,0,1,0.0256,0.0,0.0256,0,0.8462,0.1538,0.8718,33,34,39,0.3111,0.3111,2.4109,0.1282,0.4,0.2,0.4,0.6,0,0,0.9286,14,13,0.5442,0.1,0.0513,0.8205,0.0,0.359,0.0,0.0,0.9286,0.0,0.0,0.0,1.0549,0.0,completed,,0.4393,15.927975
2910,5.5615,2.7129,0,1.0,0.1667,13,6240,70,150.0,0.0,150.0,1.0,0.8974,0.0769,1,0,1,0.0769,0.0,0.0769,0,0.9231,0.0769,0.9231,12,12,13,0.0,0.0,0.0,0.0769,0.0,1.0,0.0,1.0,0,0,0.6667,3,2,0.494,0.1,0.0769,0.6154,0.0,0.2308,0.0,0.0,0.6667,0.0,0.0,0.0,-0.0,0.0,enter_inner,obstacle,0.439,16.062542
2911,86.0,51.9416,1,6.0,1.0,37,17760,37,135.8571,0.7322,136.5893,0.5286,1.8919,0.1622,1,0,1,0.0270,0.0,0.0270,0,0.8108,0.1892,0.8649,30,32,37,0.1464,0.1464,1.1349,0.1351,0.2,0.2,0.6,0.8,0,0,1.0,10,10,0.5481,0.1,0.0811,0.8108,0.027,0.2703,0.0,0.0,1.0,0.0,0.0,0.0,0.9503,0.0,completed,,0.4387,17.056912
2912,86.0,51.2863,1,6.0,1.0,38,18240,38,136.2857,1.4526,137.7383,0.5429,1.8421,0.1579,0,0,0,0.0000,0.0,0.0000,0,0.8158,0.1842,0.8158,31,31,38,0.2905,0.2905,2.2515,0.1842,0.2857,0.1429,0.5714,0.7143,0,0,0.9091,11,10,0.5644,0.1,0.0789,0.8158,0.0526,0.2895,0.0,0.0,0.9091,0.0,0.0,0.0,0.9557,0.0,completed,,0.4384,16.885683
2913,86.0,48.7133,1,6.0,1.0,41,19680,41,137.5714,2.4229,139.9943,0.5857,1.7073,0.1463,1,0,1,0.0244,0.0,0.0244,0,0.8049,0.1951,0.8293,33,34,41,0.4846,0.4846,3.7555,0.1707,0.5714,0.1429,0.2857,0.4286,0,0,0.9231,13,12,0.5742,0.1,0.1463,0.8293,0.0732,0.3171,0.0,0.0,0.9231,0.0,0.0,0.0,0.9557,0.0,completed,,0.4382,14.700564
2914,86.0,51.1424,1,6.0,1.0,38,18240,38,136.2857,1.494,137.7797,0.5429,1.8421,0.1579,1,0,1,0.0263,0.0,0.0263,0,0.8158,0.1842,0.8158,31,31,38,0.2988,0.2988,2.3157,0.1842,0.2857,0.1429,0.5714,0.7143,0,0,0.7778,9,7,0.5546,0.1,0.1053,0.7895,0.0526,0.2368,0.0,0.0,0.7778,0.0,0.0,0.0,0.9557,0.0,completed,,0.4379,15.516922
2915,12.224,5.9629,0,2.0,0.3333,21,10080,70,150.0,0.8707,150.8707,1.0,1.1111,0.0952,1,0,1,0.0476,0.0,0.0476,0,0.619,0.381,0.8095,13,17,21,0.4353,0.4353,1.3496,0.1905,0.25,0.25,0.5,0.75,0,0,0.6667,3,2,0.5454,0.1,0.1429,0.6667,0.0952,0.1429,0.0,0.0,0.6667,0.0,0.0,0.0,1.0397,0.0,inner_patrol,obstacle,0.4376,15.462115
2916,5.4059,2.637,0,1.0,0.1667,15,7200,70,150.0,0.0,150.0,1.0,0.7778,0.0667,0,0,0,0.0000,0.0,0.0000,0,0.8,0.2,0.8667,12,13,15,0.0,0.0,0.0,0.1333,0.0,0.0,1.0,1.0,0,0,0.5,4,2,0.5507,0.1,0.0667,0.6667,0.0667,0.2667,0.0,0.0,0.5,0.0,0.0,0.0,-0.0,0.0,enter_inner,obstacle,0.4374,14.172324
2917,86.0,52.077,1,6.0,1.0,38,18240,38,136.2857,0.0,136.2857,0.5429,1.8421,0.1579,1,0,1,0.0263,0.0,0.0263,0,0.8158,0.1842,0.8684,31,33,38,0.0,0.0,0.0,0.1316,0.0,0.2,0.8,1.0,0,0,0.7273,11,8,0.5441,0.1,0.0263,0.7368,0.0,0.2895,0.0,0.0,0.7273,0.0,0.0,0.0,0.5004,0.0,completed,,0.4371,13.500626
2918,3.2035,1.5627,0,1.0,0.1667,16,7680,70,150.0,0.0,150.0,1.0,0.7292,0.0625,0,0,0,0.0000,0.0,0.0000,0,0.8125,0.1875,0.9375,13,15,16,0.0,0.0,0.0,0.0625,0.0,1.0,0.0,1.0,0,0,0.5,4,2,0.5242,0.1,0.0625,0.75,0.0625,0.25,0.0,0.0,0.5,0.0,0.0,0.0,-0.0,0.0,enter_inner,obstacle,0.4368,12.250092
2919,86.0,50.4766,1,6.0,1.0,41,19680,41,137.5714,0.7747,138.3461,0.5857,1.7073,0.1463,0,0,0,0.0000,0.0,0.0000,0,0.8293,0.1707,0.878,34,36,41,0.1549,0.1549,1.2008,0.122,0.2,0.2,0.6,0.8,0,0,0.6923,13,9,0.5502,0.1,0.122,0.7073,0.0,0.3171,0.0,0.0,0.6923,0.0,0.0,0.0,0.9503,0.0,completed,,0.4366,12.079187
2920,41.7234,20.3529,0,4.0,0.6667,28,13440,70,150.0,0.7407,150.7407,1.0,1.6667,0.1429,0,0,0,0.0000,0.0,0.0000,0,0.75,0.25,0.75,21,21,28,0.1852,0.1852,1.148,0.25,0.1429,0.1429,0.7143,0.8571,0,0,0.6364,11,7,0.5788,0.1,0.1429,0.8214,0.0357,0.3929,0.0,0.0,0.6364,0.0,0.0,0.0,0.7963,0.0,outer_patrol_b,road_edge,0.4363,13.752139
2921,86.0,53.3535,1,6.0,1.0,39,18720,39,136.7143,0.0,136.7143,0.5571,1.7949,0.1538,1,0,1,0.0256,0.0,0.0256,0,0.7949,0.2051,0.8205,31,32,39,0.0,0.0,0.0,0.1795,0.0,0.0,1.0,1.0,0,0,0.7333,15,11,0.5732,0.1,0.1282,0.8974,0.0513,0.3846,0.0,0.0,0.7333,0.0,0.0,0.0,-0.0,0.0,completed,,0.436,13.193823
2922,-10.0,-5.65,0,0.0,0.0,5,2400,70,150.0,0.0,150.0,1.0,0.0,0.0,1,0,1,0.2000,0.0,0.2000,0,1.0,0.0,1.0,5,5,5,0.0,0.0,0.0,0.0,0.0,0.0,0.0,0.0,0,0,0.0,0,0,0.5011,0.1,0.0,0.2,0.0,0.0,0.0,0.0,0.0,0.0,0.0,0.0,0.0,0.0,outer_patrol_a,road_edge,0.4357,12.698915
2923,27.4007,13.3662,0,3.0,0.5,24,11520,70,150.0,0.7121,150.7121,1.0,1.4583,0.125,0,0,0,0.0000,0.0,0.0000,0,0.8333,0.1667,0.875,20,21,24,0.2374,0.2374,1.1038,0.125,0.3333,0.3333,0.3333,0.6667,0,0,0.5,6,3,0.5469,0.1,0.0833,0.9167,0.0,0.25,0.0,0.0,0.5,0.0,0.0,0.0,1.0986,0.0,return_outer,obstacle,0.4355,12.014681
2924,13.0712,6.3762,0,2.0,0.3333,16,7680,70,150.0,0.8592,150.8592,1.0,1.4583,0.125,0,0,0,0.0000,0.0,0.0000,0,0.8125,0.1875,0.8125,13,13,16,0.4296,0.4296,1.3318,0.1875,0.3333,0.3333,0.3333,0.6667,0,0,0.8,5,4,0.5378,0.1,0.0625,0.625,0.0625,0.3125,0.0,0.0,0.8,0.0,0.0,0.0,1.0986,0.0,inner_patrol,obstacle,0.4352,11.99964
2925,4.2076,2.0525,0,1.0,0.1667,15,7200,70,150.0,0.0,150.0,1.0,0.7778,0.0667,0,0,0,0.0000,0.0,0.0000,0,0.9333,0.0667,0.9333,14,14,15,0.0,0.0,0.0,0.0667,0.0,1.0,0.0,1.0,0,0,0.5,4,2,0.5399,0.1,0.0667,0.6667,0.0667,0.2667,0.0,0.0,0.5,0.0,0.0,0.0,-0.0,0.0,enter_inner,obstacle,0.4349,10.198158
2926,12.2196,5.9608,0,2.0,0.3333,16,7680,70,150.0,0.8705,150.8705,1.0,1.4583,0.125,1,0,1,0.0625,0.0,0.0625,0,0.75,0.25,0.8125,12,13,16,0.4352,0.4352,1.3492,0.1875,0.3333,0.3333,0.3333,0.6667,0,0,0.6667,3,2,0.5418,0.1,0.125,0.8125,0.0625,0.1875,0.0,0.0,0.6667,0.0,0.0,0.0,1.0986,0.0,inner_patrol,obstacle,0.4347,10.587369
2927,28.7954,14.0465,0,3.0,0.5,23,11040,70,150.0,0.7429,150.7429,1.0,1.5217,0.1304,0,0,0,0.0000,0.0,0.0000,0,0.8696,0.1304,0.8696,20,20,23,0.2476,0.2476,1.1515,0.1304,0.3333,0.3333,0.3333,0.6667,0,0,0.7143,7,5,0.5622,0.1,0.1739,0.8261,0.0435,0.3043,0.0,0.0,0.7143,0.0,0.0,0.0,1.0986,0.0,return_outer,obstacle,0.4344,12.700633
2928,86.0,51.3814,1,6.0,1.0,40,19200,40,137.1429,1.5092,138.6521,0.5714,1.75,0.15,1,0,1,0.0250,0.0,0.0250,0,0.8,0.2,0.825,32,33,40,0.3018,0.3018,2.3393,0.175,0.2857,0.0,0.7143,0.7143,0,0,0.6923,13,9,0.5648,0.1,0.15,0.775,0.05,0.325,0.0,0.0,0.6923,0.0,0.0,0.0,0.5983,0.0,completed,,0.4341,11.997608
2929,86.0,50.5681,1,6.0,1.0,41,19680,41,137.5714,1.6065,139.1779,0.5857,1.7073,0.1463,1,0,1,0.0244,0.0,0.0244,0,0.8049,0.1951,0.8049,33,33,41,0.3213,0.3213,2.49,0.1951,0.25,0.0,0.75,0.75,0,0,0.6923,13,9,0.5567,0.1,0.122,0.8537,0.0,0.3171,0.0,0.0,0.6923,0.0,0.0,0.0,0.5623,0.0,completed,,0.4339,11.49335
2930,86.0,52.2648,1,6.0,1.0,40,19200,40,137.1429,0.0,137.1429,0.5714,1.75,0.15,1,0,1,0.0250,0.0,0.0250,0,0.8,0.2,0.85,32,34,40,0.0,0.0,0.0,0.15,0.0,0.1667,0.8333,1.0,0,0,0.5833,12,7,0.564,0.1,0.075,0.8,0.05,0.3,0.0,0.0,0.5833,0.0,0.0,0.0,0.4506,0.0,completed,,0.4336,11.885278
2931,86.0,51.4009,1,6.0,1.0,41,19680,41,137.5714,0.6364,138.2078,0.5857,1.7073,0.1463,0,0,0,0.0000,0.0,0.0000,0,0.7317,0.2683,0.8293,30,34,41,0.1273,0.1273,0.9864,0.1707,0.1429,0.1429,0.7143,0.8571,0,0,0.6154,13,8,0.5786,0.1,0.122,0.8049,0.0976,0.3171,0.0,0.0,0.6154,0.0,0.0,0.0,0.7963,0.0,completed,,0.4333,13.617182
2932,86.0,50.087,1,6.0,1.0,39,18720,39,136.7143,2.1985,138.9128,0.5571,1.7949,0.1538,1,0,1,0.0256,0.0,0.0256,0,0.7949,0.2051,0.8205,31,32,39,0.4397,0.4397,3.4077,0.2051,0.375,0.125,0.5,0.625,0,0,0.8182,11,9,0.563,0.1,0.1282,0.6923,0.0513,0.2821,0.0,0.0,0.8182,0.0,0.0,0.0,0.9743,0.0,completed,,0.4331,14.041957
2933,26.2737,12.8164,0,3.0,0.5,26,12480,70,150.0,0.8462,150.8462,1.0,1.3462,0.1154,1,0,1,0.0385,0.0,0.0385,0,0.8462,0.1538,0.8846,22,23,26,0.2821,0.2821,1.3116,0.1154,0.3333,0.3333,0.3333,0.6667,0,0,0.4,5,2,0.5521,0.1,0.1154,0.7692,0.0385,0.1923,0.0,0.0,0.4,0.0,0.0,0.0,1.0986,0.0,return_outer,obstacle,0.4328,16.433149
2934,86.0,52.2022,1,6.0,1.0,35,16800,35,135.0,0.832,135.832,0.5,2.0,0.1714,1,0,1,0.0286,0.0,0.0286,0,0.8571,0.1429,0.8571,30,30,35,0.1664,0.1664,1.2896,0.1429,0.2,0.4,0.4,0.8,0,0,1.0,11,11,0.5435,0.1,0.0571,0.8286,0.0,0.3143,0.0,0.0,1.0,0.0,0.0,0.0,1.0549,0.0,completed,,0.4325,17.484194
2935,86.0,48.323,1,6.0,1.0,43,20640,43,138.4286,2.2699,140.6985,0.6143,1.6279,0.1395,0,0,0,0.0000,0.0,0.0000,0,0.8605,0.1395,0.8605,37,37,43,0.454,0.454,3.5183,0.1395,0.5,0.0,0.5,0.5,0,0,0.5385,13,7,0.5599,0.1,0.1395,0.8372,0.0233,0.3023,0.0,0.0,0.5385,0.0,0.0,0.0,0.6931,0.0,completed,,0.4322,16.891655
2936,86.0,47.6625,1,6.0,1.0,45,21600,45,139.2857,2.8419,142.1276,0.6429,1.5556,0.1333,0,0,0,0.0000,0.0,0.0000,0,0.7556,0.2444,0.8,34,36,45,0.5684,0.5684,4.4049,0.2,0.4444,0.1111,0.4444,0.5556,0,0,0.625,16,10,0.5754,0.1,0.1556,0.8,0.0667,0.3556,0.0,0.0,0.625,0.0,0.0,0.0,0.965,0.0,completed,,0.432,13.382711
2937,59.6286,29.0871,0,5.0,0.8333,41,19680,70,150.0,1.4715,151.4715,1.0,1.4228,0.122,1,0,1,0.0244,0.0,0.0244,0,0.8293,0.1707,0.8537,34,35,41,0.2943,0.2943,2.2809,0.1463,0.3333,0.3333,0.3333,0.6667,0,0,0.7333,15,11,0.5549,0.1,0.0976,0.7561,0.0244,0.3659,0.0,0.0,0.7333,0.0,0.0,0.0,1.0986,0.0,final_park,wall,0.4317,11.175583
2938,5.9157,2.8857,0,1.0,0.1667,13,6240,70,150.0,0.0,150.0,1.0,0.8974,0.0769,1,0,1,0.0769,0.0,0.0769,0,0.9231,0.0769,0.9231,12,12,13,0.0,0.0,0.0,0.0769,0.0,0.0,1.0,1.0,0,0,0.6667,3,2,0.5259,0.1,0.0769,0.6923,0.0769,0.2308,0.0,0.0,0.6667,0.0,0.0,0.0,-0.0,0.0,enter_inner,obstacle,0.4314,11.965482
2939,2.1923,1.0694,0,1.0,0.1667,15,7200,70,150.0,0.8225,150.8225,1.0,0.7778,0.0667,1,0,1,0.0667,0.0,0.0667,0,0.8667,0.1333,0.8667,13,13,15,0.8225,0.8225,1.2748,0.1333,0.5,0.5,0.0,0.5,0,0,0.5,2,1,0.5538,0.1,0.1333,0.5333,0.0667,0.1333,0.0,0.0,0.5,0.0,0.0,0.0,0.6931,0.0,enter_inner,obstacle,0.4312,11.824509
2940,86.0,52.0254,1,6.0,1.0,39,18720,39,136.7143,0.0,136.7143,0.5571,1.7949,0.1538,0,0,0,0.0000,0.0,0.0000,0,0.7949,0.2051,0.8462,31,33,39,0.0,0.0,0.0,0.1538,0.0,0.3333,0.6667,1.0,0,0,0.8182,11,9,0.5577,0.1,0.0769,0.7692,0.0513,0.2821,0.0,0.0,0.8182,0.0,0.0,0.0,0.6365,0.0,completed,,0.4309,12.747498
2941,4.8832,2.3821,0,1.0,0.1667,14,6720,70,150.0,0.0,150.0,1.0,0.8333,0.0714,0,0,0,0.0000,0.0,0.0000,0,0.9286,0.0714,0.9286,13,13,14,0.0,0.0,0.0,0.0714,0.0,1.0,0.0,1.0,0,0,0.6667,3,2,0.5159,0.1,0.0714,0.7143,0.0,0.2143,0.0,0.0,0.6667,0.0,0.0,0.0,-0.0,0.0,enter_inner,obstacle,0.4306,13.794998
2942,86.0,51.8999,1,6.0,1.0,39,18720,39,136.7143,0.0,136.7143,0.5571,1.7949,0.1538,1,0,1,0.0256,0.0,0.0256,0,0.8205,0.1795,0.8462,32,33,39,0.0,0.0,0.0,0.1538,0.0,0.5,0.5,1.0,0,0,0.6,10,6,0.5481,0.1,0.0769,0.7692,0.0256,0.2564,0.0,0.0,0.6,0.0,0.0,0.0,0.6931,0.0,completed,,0.4304,15.593891
2943,86.0,47.6425,1,6.0,1.0,43,20640,43,138.4286,3.1881,141.6166,0.6143,1.6279,0.1395,0,0,0,0.0000,0.0,0.0000,0,0.7674,0.2326,0.814,33,35,43,0.6376,0.6376,4.9415,0.186,0.5,0.125,0.375,0.5,0,0,0.8,15,12,0.5913,0.1,0.186,0.814,0.1163,0.3488,0.0,0.0,0.8,0.0,0.0,0.0,0.9743,0.0,completed,,0.4301,15.450361
2944,12.1934,5.948,0,2.0,0.3333,19,9120,70,150.0,0.0,150.0,1.0,1.2281,0.1053,1,0,1,0.0526,0.0,0.0526,0,0.7895,0.2105,0.8947,15,17,19,0.0,0.0,0.0,0.1053,0.0,0.5,0.5,1.0,0,0,0.5,6,3,0.5118,0.1,0.0526,0.6316,0.0,0.3158,0.0,0.0,0.5,0.0,0.0,0.0,0.6931,0.0,inner_patrol,obstacle,0.4298,15.791696
2945,86.0,51.0973,1,6.0,1.0,40,19200,40,137.1429,0.6663,137.8092,0.5714,1.75,0.15,0,0,0,0.0000,0.0,0.0000,0,0.775,0.225,0.85,31,34,40,0.1333,0.1333,1.0328,0.15,0.1667,0.3333,0.5,0.8333,0,0,0.8182,11,9,0.5451,0.1,0.1,0.825,0.025,0.275,0.0,0.0,0.8182,0.0,0.0,0.0,1.0114,0.0,completed,,0.4295,14.633401
2946,25.8628,12.616,0,3.0,0.5,28,13440,70,150.0,0.0,150.0,1.0,1.25,0.1071,1,0,1,0.0357,0.0,0.0357,0,0.7857,0.2143,0.8929,22,25,28,0.0,0.0,0.0,0.1071,0.0,0.6667,0.3333,1.0,0,0,0.3,10,3,0.5629,0.1,0.1429,0.8214,0.0,0.3571,0.0,0.0,0.3,0.0,0.0,0.0,0.6365,0.0,return_outer,obstacle,0.4293,13.923677
2947,4.8829,2.3819,0,1.0,0.1667,14,6720,70,150.0,0.0,150.0,1.0,0.8333,0.0714,0,0,0,0.0000,0.0,0.0000,0,0.9286,0.0714,0.9286,13,13,14,0.0,0.0,0.0,0.0714,0.0,1.0,0.0,1.0,0,0,0.0,2,0,0.5134,0.1,0.0714,0.5714,0.0,0.1429,0.0,0.0,0.0,0.0,0.0,0.0,-0.0,0.0,enter_inner,obstacle,0.429,14.024828
2948,14.5265,7.0861,0,2.0,0.3333,17,8160,70,150.0,0.0,150.0,1.0,1.3725,0.1176,0,0,0,0.0000,0.0,0.0000,0,0.8824,0.1176,0.8824,15,15,17,0.0,0.0,0.0,0.1176,0.0,0.5,0.5,1.0,0,0,0.6,5,3,0.5251,0.1,0.0,0.6471,0.0,0.2941,0.0,0.0,0.6,0.0,0.0,0.0,0.6931,0.0,inner_patrol,obstacle,0.4287,13.840364
2949,86.0,52.749,1,6.0,1.0,38,18240,38,136.2857,0.0,136.2857,0.5429,1.8421,0.1579,1,0,1,0.0263,0.0,0.0263,0,0.8158,0.1842,0.8684,31,33,38,0.0,0.0,0.0,0.1316,0.0,0.2,0.8,1.0,0,0,0.8571,7,6,0.5292,0.1,0.0789,0.7632,0.0,0.1842,0.0,0.0,0.8571,0.0,0.0,0.0,0.5004,0.0,completed,,0.4285,13.210483
2950,86.0,52.7087,1,6.0,1.0,37,17760,37,135.8571,0.0,135.8571,0.5286,1.8919,0.1622,1,0,1,0.0270,0.0,0.0270,0,0.8378,0.1622,0.8649,31,32,37,0.0,0.0,0.0,0.1351,0.0,0.4,0.6,1.0,0,0,0.8,5,4,0.5363,0.1,0.0811,0.7027,0.0,0.1351,0.0,0.0,0.8,0.0,0.0,0.0,0.673,0.0,completed,,0.4282,11.38358
2951,-10.0,-6.72,0,0.0,0.0,4,1920,70,150.0,0.0,150.0,1.0,0.0,0.0,1,0,1,0.2500,0.0,0.2500,0,1.0,0.0,1.0,4,4,4,0.0,0.0,0.0,0.0,0.0,0.0,0.0,0.0,0,0,0.0,0,0,0.5,0.1,0.0,0.75,0.0,0.0,0.0,0.0,0.0,0.0,0.0,0.0,0.0,0.0,outer_patrol_a,road_edge,0.4279,10.899874
2952,66.7362,32.5542,0,5.0,0.8333,36,17280,70,150.0,0.0,150.0,1.0,1.6204,0.1389,1,0,1,0.0278,0.0,0.0278,0,0.8333,0.1667,0.8611,30,31,36,0.0,0.0,0.0,0.1389,0.0,0.6,0.4,1.0,0,0,0.875,8,7,0.533,0.1,0.0278,0.8333,0.0,0.2222,0.0,0.0,0.875,0.0,0.0,0.0,0.673,0.0,final_park,wall,0.4277,11.100639
2953,5.9173,2.8865,0,1.0,0.1667,13,6240,70,150.0,0.0,150.0,1.0,0.8974,0.0769,0,0,0,0.0000,0.0,0.0000,0,0.9231,0.0769,0.9231,12,12,13,0.0,0.0,0.0,0.0769,0.0,0.0,1.0,1.0,0,0,0.0,1,0,0.5234,0.1,0.0769,0.3846,0.0769,0.0769,0.0,0.0,0.0,0.0,0.0,0.0,-0.0,0.0,enter_inner,obstacle,0.4274,12.341951
2954,86.0,51.4677,1,6.0,1.0,38,18240,38,136.2857,0.7248,137.0105,0.5429,1.8421,0.1579,0,0,0,0.0000,0.0,0.0000,0,0.7895,0.2105,0.8684,30,33,38,0.145,0.145,1.1235,0.1316,0.2,0.2,0.6,0.8,0,0,0.8182,11,9,0.5391,0.1,0.0,0.7105,0.0,0.2895,0.0,0.0,0.8182,0.0,0.0,0.0,0.9503,0.0,completed,,0.4271,13.430381
2955,86.0,54.1505,1,6.0,1.0,36,17280,36,135.4286,0.0,135.4286,0.5143,1.9444,0.1667,1,0,1,0.0278,0.0,0.0278,0,0.8056,0.1944,0.8056,29,29,36,0.0,0.0,0.0,0.1944,0.0,0.2857,0.7143,1.0,0,0,0.6667,6,4,0.5683,0.1,0.1389,0.7222,0.0556,0.1667,0.0,0.0,0.6667,0.0,0.0,0.0,0.5983,0.0,completed,,0.4269,14.77138
2956,4.8824,2.3817,0,1.0,0.1667,14,6720,70,150.0,0.0,150.0,1.0,0.8333,0.0714,0,0,0,0.0000,0.0,0.0000,0,0.9286,0.0714,0.9286,13,13,14,0.0,0.0,0.0,0.0714,0.0,1.0,0.0,1.0,0,0,0.5,4,2,0.5137,0.1,0.0714,0.7857,0.0,0.2857,0.0,0.0,0.5,0.0,0.0,0.0,-0.0,0.0,enter_inner,obstacle,0.4266,14.193998
2957,86.0,48.4322,1,6.0,1.0,46,22080,46,139.7143,1.6267,141.341,0.6571,1.5217,0.1304,1,0,1,0.0217,0.0,0.0217,0,0.7174,0.2826,0.8261,33,38,46,0.3253,0.3253,2.5214,0.1739,0.25,0.0,0.75,0.75,0,0,0.6,15,9,0.5715,0.1,0.1739,0.8261,0.0435,0.3261,0.0,0.0,0.6,0.0,0.0,0.0,0.5623,0.0,completed,,0.4263,13.357019
2958,86.0,51.9811,1,6.0,1.0,42,20160,42,138.0,0.0,138.0,0.6,1.6667,0.1429,1,0,1,0.0238,0.0,0.0238,0,0.7857,0.2143,0.8333,33,35,42,0.0,0.0,0.0,0.1667,0.0,0.2857,0.7143,1.0,0,0,0.6667,15,10,0.5638,0.1,0.0952,0.881,0.0476,0.3571,0.0,0.0,0.6667,0.0,0.0,0.0,0.5983,0.0,completed,,0.426,11.95441
2959,41.3544,20.1729,0,4.0,0.6667,26,12480,70,150.0,0.0,150.0,1.0,1.7949,0.1538,1,0,1,0.0385,0.0,0.0385,0,0.7692,0.2308,0.8077,20,21,26,0.0,0.0,0.0,0.1923,0.0,0.2,0.8,1.0,0,0,0.7273,11,8,0.599,0.1,0.1923,0.8846,0.0769,0.4231,0.0,0.0,0.7273,0.0,0.0,0.0,0.5004,0.0,outer_patrol_b,road_edge,0.4258,11.67324
2960,64.1489,31.2922,0,5.0,0.8333,40,19200,70,150.0,0.7368,150.7368,1.0,1.4583,0.125,0,0,0,0.0000,0.0,0.0000,0,0.8,0.2,0.825,32,33,40,0.1474,0.1474,1.142,0.175,0.1429,0.2857,0.5714,0.8571,0,0,0.6667,12,8,0.5547,0.1,0.125,0.775,0.025,0.3,0.0,0.0,0.6667,0.0,0.0,0.0,0.9557,0.0,final_park,wall,0.4255,9.535944
2961,86.0,50.3016,1,6.0,1.0,42,20160,42,138.0,0.6421,138.6421,0.6,1.6667,0.1429,1,0,1,0.0238,0.0,0.0238,0,0.7381,0.2619,0.8571,31,36,42,0.1284,0.1284,0.9952,0.1429,0.1667,0.1667,0.6667,0.8333,0,0,0.5455,11,6,0.55,0.1,0.1429,0.6905,0.0,0.2619,0.0,0.0,0.5455,0.0,0.0,0.0,0.8676,0.0,completed,,0.4252,9.471648
2962,-10.0,-8.86,0,0.0,0.0,2,960,70,150.0,0.0,150.0,1.0,0.0,0.0,0,0,0,0.0000,0.0,0.0000,0,1.0,0.0,1.0,2,2,2,0.0,0.0,0.0,0.0,0.0,0.0,0.0,0.0,0,0,0.0,0,0,0.5078,0.1,0.0,1.0,0.0,0.0,0.0,0.0,0.0,0.0,0.0,0.0,0.0,0.0,outer_patrol_a,road_edge,0.425,9.471648
2963,40.8996,19.951,0,4.0,0.6667,24,11520,70,150.0,0.0,150.0,1.0,1.9444,0.1667,1,0,1,0.0417,0.0,0.0417,0,0.7917,0.2083,0.8333,19,20,24,0.0,0.0,0.0,0.1667,0.0,0.5,0.5,1.0,0,0,0.75,4,3,0.5372,0.1,0.0417,0.9167,0.0,0.1667,0.0,0.0,0.75,0.0,0.0,0.0,0.6931,0.0,outer_patrol_b,road_edge,0.4247,9.875855
2964,15.5982,7.6089,0,2.0,0.3333,23,11040,70,150.0,1.6105,151.6105,1.0,1.0145,0.087,0,0,0,0.0000,0.0,0.0000,0,0.7391,0.2609,0.8261,17,19,23,0.8052,0.8052,2.4962,0.1739,0.5,0.0,0.5,0.5,0,0,0.6,5,3,0.5604,0.1,0.1304,0.7826,0.087,0.2174,0.0,0.0,0.6,0.0,0.0,0.0,0.6931,0.0,inner_patrol,obstacle,0.4244,12.285967
2965,68.2181,33.2771,0,5.0,0.8333,37,17760,70,150.0,0.0,150.0,1.0,1.5766,0.1351,0,0,0,0.0000,0.0,0.0000,0,0.8108,0.1892,0.8378,30,31,37,0.0,0.0,0.0,0.1622,0.0,0.1667,0.8333,1.0,0,0,0.7778,9,7,0.5381,0.1,0.0811,0.8378,0.0,0.2432,0.0,0.0,0.7778,0.0,0.0,0.0,0.4506,0.0,final_park,wall,0.4242,12.951712
2966,5.0782,2.4772,0,1.0,0.1667,14,6720,70,150.0,0.0,150.0,1.0,0.8333,0.0714,1,0,1,0.0714,0.0,0.0714,0,0.8571,0.1429,0.9286,12,13,14,0.0,0.0,0.0,0.0714,0.0,0.0,1.0,1.0,0,0,0.75,4,3,0.516,0.1,0.0714,0.7857,0.0,0.2857,0.0,0.0,0.75,0.0,0.0,0.0,-0.0,0.0,enter_inner,obstacle,0.4239,13.887507
2967,86.0,52.709,1,6.0,1.0,36,17280,36,135.4286,0.8241,136.2527,0.5143,1.9444,0.1667,1,0,1,0.0278,0.0,0.0278,0,0.8333,0.1667,0.8611,30,31,36,0.1648,0.1648,1.2774,0.1389,0.2,0.0,0.8,0.8,0,0,0.875,8,7,0.5509,0.1,0.0278,0.7222,0.0,0.2222,0.0,0.0,0.875,0.0,0.0,0.0,0.5004,0.0,completed,,0.4236,13.920435
2968,86.0,51.2439,1,6.0,1.0,40,19200,40,137.1429,0.0,137.1429,0.5714,1.75,0.15,1,0,1,0.0250,0.0,0.0250,0,0.75,0.25,0.85,30,34,40,0.0,0.0,0.0,0.15,0.0,0.5,0.5,1.0,0,0,0.7778,9,7,0.5564,0.1,0.075,0.725,0.05,0.225,0.0,0.0,0.7778,0.0,0.0,0.0,0.6931,0.0,completed,,0.4233,10.591903
2969,86.0,52.2513,1,6.0,1.0,39,18720,39,136.7143,0.6452,137.3595,0.5571,1.7949,0.1538,1,0,1,0.0256,0.0,0.0256,0,0.7949,0.2051,0.8205,31,32,39,0.129,0.129,1.0001,0.1795,0.1429,0.1429,0.7143,0.8571,0,0,0.7692,13,10,0.5525,0.1,0.0769,0.7692,0.0256,0.3333,0.0,0.0,0.7692,0.0,0.0,0.0,0.7963,0.0,completed,,0.4231,11.534879
2970,-10.0,-5.65,0,0.0,0.0,5,2400,70,150.0,0.0,150.0,1.0,0.0,0.0,1,0,1,0.2000,0.0,0.2000,0,1.0,0.0,1.0,5,5,5,0.0,0.0,0.0,0.0,0.0,0.0,0.0,0.0,0,0,1.0,2,2,0.5229,0.1,0.0,0.6,0.0,0.4,0.0,0.0,1.0,0.0,0.0,0.0,0.0,0.0,outer_patrol_a,road_edge,0.4228,11.060818
2971,5.5581,2.7113,0,1.0,0.1667,13,6240,70,150.0,0.0,150.0,1.0,0.8974,0.0769,1,0,1,0.0769,0.0,0.0769,0,0.9231,0.0769,0.9231,12,12,13,0.0,0.0,0.0,0.0769,0.0,1.0,0.0,1.0,0,0,0.6667,3,2,0.5172,0.1,0.0769,0.6923,0.0,0.2308,0.0,0.0,0.6667,0.0,0.0,0.0,-0.0,0.0,enter_inner,obstacle,0.4225,9.723669
2972,86.0,53.4,1,6.0,1.0,35,16800,35,135.0,0.6951,135.6951,0.5,2.0,0.1714,1,0,1,0.0286,0.0,0.0286,0,0.8571,0.1429,0.8571,30,30,35,0.139,0.139,1.0773,0.1429,0.2,0.0,0.8,0.8,0,0,1.0,10,10,0.5455,0.1,0.0571,0.7143,0.0,0.2857,0.0,0.0,1.0,0.0,0.0,0.0,0.5004,0.0,completed,,0.4223,11.250344
2973,86.0,51.6821,1,6.0,1.0,39,18720,39,136.7143,0.6192,137.3335,0.5571,1.7949,0.1538,0,0,0,0.0000,0.0,0.0000,0,0.8205,0.1795,0.8205,32,32,39,0.1238,0.1238,0.9598,0.1795,0.1429,0.2857,0.5714,0.8571,0,0,0.5,8,4,0.5498,0.1,0.0769,0.8462,0.0256,0.2051,0.0,0.0,0.5,0.0,0.0,0.0,0.9557,0.0,completed,,0.422,10.051993
2974,86.0,49.1993,1,6.0,1.0,42,20160,42,138.0,1.9045,139.9045,0.6,1.6667,0.1429,0,0,0,0.0000,0.0,0.0000,0,0.7381,0.2619,0.8095,31,34,42,0.3809,0.3809,2.952,0.1905,0.375,0.125,0.5,0.625,0,0,0.8333,12,10,0.5597,0.1,0.0952,0.7381,0.0476,0.2857,0.0,0.0,0.8333,0.0,0.0,0.0,0.9743,0.0,completed,,0.4217,8.717844
2975,6.2593,3.0533,0,1.0,0.1667,14,6720,70,150.0,0.0,150.0,1.0,0.8333,0.0714,0,0,0,0.0000,0.0,0.0000,0,0.8571,0.1429,0.8571,12,12,14,0.0,0.0,0.0,0.1429,0.0,0.0,1.0,1.0,0,0,0.6,5,3,0.5455,0.1,0.1429,0.7857,0.0714,0.3571,0.0,0.0,0.6,0.0,0.0,0.0,-0.0,0.0,enter_inner,obstacle,0.4215,8.585004
2976,24.5702,11.9855,0,3.0,0.5,29,13920,70,150.0,1.5596,151.5596,1.0,1.2069,0.1034,0,0,0,0.0000,0.0,0.0000,0,0.7931,0.2069,0.8276,23,24,29,0.5199,0.5199,2.4174,0.1724,0.4,0.2,0.4,0.6,0,0,0.4,10,4,0.6151,0.1,0.2069,0.8966,0.1724,0.3448,0.0,0.0,0.4,0.0,0.0,0.0,1.0549,0.0,return_outer,obstacle,0.4212,10.380669
2977,-10.0,-6.72,0,0.0,0.0,4,1920,70,150.0,0.0,150.0,1.0,0.0,0.0,1,0,1,0.2500,0.0,0.2500,0,1.0,0.0,1.0,4,4,4,0.0,0.0,0.0,0.0,0.0,0.0,0.0,0.0,0,0,1.0,1,1,0.4847,0.1,0.0,0.5,0.0,0.25,0.0,0.0,1.0,0.0,0.0,0.0,0.0,0.0,outer_patrol_a,road_edge,0.4209,11.058683
2978,51.6059,25.1736,0,4.0,0.6667,33,15840,70,150.0,0.6534,150.6534,1.0,1.4141,0.1212,0,0,0,0.0000,0.0,0.0000,0,0.7576,0.2424,0.8485,25,28,33,0.1633,0.1633,1.0128,0.1515,0.2,0.0,0.8,0.8,0,0,0.8,10,8,0.5514,0.1,0.0909,0.9394,0.0303,0.303,0.0,0.0,0.8,0.0,0.0,0.0,0.5004,0.0,outer_patrol_b,road_edge,0.4207,14.291546
2979,86.0,47.9311,1,6.0,1.0,42,20160,42,138.0,2.2043,140.2043,0.6,1.6667,0.1429,0,0,0,0.0000,0.0,0.0000,0,0.8333,0.1667,0.8333,35,35,42,0.4409,0.4409,3.4167,0.1667,0.4286,0.1429,0.4286,0.5714,0,0,0.8571,14,12,0.5603,0.1,0.0714,0.6905,0.0238,0.3333,0.0,0.0,0.8571,0.0,0.0,0.0,1.0042,0.0,completed,,0.4204,13.014102
2980,86.0,49.3705,1,6.0,1.0,42,20160,42,138.0,1.5904,139.5904,0.6,1.6667,0.1429,0,0,0,0.0000,0.0,0.0000,0,0.7381,0.2619,0.8333,31,35,42,0.3181,0.3181,2.4652,0.1667,0.2857,0.0,0.7143,0.7143,0,0,0.8182,11,9,0.5604,0.1,0.0952,0.6667,0.0238,0.2619,0.0,0.0,0.8182,0.0,0.0,0.0,0.5983,0.0,completed,,0.4201,12.418049
2981,18.9256,9.232,0,2.0,0.3333,21,10080,70,150.0,0.0,150.0,1.0,1.1111,0.0952,1,0,1,0.0476,0.0,0.0476,0,0.8095,0.1905,0.9048,17,19,21,0.0,0.0,0.0,0.0952,0.0,1.0,0.0,1.0,0,0,0.5,6,3,0.536,0.1,0.0476,0.8571,0.0,0.2857,0.0,0.0,0.5,0.0,0.0,0.0,-0.0,0.0,inner_patrol,obstacle,0.4198,10.871836
2982,86.0,53.6612,1,6.0,1.0,39,18720,39,136.7143,0.0,136.7143,0.5571,1.7949,0.1538,1,0,1,0.0256,0.0,0.0256,0,0.8205,0.1795,0.8205,32,32,39,0.0,0.0,0.0,0.1795,0.0,0.1429,0.8571,1.0,0,0,0.8182,11,9,0.5646,0.1,0.1282,0.7692,0.0513,0.2821,0.0,0.0,0.8182,0.0,0.0,0.0,0.4101,0.0,completed,,0.4196,14.410611
2983,4.717,2.301,0,1.0,0.1667,14,6720,70,150.0,0.0,150.0,1.0,0.8333,0.0714,1,0,1,0.0714,0.0,0.0714,0,0.8571,0.1429,0.9286,12,13,14,0.0,0.0,0.0,0.0714,0.0,1.0,0.0,1.0,0,0,0.3333,3,1,0.5302,0.1,0.0714,0.5714,0.0714,0.2143,0.0,0.0,0.3333,0.0,0.0,0.0,-0.0,0.0,enter_inner,obstacle,0.4193,14.489167
2984,86.0,51.2833,1,6.0,1.0,41,19680,41,137.5714,1.5511,139.1225,0.5857,1.7073,0.1463,0,0,0,0.0000,0.0,0.0000,0,0.8049,0.1951,0.8049,33,33,41,0.3102,0.3102,2.4042,0.1951,0.25,0.125,0.625,0.75,0,0,0.5455,11,6,0.5865,0.1,0.1707,0.7805,0.122,0.2683,0.0,0.0,0.5455,0.0,0.0,0.0,0.9003,0.0,completed,,0.419,12.622952
2985,86.0,51.6857,1,6.0,1.0,42,20160,42,138.0,0.826,138.826,0.6,1.6667,0.1429,0,0,0,0.0000,0.0,0.0000,0,0.8095,0.1905,0.8333,34,35,42,0.1652,0.1652,1.2804,0.1667,0.1429,0.0,0.8571,0.8571,0,0,0.5714,14,8,0.5948,0.1,0.1667,0.6905,0.1429,0.3333,0.0,0.0,0.5714,0.0,0.0,0.0,0.4101,0.0,completed,,0.4188,10.734005
2986,86.0,53.2392,1,6.0,1.0,36,17280,36,135.4286,0.0,135.4286,0.5143,1.9444,0.1667,1,0,1,0.0278,0.0,0.0278,0,0.8611,0.1389,0.8611,31,31,36,0.0,0.0,0.0,0.1389,0.0,0.0,1.0,1.0,0,0,0.7778,9,7,0.5474,0.1,0.0833,0.7778,0.0,0.25,0.0,0.0,0.7778,0.0,0.0,0.0,-0.0,0.0,completed,,0.4185,11.585916
2987,86.0,53.6354,1,6.0,1.0,36,17280,36,135.4286,0.0,135.4286,0.5143,1.9444,0.1667,0,0,0,0.0000,0.0,0.0000,0,0.8333,0.1667,0.8611,30,31,36,0.0,0.0,0.0,0.1389,0.0,0.0,1.0,1.0,0,0,0.8889,9,8,0.5551,0.1,0.0278,0.75,0.0,0.25,0.0,0.0,0.8889,0.0,0.0,0.0,-0.0,0.0,completed,,0.4182,15.78414
2988,86.0,51.4277,1,6.0,1.0,38,18240,38,136.2857,0.6806,136.9664,0.5429,1.8421,0.1579,0,0,0,0.0000,0.0,0.0000,0,0.8158,0.1842,0.8684,31,33,38,0.1361,0.1361,1.055,0.1316,0.2,0.2,0.6,0.8,0,0,0.8889,9,8,0.5336,0.1,0.0526,0.8421,0.0,0.2368,0.0,0.0,0.8889,0.0,0.0,0.0,0.9503,0.0,completed,,0.418,18.76765
2989,66.7004,32.5368,0,5.0,0.8333,36,17280,70,150.0,0.0,150.0,1.0,1.6204,0.1389,1,0,1,0.0278,0.0,0.0278,0,0.8611,0.1389,0.8611,31,31,36,0.0,0.0,0.0,0.1389,0.0,0.4,0.6,1.0,0,0,0.7,10,7,0.5411,0.1,0.0833,0.8056,0.0,0.2778,0.0,0.0,0.7,0.0,0.0,0.0,0.673,0.0,final_park,wall,0.4177,16.301718
2990,86.0,50.1735,1,6.0,1.0,41,19680,41,137.5714,1.6536,139.225,0.5857,1.7073,0.1463,1,0,1,0.0244,0.0,0.0244,0,0.7561,0.2439,0.8049,31,33,41,0.3307,0.3307,2.563,0.1951,0.25,0.125,0.625,0.75,0,0,0.6923,13,9,0.5539,0.1,0.122,0.8049,0.0244,0.3171,0.0,0.0,0.6923,0.0,0.0,0.0,0.9003,0.0,completed,,0.4174,13.823697
2991,18.8469,9.1936,0,3.0,0.5,29,13920,70,150.0,3.0365,153.0365,1.0,1.2069,0.1034,0,0,0,0.0000,0.0,0.0000,0,0.7241,0.2759,0.7586,21,22,29,1.0122,1.0122,4.7067,0.2069,0.6667,0.1667,0.1667,0.3333,0,0,0.6,10,6,0.5844,0.1,0.2414,0.7586,0.069,0.3448,0.0,0.0,0.6,0.0,0.0,0.0,0.8676,0.0,return_outer,red_light,0.4171,13.384497
2992,86.0,50.7716,1,6.0,1.0,40,19200,40,137.1429,1.4619,138.6048,0.5714,1.75,0.15,0,0,0,0.0000,0.0,0.0000,0,0.825,0.175,0.85,33,34,40,0.2924,0.2924,2.266,0.15,0.3333,0.0,0.6667,0.6667,0,0,0.9091,11,10,0.5401,0.1,0.075,0.7,0.0,0.275,0.0,0.0,0.9091,0.0,0.0,0.0,0.6365,0.0,completed,,0.4169,12.783987
2993,36.9938,18.0457,0,4.0,0.6667,27,12960,70,150.0,1.582,151.582,1.0,1.7284,0.1481,1,0,1,0.0370,0.0,0.0370,0,0.7778,0.2222,0.7778,21,21,27,0.3955,0.3955,2.452,0.2222,0.3333,0.0,0.6667,0.6667,0,0,0.875,8,7,0.5763,0.1,0.1481,0.7778,0.0741,0.2963,0.0,0.0,0.875,0.0,0.0,0.0,0.6365,0.0,outer_patrol_b,road_edge,0.4166,13.035977
2994,86.0,50.5409,1,6.0,1.0,39,18720,39,136.7143,1.5671,138.2814,0.5571,1.7949,0.1538,0,0,0,0.0000,0.0,0.0000,0,0.7949,0.2051,0.8462,31,33,39,0.3134,0.3134,2.429,0.1538,0.3333,0.0,0.6667,0.6667,0,0,0.9167,12,11,0.5551,0.1,0.0513,0.7179,0.0256,0.3077,0.0,0.0,0.9167,0.0,0.0,0.0,0.6365,0.0,completed,,0.4163,15.145692
2995,-2.8085,-1.37,0,0.0,0.0,9,4320,70,150.0,0.0,150.0,1.0,0.0,0.0,0,0,0,0.0000,0.0,0.0000,0,1.0,0.0,1.0,9,9,9,0.0,0.0,0.0,0.0,0.0,0.0,0.0,0.0,0,0,1.0,1,1,0.4857,0.1,0.0,0.6667,0.0,0.1111,0.0,0.0,1.0,0.0,0.0,0.0,0.0,0.0,outer_patrol_a,road_edge,0.4161,15.433352
2996,86.0,50.4008,1,6.0,1.0,38,18240,38,136.2857,1.7824,138.0682,0.5429,1.8421,0.1579,0,0,0,0.0000,0.0,0.0000,0,0.7895,0.2105,0.7895,30,30,38,0.3565,0.3565,2.7628,0.2105,0.25,0.125,0.625,0.75,0,0,0.8182,11,9,0.5689,0.1,0.1316,0.7895,0.0526,0.2895,0.0,0.0,0.8182,0.0,0.0,0.0,0.9003,0.0,completed,,0.4158,14.756257
2997,53.4496,26.073,0,4.0,0.6667,43,20640,70,150.0,1.3945,151.3945,1.0,1.0853,0.093,1,0,1,0.0233,0.0,0.0233,0,0.7674,0.2326,0.8605,33,37,43,0.3486,0.3486,2.1614,0.1395,0.3333,0.0,0.6667,0.6667,0,0,0.4667,15,7,0.5803,0.1,0.2093,0.8372,0.093,0.3488,0.0,0.0,0.4667,0.0,0.0,0.0,0.6365,0.0,outer_patrol_b,road_edge,0.4155,14.877918
2998,86.0,48.6411,1,6.0,1.0,45,21600,45,139.2857,2.7395,142.0253,0.6429,1.5556,0.1333,0,0,0,0.0000,0.0,0.0000,0,0.7556,0.2444,0.7778,34,35,45,0.5479,0.5479,4.2463,0.2222,0.4,0.0,0.6,0.6,0,0,0.7273,11,8,0.5754,0.1,0.1333,0.8222,0.0444,0.2444,0.0,0.0,0.7273,0.0,0.0,0.0,0.673,0.0,completed,,0.4153,14.780493
2999,5.5913,2.7275,0,1.0,0.1667,14,6720,70,150.0,0.0,150.0,1.0,0.8333,0.0714,1,0,1,0.0714,0.0,0.0714,0,0.8571,0.1429,0.8571,12,12,14,0.0,0.0,0.0,0.1429,0.0,0.5,0.5,1.0,0,0,0.6,5,3,0.5512,0.1,0.1429,0.8571,0.0714,0.3571,0.0,0.0,0.6,0.0,0.0,0.0,0.6931,0.0,enter_inner,obstacle,0.415,15.323273
3000,54.0701,26.3757,0,4.0,0.6667,36,17280,70,150.0,0.8281,150.8281,1.0,1.2963,0.1111,1,0,1,0.0278,0.0,0.0278,0,0.8333,0.1667,0.8333,30,30,36,0.207,0.207,1.2836,0.1667,0.1667,0.0,0.8333,0.8333,0,0,0.5833,12,7,0.5827,0.1,0.1389,0.8056,0.0833,0.3333,0.0,0.0,0.5833,0.0,0.0,0.0,0.4506,0.0,outer_patrol_b,road_edge,0.4147,12.188895
3001,5.5565,2.7105,0,1.0,0.1667,13,6240,70,150.0,0.0,150.0,1.0,0.8974,0.0769,0,0,0,0.0000,0.0,0.0000,0,0.9231,0.0769,0.9231,12,12,13,0.0,0.0,0.0,0.0769,0.0,1.0,0.0,1.0,0,0,0.6667,3,2,0.5383,0.1,0.0769,0.6154,0.0769,0.2308,0.0,0.0,0.6667,0.0,0.0,0.0,-0.0,0.0,enter_inner,obstacle,0.4145,11.27698
3002,86.0,52.3713,1,6.0,1.0,39,18720,39,136.7143,0.0,136.7143,0.5571,1.7949,0.1538,1,0,1,0.0256,0.0,0.0256,0,0.7949,0.2051,0.8718,31,34,39,0.0,0.0,0.0,0.1282,0.0,0.0,1.0,1.0,0,0,0.8333,12,10,0.5458,0.1,0.0513,0.7436,0.0,0.3077,0.0,0.0,0.8333,0.0,0.0,0.0,-0.0,0.0,completed,,0.4142,10.004951
3003,30.1837,14.7238,0,3.0,0.5,25,12000,70,150.0,0.0,150.0,1.0,1.4,0.12,0,0,0,0.0000,0.0,0.0000,0,0.84,0.16,0.84,21,21,25,0.0,0.0,0.0,0.16,0.0,0.25,0.75,1.0,0,0,0.625,8,5,0.5669,0.1,0.12,0.8,0.04,0.32,0.0,0.0,0.625,0.0,0.0,0.0,0.5623,0.0,return_outer,obstacle,0.4139,10.783159
3004,67.0518,32.7082,0,5.0,0.8333,38,18240,70,150.0,0.0,150.0,1.0,1.5351,0.1316,1,0,1,0.0263,0.0,0.0263,0,0.7895,0.2105,0.8421,30,32,38,0.0,0.0,0.0,0.1579,0.0,0.1667,0.8333,1.0,0,0,0.7143,7,5,0.5437,0.1,0.0789,0.7105,0.0526,0.1842,0.0,0.0,0.7143,0.0,0.0,0.0,0.4506,0.0,final_park,wall,0.4136,11.546749
3005,86.0,53.6704,1,6.0,1.0,37,17760,37,135.8571,0.0,135.8571,0.5286,1.8919,0.1622,0,0,0,0.0000,0.0,0.0000,0,0.7838,0.2162,0.8378,29,31,37,0.0,0.0,0.0,0.1622,0.0,0.1667,0.8333,1.0,0,0,0.8571,7,6,0.5555,0.1,0.0541,0.7838,0.027,0.1892,0.0,0.0,0.8571,0.0,0.0,0.0,0.4506,0.0,completed,,0.4134,12.283502
3006,-10.0,-5.65,0,0.0,0.0,5,2400,70,150.0,0.0,150.0,1.0,0.0,0.0,1,0,1,0.2000,0.0,0.2000,0,1.0,0.0,1.0,5,5,5,0.0,0.0,0.0,0.0,0.0,0.0,0.0,0.0,0,0,0.0,0,0,0.4942,0.1,0.0,0.6,0.0,0.0,0.0,0.0,0.0,0.0,0.0,0.0,0.0,0.0,outer_patrol_a,road_edge,0.4131,11.804914
3007,-0.615,-0.3,0,0.0,0.0,10,4800,70,150.0,0.0,150.0,1.0,0.0,0.0,1,0,1,0.1000,0.0,0.1000,0,1.0,0.0,1.0,10,10,10,0.0,0.0,0.0,0.0,0.0,0.0,0.0,0.0,0,0,1.0,3,3,0.5039,0.1,0.0,0.7,0.0,0.3,0.0,0.0,1.0,0.0,0.0,0.0,0.0,0.0,outer_patrol_a,road_edge,0.4128,13.102414
3008,86.0,48.8335,1,6.0,1.0,40,19200,40,137.1429,1.6293,138.7722,0.5714,1.75,0.15,0,0,0,0.0000,0.0,0.0000,0,0.8,0.2,0.85,32,34,40,0.3259,0.3259,2.5254,0.15,0.3333,0.5,0.1667,0.6667,0,0,1.0,10,10,0.5451,0.1,0.1,0.625,0.025,0.25,0.0,0.0,1.0,0.0,0.0,0.0,1.0114,0.0,completed,,0.4126,12.425138
3009,24.8029,12.099,0,3.0,0.5,26,12480,70,150.0,1.4447,151.4447,1.0,1.3462,0.1154,0,0,0,0.0000,0.0,0.0000,0,0.8077,0.1923,0.8462,21,22,26,0.4816,0.4816,2.2393,0.1538,0.5,0.25,0.25,0.5,0,0,0.6667,12,8,0.59,0.1,0.1923,0.9231,0.0769,0.4615,0.0,0.0,0.6667,0.0,0.0,0.0,1.0397,0.0,return_outer,obstacle,0.4123,11.609004
3010,86.0,49.9744,1,6.0,1.0,45,21600,45,139.2857,0.7917,140.0774,0.6429,1.5556,0.1333,1,0,1,0.0222,0.0,0.0222,0,0.7778,0.2222,0.8667,35,39,45,0.1583,0.1583,1.2272,0.1333,0.1667,0.0,0.8333,0.8333,0,0,0.5714,14,8,0.5543,0.1,0.0889,0.7556,0.0222,0.3111,0.0,0.0,0.5714,0.0,0.0,0.0,0.4506,0.0,completed,,0.412,9.84716
3011,61.1913,29.8494,0,5.0,0.8333,38,18240,70,150.0,1.5939,151.5939,1.0,1.5351,0.1316,0,0,0,0.0000,0.0,0.0000,0,0.8158,0.1842,0.8421,31,32,38,0.3188,0.3188,2.4706,0.1579,0.3333,0.3333,0.3333,0.6667,0,0,0.9,10,9,0.5558,0.1,0.0526,0.7105,0.0526,0.2632,0.0,0.0,0.9,0.0,0.0,0.0,1.0986,0.0,final_park,wall,0.4118,11.423719
3012,-5.8425,-2.85,0,0.0,0.0,9,4320,70,150.0,0.0,150.0,1.0,0.0,0.0,1,0,1,0.1111,0.0,0.1111,0,0.8889,0.1111,1.0,8,9,9,0.0,0.0,0.0,0.0,0.0,0.0,0.0,0.0,0,0,0.0,0,0,0.4855,0.1,0.0,0.7778,0.0,0.0,0.0,0.0,0.0,0.0,0.0,0.0,0.0,0.0,outer_patrol_a,road_edge,0.4115,11.275791
3013,86.0,46.3471,1,6.0,1.0,44,21120,44,138.8571,3.6252,142.4824,0.6286,1.5909,0.1364,1,0,1,0.0227,0.0,0.0227,0,0.8182,0.1818,0.8409,36,37,44,0.725,0.725,5.6191,0.1591,0.7143,0.0,0.2857,0.2857,0,0,0.6923,13,9,0.5562,0.1,0.1364,0.8182,0.0227,0.2955,0.0,0.0,0.6923,0.0,0.0,0.0,0.5983,0.0,completed,,0.4112,13.465101
3014,86.0,49.8859,1,6.0,1.0,39,18720,39,136.7143,0.8594,137.5737,0.5571,1.7949,0.1538,1,0,1,0.0256,0.0,0.0256,0,0.7692,0.2308,0.8462,30,33,39,0.1719,0.1719,1.3321,0.1538,0.1667,0.5,0.3333,0.8333,0,0,0.8,10,8,0.5552,0.1,0.1026,0.7692,0.0256,0.2564,0.0,0.0,0.8,0.0,0.0,0.0,1.0114,0.0,completed,,0.4109,12.88687
3015,86.0,51.8173,1,6.0,1.0,38,18240,38,136.2857,0.7469,137.0326,0.5429,1.8421,0.1579,0,0,0,0.0000,0.0,0.0000,0,0.8158,0.1842,0.8684,31,33,38,0.1494,0.1494,1.1577,0.1316,0.2,0.0,0.8,0.8,0,0,0.8571,7,6,0.537,0.1,0.0263,0.7368,0.0,0.1842,0.0,0.0,0.8571,0.0,0.0,0.0,0.5004,0.0,completed,,0.4107,11.858825
3016,86.0,51.9809,1,6.0,1.0,40,19200,40,137.1429,0.7637,137.9066,0.5714,1.75,0.15,0,0,0,0.0000,0.0,0.0000,0,0.8,0.2,0.825,32,33,40,0.1527,0.1527,1.1838,0.175,0.1429,0.0,0.8571,0.8571,0,0,0.6923,13,9,0.5602,0.1,0.125,0.8,0.025,0.325,0.0,0.0,0.6923,0.0,0.0,0.0,0.4101,0.0,completed,,0.4104,11.805987
3017,16.0851,7.8464,0,2.0,0.3333,21,10080,70,150.0,0.6785,150.6785,1.0,1.1111,0.0952,0,0,0,0.0000,0.0,0.0000,0,0.8095,0.1905,0.8571,17,18,21,0.3392,0.3392,1.0516,0.1429,0.3333,0.3333,0.3333,0.6667,0,0,0.5714,7,4,0.561,0.1,0.1429,0.8571,0.0476,0.3333,0.0,0.0,0.5714,0.0,0.0,0.0,1.0986,0.0,inner_patrol,obstacle,0.4101,12.96062
3018,-8.5485,-4.17,0,0.0,0.0,9,4320,70,150.0,0.0,150.0,1.0,0.0,0.0,1,0,1,0.1111,0.0,0.1111,0,1.0,0.0,1.0,9,9,9,0.0,0.0,0.0,0.0,0.0,0.0,0.0,0.0,0,0,0.5,2,1,0.5282,0.1,0.0,0.5556,0.0,0.2222,0.0,0.0,0.5,0.0,0.0,0.0,0.0,0.0,outer_patrol_a,road_edge,0.4099,14.410563
3019,15.561,7.5907,0,2.0,0.3333,18,8640,70,150.0,0.6305,150.6305,1.0,1.2963,0.1111,0,0,0,0.0000,0.0,0.0000,0,0.7778,0.2222,0.8333,14,15,18,0.3153,0.3153,0.9773,0.1667,0.3333,0.3333,0.3333,0.6667,0,0,0.75,4,3,0.5419,0.1,0.0556,0.8889,0.0556,0.2222,0.0,0.0,0.75,0.0,0.0,0.0,1.0986,0.0,inner_patrol,obstacle,0.4096,14.189945
3020,60.2632,29.3967,0,4.0,0.6667,41,19680,70,150.0,0.6176,150.6176,1.0,1.1382,0.0976,0,0,0,0.0000,0.0,0.0000,0,0.7805,0.2195,0.8537,32,35,41,0.1544,0.1544,0.9572,0.1463,0.1667,0.1667,0.6667,0.8333,0,0,0.5,6,3,0.5522,0.1,0.0732,0.8537,0.0488,0.1463,0.0,0.0,0.5,0.0,0.0,0.0,0.8676,0.0,outer_patrol_b,road_edge,0.4093,16.117887
3021,86.0,50.8172,1,6.0,1.0,42,20160,42,138.0,0.709,138.709,0.6,1.6667,0.1429,0,0,0,0.0000,0.0,0.0000,0,0.7857,0.2143,0.8571,33,36,42,0.1418,0.1418,1.0989,0.1429,0.1667,0.0,0.8333,0.8333,0,0,0.8889,9,8,0.5443,0.1,0.0952,0.7143,0.0,0.2143,0.0,0.0,0.8889,0.0,0.0,0.0,0.4506,0.0,completed,,0.4091,11.579269
3022,5.9,2.878,0,1.0,0.1667,14,6720,70,150.0,0.0,150.0,1.0,0.8333,0.0714,1,0,1,0.0714,0.0,0.0714,0,0.8571,0.1429,0.8571,12,12,14,0.0,0.0,0.0,0.1429,0.0,0.5,0.5,1.0,0,0,0.5,4,2,0.5511,0.1,0.1429,0.7857,0.0714,0.2857,0.0,0.0,0.5,0.0,0.0,0.0,0.6931,0.0,enter_inner,obstacle,0.4088,12.431702
3023,86.0,53.1843,1,6.0,1.0,37,17760,37,135.8571,0.0,135.8571,0.5286,1.8919,0.1622,0,0,0,0.0000,0.0,0.0000,0,0.8108,0.1892,0.8378,30,31,37,0.0,0.0,0.0,0.1622,0.0,0.3333,0.6667,1.0,0,0,0.7778,9,7,0.548,0.1,0.1081,0.7568,0.027,0.2432,0.0,0.0,0.7778,0.0,0.0,0.0,0.6365,0.0,completed,,0.4085,12.713718
3024,10.6122,5.1767,0,2.0,0.3333,18,8640,70,150.0,0.8342,150.8342,1.0,1.2963,0.1111,1,0,1,0.0556,0.0,0.0556,0,0.7778,0.2222,0.8333,14,15,18,0.4171,0.4171,1.2931,0.1667,0.3333,0.6667,0.0,0.6667,0,0,0.75,4,3,0.5196,0.1,0.1111,0.6667,0.0,0.2222,0.0,0.0,0.75,0.0,0.0,0.0,0.6365,0.0,inner_patrol,obstacle,0.4083,13.350553
3025,86.0,47.3488,1,6.0,1.0,42,20160,42,138.0,3.7505,141.7505,0.6,1.6667,0.1429,1,0,1,0.0238,0.0,0.0238,0,0.7857,0.2143,0.8095,33,34,42,0.7501,0.7501,5.8133,0.1905,0.625,0.0,0.375,0.375,0,0,0.9231,13,12,0.5612,0.1,0.0714,0.7619,0.0238,0.3095,0.0,0.0,0.9231,0.0,0.0,0.0,0.6616,0.0,completed,,0.408,13.228127
3026,86.0,51.5228,1,6.0,1.0,38,18240,38,136.2857,0.8489,137.1346,0.5429,1.8421,0.1579,0,0,0,0.0000,0.0,0.0000,0,0.8421,0.1579,0.8684,32,33,38,0.1698,0.1698,1.3157,0.1316,0.2,0.2,0.6,0.8,0,0,0.9091,11,10,0.5416,0.1,0.0526,0.8158,0.0,0.2895,0.0,0.0,0.9091,0.0,0.0,0.0,0.9503,0.0,completed,,0.4077,11.861251
3027,13.9419,6.8009,0,2.0,0.3333,16,7680,70,150.0,0.6175,150.6175,1.0,1.4583,0.125,1,0,1,0.0625,0.0,0.0625,0,0.8125,0.1875,0.8125,13,13,16,0.3087,0.3087,0.9571,0.1875,0.3333,0.3333,0.3333,0.6667,0,0,0.6667,6,4,0.5674,0.1,0.1875,0.75,0.0625,0.375,0.0,0.0,0.6667,0.0,0.0,0.0,1.0986,0.0,inner_patrol,obstacle,0.4074,10.715461
3028,86.0,53.1558,1,6.0,1.0,37,17760,37,135.8571,0.0,135.8571,0.5286,1.8919,0.1622,1,0,1,0.0270,0.0,0.0270,0,0.8108,0.1892,0.8649,30,32,37,0.0,0.0,0.0,0.1351,0.0,0.0,1.0,1.0,0,0,0.875,8,7,0.5344,0.1,0.027,0.8649,0.0,0.2162,0.0,0.0,0.875,0.0,0.0,0.0,-0.0,0.0,completed,,0.4072,11.401083
3029,86.0,53.5029,1,6.0,1.0,40,19200,40,137.1429,0.0,137.1429,0.5714,1.75,0.15,1,0,1,0.0250,0.0,0.0250,0,0.8,0.2,0.825,32,33,40,0.0,0.0,0.0,0.175,0.0,0.0,1.0,1.0,0,0,0.6,10,6,0.5599,0.1,0.125,0.625,0.025,0.25,0.0,0.0,0.6,0.0,0.0,0.0,-0.0,0.0,completed,,0.4069,11.625706
3030,86.0,52.3734,1,6.0,1.0,38,18240,38,136.2857,0.0,136.2857,0.5429,1.8421,0.1579,0,0,0,0.0000,0.0,0.0000,0,0.7632,0.2368,0.8421,29,32,38,0.0,0.0,0.0,0.1579,0.0,0.3333,0.6667,1.0,0,0,0.8,5,4,0.5363,0.1,0.0263,0.7895,0.0263,0.1316,0.0,0.0,0.8,0.0,0.0,0.0,0.6365,0.0,completed,,0.4066,10.778693
3031,3.237,1.579,0,1.0,0.1667,18,8640,70,150.0,0.0,150.0,1.0,0.6481,0.0556,1,0,1,0.0556,0.0,0.0556,0,0.7778,0.2222,0.8889,14,16,18,0.0,0.0,0.0,0.1111,0.0,0.0,1.0,1.0,0,0,0.25,4,1,0.5536,0.1,0.1111,0.7778,0.1111,0.2222,0.0,0.0,0.25,0.0,0.0,0.0,-0.0,0.0,enter_inner,obstacle,0.4064,11.141718
3032,15.9623,7.7865,0,2.0,0.3333,18,8640,70,150.0,0.7213,150.7213,1.0,1.2963,0.1111,1,0,1,0.0556,0.0,0.0556,0,0.7778,0.2222,0.7778,14,14,18,0.3607,0.3607,1.1181,0.2222,0.25,0.25,0.5,0.75,0,0,0.6667,6,4,0.5549,0.1,0.1111,0.8889,0.0556,0.3333,0.0,0.0,0.6667,0.0,0.0,0.0,1.0397,0.0,inner_patrol,obstacle,0.4061,11.030239
3033,86.0,50.9221,1,6.0,1.0,44,21120,44,138.8571,1.4345,140.2917,0.6286,1.5909,0.1364,0,0,0,0.0000,0.0,0.0000,0,0.7727,0.2273,0.7955,34,35,44,0.2869,0.2869,2.2235,0.2045,0.2222,0.0,0.7778,0.7778,0,0,0.6842,19,13,0.6125,0.1,0.2045,0.7273,0.1591,0.4318,0.0,0.0,0.6842,0.0,0.0,0.0,0.5297,0.0,completed,,0.4058,13.613433
3034,58.4477,28.5111,0,5.0,0.8333,44,21120,70,150.0,2.2808,152.2808,1.0,1.3258,0.1136,1,0,1,0.0227,0.0,0.0227,0,0.7955,0.2045,0.8182,35,36,44,0.4562,0.4562,3.5352,0.1818,0.375,0.25,0.375,0.625,0,0,0.7,20,14,0.5994,0.1,0.2045,0.8636,0.1136,0.4545,0.0,0.0,0.7,0.0,0.0,0.0,1.0822,0.0,final_park,wall,0.4056,12.613726
3035,86.0,53.1637,1,6.0,1.0,42,20160,42,138.0,0.0,138.0,0.6,1.6667,0.1429,1,0,1,0.0238,0.0,0.0238,0,0.7857,0.2143,0.8095,33,34,42,0.0,0.0,0.0,0.1905,0.0,0.0,1.0,1.0,0,0,0.7368,19,14,0.5847,0.1,0.1429,0.7857,0.0714,0.4524,0.0,0.0,0.7368,0.0,0.0,0.0,-0.0,0.0,completed,,0.4053,11.402223
3036,30.2726,14.7671,0,3.0,0.5,23,11040,70,150.0,0.0,150.0,1.0,1.5217,0.1304,1,0,1,0.0435,0.0,0.0435,0,0.8261,0.1739,0.8696,19,20,23,0.0,0.0,0.0,0.1304,0.0,0.3333,0.6667,1.0,0,0,0.6667,6,4,0.5566,0.1,0.087,0.7391,0.0435,0.2609,0.0,0.0,0.6667,0.0,0.0,0.0,0.6365,0.0,return_outer,obstacle,0.405,12.250736
3037,86.0,53.978,1,6.0,1.0,35,16800,35,135.0,0.0,135.0,0.5,2.0,0.1714,0,0,0,0.0000,0.0,0.0000,0,0.8286,0.1714,0.8571,29,30,35,0.0,0.0,0.0,0.1429,0.0,0.0,1.0,1.0,0,0,1.0,5,5,0.5304,0.1,0.0857,0.6857,0.0286,0.1429,0.0,0.0,1.0,0.0,0.0,0.0,-0.0,0.0,completed,,0.4047,12.859101
3038,5.0603,2.4684,0,1.0,0.1667,15,7200,70,150.0,0.0,150.0,1.0,0.7778,0.0667,1,0,1,0.0667,0.0,0.0667,0,0.8,0.2,0.8667,12,13,15,0.0,0.0,0.0,0.1333,0.0,0.5,0.5,1.0,0,0,0.75,4,3,0.5442,0.1,0.0667,0.6667,0.0667,0.2667,0.0,0.0,0.75,0.0,0.0,0.0,0.6931,0.0,enter_inner,obstacle,0.4045,12.702986
3039,86.0,52.397,1,6.0,1.0,41,19680,41,137.5714,0.0,137.5714,0.5857,1.7073,0.1463,1,0,1,0.0244,0.0,0.0244,0,0.7805,0.2195,0.8293,32,34,41,0.0,0.0,0.0,0.1707,0.0,0.1429,0.8571,1.0,0,0,0.6154,13,8,0.5636,0.1,0.1463,0.6829,0.0,0.3171,0.0,0.0,0.6154,0.0,0.0,0.0,0.4101,0.0,completed,,0.4042,11.008307
3040,30.9886,15.1164,0,3.0,0.5,23,11040,70,150.0,0.0,150.0,1.0,1.5217,0.1304,1,0,1,0.0435,0.0,0.0435,0,0.7826,0.2174,0.8261,18,19,23,0.0,0.0,0.0,0.1739,0.0,0.25,0.75,1.0,0,0,0.8571,7,6,0.5524,0.1,0.087,0.8696,0.0435,0.3043,0.0,0.0,0.8571,0.0,0.0,0.0,0.5623,0.0,return_outer,obstacle,0.4039,13.619497
3041,14.8604,7.249,0,2.0,0.3333,15,7200,70,150.0,0.0,150.0,1.0,1.5556,0.1333,1,0,1,0.0667,0.0,0.0667,0,0.8667,0.1333,0.8667,13,13,15,0.0,0.0,0.0,0.1333,0.0,1.0,0.0,1.0,0,0,0.3333,3,1,0.5353,0.1,0.1333,0.8,0.0667,0.2,0.0,0.0,0.3333,0.0,0.0,0.0,-0.0,0.0,inner_patrol,obstacle,0.4037,14.438121
3042,32.1382,15.6772,0,3.0,0.5,22,10560,70,150.0,0.0,150.0,1.0,1.5909,0.1364,0,0,0,0.0000,0.0,0.0000,0,0.8636,0.1364,0.8636,19,19,22,0.0,0.0,0.0,0.1364,0.0,0.0,1.0,1.0,0,0,0.7143,7,5,0.5463,0.1,0.1364,0.8182,0.0,0.3182,0.0,0.0,0.7143,0.0,0.0,0.0,-0.0,0.0,return_outer,obstacle,0.4034,15.093011
3043,86.0,52.1786,1,6.0,1.0,40,19200,40,137.1429,0.7495,137.8924,0.5714,1.75,0.15,1,0,1,0.0250,0.0,0.0250,0,0.8,0.2,0.825,32,33,40,0.1499,0.1499,1.1618,0.175,0.1429,0.1429,0.7143,0.8571,0,0,0.5,10,5,0.5773,0.1,0.1,0.775,0.075,0.25,0.0,0.0,0.5,0.0,0.0,0.0,0.7963,0.0,completed,,0.4031,13.81197
3044,30.8192,15.0337,0,3.0,0.5,27,12960,70,150.0,0.0,150.0,1.0,1.2963,0.1111,0,0,0,0.0000,0.0,0.0000,0,0.8148,0.1852,0.8148,22,22,27,0.0,0.0,0.0,0.1852,0.0,0.0,1.0,1.0,0,0,0.5833,12,7,0.5902,0.1,0.1852,0.8519,0.0741,0.4444,0.0,0.0,0.5833,0.0,0.0,0.0,-0.0,0.0,return_outer,obstacle,0.4029,11.369228
3045,86.0,50.5323,1,6.0,1.0,44,21120,44,138.8571,0.7571,139.6143,0.6286,1.5909,0.1364,0,0,0,0.0000,0.0,0.0000,0,0.7273,0.2727,0.8182,32,36,44,0.1514,0.1514,1.1735,0.1818,0.125,0.0,0.875,0.875,0,0,0.75,16,12,0.5745,0.1,0.1136,0.7955,0.0682,0.3636,0.0,0.0,0.75,0.0,0.0,0.0,0.3768,0.0,completed,,0.4026,10.18747
3046,11.9719,5.84,0,2.0,0.3333,19,9120,70,150.0,0.6322,150.6322,1.0,1.2281,0.1053,0,0,0,0.0000,0.0,0.0000,0,0.7895,0.2105,0.8421,15,16,19,0.3161,0.3161,0.9799,0.1579,0.3333,0.0,0.6667,0.6667,0,0,0.6,5,3,0.5259,0.1,0.1053,0.5789,0.0,0.2632,0.0,0.0,0.6,0.0,0.0,0.0,0.6365,0.0,inner_patrol,obstacle,0.4023,11.364713
3047,86.0,49.2402,1,6.0,1.0,40,19200,40,137.1429,2.0127,139.1556,0.5714,1.75,0.15,1,0,1,0.0250,0.0,0.0250,0,0.775,0.225,0.85,31,34,40,0.4025,0.4025,3.1198,0.15,0.5,0.0,0.5,0.5,0,0,0.9167,12,11,0.5559,0.1,0.05,0.725,0.025,0.3,0.0,0.0,0.9167,0.0,0.0,0.0,0.6931,0.0,completed,,0.4021,15.758397
3048,86.0,48.0494,1,6.0,1.0,47,22560,47,140.1429,1.7316,141.8745,0.6714,1.4894,0.1277,1,0,1,0.0213,0.0,0.0213,0,0.7872,0.2128,0.8511,37,40,47,0.3463,0.3463,2.684,0.1489,0.2857,0.0,0.7143,0.7143,0,0,0.5,14,7,0.5816,0.1,0.1915,0.7447,0.1064,0.2979,0.0,0.0,0.5,0.0,0.0,0.0,0.5983,0.0,completed,,0.4018,18.692199
3049,86.0,46.5219,1,6.0,1.0,47,22560,47,140.1429,3.2121,143.355,0.6714,1.4894,0.1277,0,0,0,0.0000,0.0,0.0000,0,0.7872,0.2128,0.8298,37,39,47,0.6424,0.6424,4.9788,0.1702,0.5,0.125,0.375,0.5,0,0,0.5294,17,9,0.6001,0.1,0.2128,0.7872,0.1277,0.3617,0.0,0.0,0.5294,0.0,0.0,0.0,0.9743,0.0,completed,,0.4015,18.079682
3050,86.0,52.2513,1,6.0,1.0,36,17280,36,135.4286,1.4187,136.8473,0.5143,1.9444,0.1667,0,0,0,0.0000,0.0,0.0000,0,0.8333,0.1667,0.8333,30,30,36,0.2837,0.2837,2.199,0.1667,0.3333,0.0,0.6667,0.6667,0,0,1.0,12,12,0.5521,0.1,0.0833,0.8056,0.0,0.3333,0.0,0.0,1.0,0.0,0.0,0.0,0.6365,0.0,completed,,0.4012,17.158003
3051,16.0684,7.8382,0,2.0,0.3333,16,7680,70,150.0,0.0,150.0,1.0,1.4583,0.125,0,0,0,0.0000,0.0,0.0000,0,0.75,0.25,0.8125,12,13,16,0.0,0.0,0.0,0.1875,0.0,0.3333,0.6667,1.0,0,0,0.6667,3,2,0.5426,0.1,0.125,0.625,0.0625,0.1875,0.0,0.0,0.6667,0.0,0.0,0.0,0.6365,0.0,inner_patrol,obstacle,0.401,16.399108
3052,2.9904,1.4587,0,1.0,0.1667,16,7680,70,150.0,0.8323,150.8323,1.0,0.7292,0.0625,0,0,0,0.0000,0.0,0.0000,0,0.8125,0.1875,0.8125,13,13,16,0.8323,0.8323,1.29,0.125,0.5,0.0,0.5,0.5,0,0,0.5714,7,4,0.6033,0.1,0.25,0.75,0.1875,0.4375,0.0,0.0,0.5714,0.0,0.0,0.0,0.6931,0.0,enter_inner,red_light,0.4007,14.718345
3053,60.731,29.6249,0,5.0,0.8333,41,19680,70,150.0,1.4792,151.4792,1.0,1.4228,0.122,1,0,1,0.0244,0.0,0.0244,0,0.7805,0.2195,0.8293,32,34,41,0.2958,0.2958,2.2927,0.1707,0.2857,0.2857,0.4286,0.7143,0,0,0.6667,12,8,0.5498,0.1,0.122,0.7561,0.0,0.2927,0.0,0.0,0.6667,0.0,0.0,0.0,1.079,0.0,final_park,wall,0.4004,13.134397
3054,23.0765,11.2568,0,2.0,0.3333,24,11520,70,150.0,1.5667,151.5667,1.0,0.9722,0.0833,1,0,1,0.0417,0.0,0.0417,0,0.7917,0.2083,0.8333,19,20,24,0.7833,0.7833,2.4284,0.1667,0.5,0.25,0.25,0.5,0,0,0.8333,6,5,0.5568,0.1,0.125,0.7083,0.0417,0.25,0.0,0.0,0.8333,0.0,0.0,0.0,1.0397,0.0,inner_patrol,obstacle,0.4002,13.111368
3055,86.0,53.187,1,6.0,1.0,36,17280,36,135.4286,0.6066,136.0352,0.5143,1.9444,0.1667,0,0,0,0.0000,0.0,0.0000,0,0.7778,0.2222,0.7778,28,28,36,0.1213,0.1213,0.9403,0.1944,0.1429,0.0,0.8571,0.8571,0,0,0.8571,7,6,0.5596,0.1,0.0833,0.7778,0.0556,0.1944,0.0,0.0,0.8571,0.0,0.0,0.0,0.4101,0.0,completed,,0.3999,12.20649
3056,28.8822,14.0889,0,2.0,0.3333,21,10080,70,150.0,0.0,150.0,1.0,1.1111,0.0952,1,0,1,0.0476,0.0,0.0476,0,0.8571,0.1429,0.9048,18,19,21,0.0,0.0,0.0,0.0952,0.0,0.5,0.5,1.0,0,0,0.6667,3,2,0.5334,0.1,0.0476,0.6667,0.0,0.1429,0.0,0.0,0.6667,0.0,0.0,0.0,0.6931,0.0,inner_patrol,obstacle,0.3996,14.147817
3057,66.0155,32.2027,0,5.0,0.8333,40,19200,70,150.0,0.0,150.0,1.0,1.4583,0.125,1,0,1,0.0250,0.0,0.0250,0,0.775,0.225,0.85,31,34,40,0.0,0.0,0.0,0.15,0.0,0.0,1.0,1.0,0,0,0.5,8,4,0.553,0.1,0.075,0.75,0.05,0.2,0.0,0.0,0.5,0.0,0.0,0.0,-0.0,0.0,final_park,wall,0.3994,13.086299
3058,86.0,48.6509,1,6.0,1.0,41,19680,41,137.5714,2.2897,139.8611,0.5857,1.7073,0.1463,1,0,1,0.0244,0.0,0.0244,0,0.8049,0.1951,0.8293,33,34,41,0.4579,0.4579,3.549,0.1707,0.4286,0.1429,0.4286,0.5714,0,0,1.0,11,11,0.5575,0.1,0.0732,0.7805,0.0244,0.2683,0.0,0.0,1.0,0.0,0.0,0.0,1.0042,0.0,completed,,0.3991,16.551239
3059,26.7207,13.0345,0,3.0,0.5,29,13920,70,150.0,0.6414,150.6414,1.0,1.2069,0.1034,1,0,1,0.0345,0.0,0.0345,0,0.7586,0.2414,0.8276,22,24,29,0.2138,0.2138,0.9942,0.1379,0.25,0.0,0.75,0.75,0,0,0.5625,16,9,0.6351,0.1,0.3103,0.7931,0.1724,0.5517,0.0,0.0,0.5625,0.0,0.0,0.0,0.5623,0.0,return_outer,red_light,0.3988,16.778784
3060,48.0373,23.4328,0,4.0,0.6667,27,12960,70,150.0,0.0,150.0,1.0,1.7284,0.1481,1,0,1,0.0370,0.0,0.0370,0,0.8519,0.1481,0.8519,23,23,27,0.0,0.0,0.0,0.1481,0.0,0.25,0.75,1.0,0,0,0.6667,6,4,0.5247,0.1,0.0741,0.8519,0.0,0.2222,0.0,0.0,0.6667,0.0,0.0,0.0,0.5623,0.0,outer_patrol_b,road_edge,0.3985,14.755361
3061,4.4115,2.152,0,1.0,0.1667,15,7200,70,150.0,0.0,150.0,1.0,0.7778,0.0667,1,0,1,0.0667,0.0,0.0667,0,0.8667,0.1333,0.9333,13,14,15,0.0,0.0,0.0,0.0667,0.0,0.0,1.0,1.0,0,0,0.6,5,3,0.5151,0.1,0.0,0.8667,0.0,0.3333,0.0,0.0,0.6,0.0,0.0,0.0,-0.0,0.0,enter_inner,obstacle,0.3983,15.270362
3062,86.0,45.9452,1,6.0,1.0,46,22080,46,139.7143,4.0025,143.7168,0.6571,1.5217,0.1304,0,0,0,0.0000,0.0,0.0000,0,0.7609,0.2391,0.8043,35,37,46,0.8005,0.8005,6.2038,0.1957,0.5556,0.0,0.4444,0.4444,0,0,0.6667,15,10,0.5844,0.1,0.1522,0.7609,0.0652,0.3261,0.0,0.0,0.6667,0.0,0.0,0.0,0.687,0.0,completed,,0.398,15.131701
3063,86.0,52.5041,1,6.0,1.0,38,18240,38,136.2857,0.7079,136.9936,0.5429,1.8421,0.1579,0,0,0,0.0000,0.0,0.0000,0,0.8158,0.1842,0.8421,31,32,38,0.1416,0.1416,1.0972,0.1579,0.1667,0.0,0.8333,0.8333,0,0,0.8667,15,13,0.5599,0.1,0.0789,0.8421,0.0,0.3947,0.0,0.0,0.8667,0.0,0.0,0.0,0.4506,0.0,completed,,0.3977,14.386016
3064,18.6124,9.0792,0,2.0,0.3333,21,10080,70,150.0,0.7863,150.7863,1.0,1.1111,0.0952,1,0,1,0.0476,0.0,0.0476,0,0.7619,0.2381,0.8571,16,18,21,0.3932,0.3932,1.2188,0.1429,0.3333,0.3333,0.3333,0.6667,0,0,0.8333,6,5,0.5502,0.1,0.0952,0.5714,0.0476,0.2857,0.0,0.0,0.8333,0.0,0.0,0.0,1.0986,0.0,inner_patrol,obstacle,0.3975,14.997053
3065,86.0,53.5859,1,6.0,1.0,37,17760,37,135.8571,0.0,135.8571,0.5286,1.8919,0.1622,0,0,0,0.0000,0.0,0.0000,0,0.7838,0.2162,0.8108,29,30,37,0.0,0.0,0.0,0.1892,0.0,0.1429,0.8571,1.0,0,0,0.75,8,6,0.568,0.1,0.0811,0.7838,0.0811,0.2162,0.0,0.0,0.75,0.0,0.0,0.0,0.4101,0.0,completed,,0.3972,13.731707
3066,42.1281,20.5503,0,4.0,0.6667,26,12480,70,150.0,0.7363,150.7363,1.0,1.7949,0.1538,1,0,1,0.0385,0.0,0.0385,0,0.8077,0.1923,0.8462,21,22,26,0.1841,0.1841,1.1413,0.1538,0.25,0.0,0.75,0.75,0,0,0.8889,9,8,0.5506,0.1,0.0769,0.6538,0.0,0.3462,0.0,0.0,0.8889,0.0,0.0,0.0,0.5623,0.0,outer_patrol_b,road_edge,0.3969,15.121019
3067,86.0,48.8623,1,6.0,1.0,42,20160,42,138.0,1.5334,139.5334,0.6,1.6667,0.1429,0,0,0,0.0000,0.0,0.0000,0,0.8333,0.1667,0.881,35,37,42,0.3067,0.3067,2.3768,0.119,0.4,0.2,0.4,0.6,0,0,0.8333,12,10,0.5386,0.1,0.0714,0.7143,0.0238,0.2857,0.0,0.0,0.8333,0.0,0.0,0.0,1.0549,0.0,completed,,0.3967,15.650794
3068,37.7132,18.3967,0,4.0,0.6667,25,12000,70,150.0,0.7229,150.7229,1.0,1.8667,0.16,1,0,1,0.0400,0.0,0.0400,0,0.72,0.28,0.8,18,20,25,0.1807,0.1807,1.1205,0.2,0.2,0.4,0.4,0.8,0,0,0.875,8,7,0.5591,0.1,0.08,0.84,0.04,0.32,0.0,0.0,0.875,0.0,0.0,0.0,1.0549,0.0,outer_patrol_b,road_edge,0.3964,16.812518
3069,5.9293,2.8924,0,1.0,0.1667,13,6240,70,150.0,0.0,150.0,1.0,0.8974,0.0769,1,0,1,0.0769,0.0,0.0769,0,0.9231,0.0769,0.9231,12,12,13,0.0,0.0,0.0,0.0769,0.0,0.0,1.0,1.0,0,0,0.6667,3,2,0.5356,0.1,0.0769,0.6923,0.0769,0.2308,0.0,0.0,0.6667,0.0,0.0,0.0,-0.0,0.0,enter_inner,obstacle,0.3961,16.137607
3070,86.0,52.0688,1,6.0,1.0,39,18720,39,136.7143,0.0,136.7143,0.5571,1.7949,0.1538,0,0,0,0.0000,0.0,0.0000,0,0.8462,0.1538,0.8718,33,34,39,0.0,0.0,0.0,0.1282,0.0,0.4,0.6,1.0,0,0,0.7,10,7,0.5485,0.1,0.1026,0.7692,0.0,0.2564,0.0,0.0,0.7,0.0,0.0,0.0,0.673,0.0,completed,,0.3959,13.135881
3071,27.1497,13.2437,0,3.0,0.5,28,13440,70,150.0,0.7948,150.7948,1.0,1.25,0.1071,1,0,1,0.0357,0.0,0.0357,0,0.75,0.25,0.7857,21,22,28,0.2649,0.2649,1.2319,0.2143,0.1667,0.3333,0.5,0.8333,0,0,0.4444,9,4,0.6053,0.1,0.25,0.8214,0.1429,0.3214,0.0,0.0,0.4444,0.0,0.0,0.0,1.0114,0.0,return_outer,obstacle,0.3956,10.948716
3072,4.5495,2.2192,0,1.0,0.1667,16,7680,70,150.0,0.0,150.0,1.0,0.7292,0.0625,0,0,0,0.0000,0.0,0.0000,0,0.875,0.125,0.875,14,14,16,0.0,0.0,0.0,0.125,0.0,0.5,0.5,1.0,0,0,0.0,2,0,0.547,0.1,0.125,0.625,0.0625,0.125,0.0,0.0,0.0,0.0,0.0,0.0,0.6931,0.0,enter_inner,obstacle,0.3953,10.891091
3073,86.0,53.6678,1,6.0,1.0,39,18720,39,136.7143,0.0,136.7143,0.5571,1.7949,0.1538,1,0,1,0.0256,0.0,0.0256,0,0.7949,0.2051,0.8205,31,32,39,0.0,0.0,0.0,0.1795,0.0,0.0,1.0,1.0,0,0,0.7,10,7,0.552,0.1,0.1026,0.7436,0.0513,0.2564,0.0,0.0,0.7,0.0,0.0,0.0,-0.0,0.0,completed,,0.395,11.499375
3074,59.2716,28.913,0,4.0,0.6667,31,14880,70,150.0,0.0,150.0,1.0,1.5054,0.129,1,0,1,0.0323,0.0,0.0323,0,0.8065,0.1935,0.8387,25,26,31,0.0,0.0,0.0,0.1613,0.0,0.0,1.0,1.0,0,0,0.8333,6,5,0.5504,0.1,0.0645,0.7742,0.0323,0.1935,0.0,0.0,0.8333,0.0,0.0,0.0,-0.0,0.0,outer_patrol_b,road_edge,0.3948,12.521277
3075,86.0,53.1192,1,6.0,1.0,38,18240,38,136.2857,0.0,136.2857,0.5429,1.8421,0.1579,0,0,0,0.0000,0.0,0.0000,0,0.8421,0.1579,0.8684,32,33,38,0.0,0.0,0.0,0.1316,0.0,0.0,1.0,1.0,0,0,0.8,5,4,0.533,0.1,0.0789,0.6579,0.0,0.1316,0.0,0.0,0.8,0.0,0.0,0.0,-0.0,0.0,completed,,0.3945,12.869537
3076,86.0,54.5154,1,6.0,1.0,34,16320,34,134.5714,0.0,134.5714,0.4857,2.0588,0.1765,1,0,1,0.0294,0.0,0.0294,0,0.8529,0.1471,0.8529,29,29,34,0.0,0.0,0.0,0.1471,0.0,0.0,1.0,1.0,0,0,1.0,7,7,0.5344,0.1,0.0588,0.8235,0.0,0.2059,0.0,0.0,1.0,0.0,0.0,0.0,-0.0,0.0,completed,,0.3942,14.935666
3077,4.8762,2.3786,0,1.0,0.1667,14,6720,70,150.0,0.0,150.0,1.0,0.8333,0.0714,0,0,0,0.0000,0.0,0.0000,0,0.9286,0.0714,0.9286,13,13,14,0.0,0.0,0.0,0.0714,0.0,1.0,0.0,1.0,0,0,0.3333,3,1,0.5184,0.1,0.0714,0.7143,0.0,0.2143,0.0,0.0,0.3333,0.0,0.0,0.0,-0.0,0.0,enter_inner,obstacle,0.394,14.22645
3078,86.0,52.5547,1,6.0,1.0,38,18240,38,136.2857,0.8308,137.1165,0.5429,1.8421,0.1579,1,0,1,0.0263,0.0,0.0263,0,0.8158,0.1842,0.8421,31,32,38,0.1662,0.1662,1.2878,0.1579,0.1667,0.0,0.8333,0.8333,0,0,0.8182,11,9,0.5529,0.1,0.0263,0.8158,0.0263,0.2895,0.0,0.0,0.8182,0.0,0.0,0.0,0.4506,0.0,completed,,0.3937,17.154742
3079,86.0,50.6947,1,6.0,1.0,42,20160,42,138.0,1.3932,139.3932,0.6,1.6667,0.1429,0,0,0,0.0000,0.0,0.0000,0,0.7381,0.2619,0.8095,31,34,42,0.2786,0.2786,2.1594,0.1905,0.25,0.0,0.75,0.75,0,0,0.5833,12,7,0.5831,0.1,0.1667,0.7619,0.0714,0.2857,0.0,0.0,0.5833,0.0,0.0,0.0,0.5623,0.0,completed,,0.3934,16.925938
3080,56.8638,27.7385,0,5.0,0.8333,46,22080,70,150.0,2.9904,152.9904,1.0,1.2681,0.1087,0,0,0,0.0000,0.0,0.0000,0,0.7826,0.2174,0.7826,36,36,46,0.5981,0.5981,4.635,0.2174,0.4,0.0,0.6,0.6,0,0,0.5833,12,7,0.5676,0.1,0.1522,0.7826,0.0435,0.2609,0.0,0.0,0.5833,0.0,0.0,0.0,0.673,0.0,final_park,wall,0.3932,17.854383
3081,30.9711,15.1078,0,3.0,0.5,24,11520,70,150.0,0.0,150.0,1.0,1.4583,0.125,0,0,0,0.0000,0.0,0.0000,0,0.75,0.25,0.7917,18,19,24,0.0,0.0,0.0,0.2083,0.0,0.4,0.6,1.0,0,0,0.5,6,3,0.5654,0.1,0.125,0.75,0.0417,0.25,0.0,0.0,0.5,0.0,0.0,0.0,0.673,0.0,return_outer,obstacle,0.3929,15.709501
3082,86.0,49.4274,1,6.0,1.0,40,19200,40,137.1429,1.6972,138.84,0.5714,1.75,0.15,1,0,1,0.0250,0.0,0.0250,0,0.825,0.175,0.85,33,34,40,0.3394,0.3394,2.6306,0.15,0.3333,0.3333,0.3333,0.6667,0,0,0.8,10,8,0.5554,0.1,0.1,0.8,0.05,0.25,0.0,0.0,0.8,0.0,0.0,0.0,1.0986,0.0,completed,,0.3926,14.432393
3083,86.0,51.4397,1,6.0,1.0,37,17760,37,135.8571,0.7999,136.657,0.5286,1.8919,0.1622,0,0,0,0.0000,0.0,0.0000,0,0.8378,0.1622,0.8649,31,32,37,0.16,0.16,1.2398,0.1351,0.2,0.4,0.4,0.8,0,0,0.9,10,9,0.5489,0.1,0.0811,0.7838,0.0,0.2703,0.0,0.0,0.9,0.0,0.0,0.0,1.0549,0.0,completed,,0.3923,13.207
3084,2.3373,1.1401,0,1.0,0.1667,17,8160,70,150.0,0.8577,150.8577,1.0,0.6863,0.0588,1,0,1,0.0588,0.0,0.0588,0,0.8235,0.1765,0.8235,14,14,17,0.8577,0.8577,1.3294,0.1176,0.5,0.0,0.5,0.5,0,0,0.4286,7,3,0.6158,0.1,0.2941,0.5882,0.2353,0.4118,0.0,0.0,0.4286,0.0,0.0,0.0,0.6931,0.0,enter_inner,red_light,0.3921,13.536119
3085,37.3126,18.2013,0,4.0,0.6667,28,13440,70,150.0,2.4984,152.4984,1.0,1.6667,0.1429,1,0,1,0.0357,0.0,0.0357,0,0.7143,0.2857,0.75,20,21,28,0.6246,0.6246,3.8725,0.25,0.4286,0.0,0.5714,0.5714,0,0,0.8889,9,8,0.5736,0.1,0.1786,0.8214,0.0357,0.3214,0.0,0.0,0.8889,0.0,0.0,0.0,0.6829,0.0,outer_patrol_b,road_edge,0.3918,13.947758
3086,86.0,52.1926,1,6.0,1.0,40,19200,40,137.1429,1.3976,138.5405,0.5714,1.75,0.15,1,0,1,0.0250,0.0,0.0250,0,0.775,0.225,0.775,31,31,40,0.2795,0.2795,2.1663,0.225,0.2222,0.0,0.7778,0.7778,0,0,0.6,10,6,0.5715,0.1,0.1,0.75,0.075,0.25,0.0,0.0,0.6,0.0,0.0,0.0,0.5297,0.0,completed,,0.3915,15.206333
3087,86.0,50.4582,1,6.0,1.0,41,19680,41,137.5714,0.6933,138.2647,0.5857,1.7073,0.1463,0,0,0,0.0000,0.0,0.0000,0,0.7805,0.2195,0.8537,32,35,41,0.1387,0.1387,1.0746,0.1463,0.1667,0.3333,0.5,0.8333,0,0,0.5455,11,6,0.5604,0.1,0.0732,0.8293,0.0488,0.2683,0.0,0.0,0.5455,0.0,0.0,0.0,1.0114,0.0,completed,,0.3913,12.975511
3088,2.6291,1.2825,0,1.0,0.1667,20,9600,70,150.0,0.0,150.0,1.0,0.5833,0.05,1,0,1,0.0500,0.0,0.0500,0,0.75,0.25,0.85,15,17,20,0.0,0.0,0.0,0.1,0.0,0.0,1.0,1.0,0,0,0.0,6,0,0.5704,0.1,0.15,0.8,0.15,0.3,0.0,0.0,0.0,0.0,0.0,0.0,-0.0,0.0,enter_inner,red_light,0.391,13.696527
3089,86.0,52.0354,1,6.0,1.0,40,19200,40,137.1429,0.714,137.8569,0.5714,1.75,0.15,0,0,0,0.0000,0.0,0.0000,0,0.8,0.2,0.825,32,33,40,0.1428,0.1428,1.1067,0.175,0.1429,0.0,0.8571,0.8571,0,0,0.6364,11,7,0.5725,0.1,0.175,0.8,0.075,0.275,0.0,0.0,0.6364,0.0,0.0,0.0,0.4101,0.0,completed,,0.3907,12.809841
3090,86.0,53.5934,1,6.0,1.0,39,18720,39,136.7143,0.0,136.7143,0.5571,1.7949,0.1538,0,0,0,0.0000,0.0,0.0000,0,0.7692,0.2308,0.8205,30,32,39,0.0,0.0,0.0,0.1795,0.0,0.0,1.0,1.0,0,0,0.7692,13,10,0.5503,0.1,0.1282,0.7949,0.0513,0.3333,0.0,0.0,0.7692,0.0,0.0,0.0,-0.0,0.0,completed,,0.3905,13.754771
3091,10.7046,5.2218,0,2.0,0.3333,20,9600,70,150.0,1.3933,151.3933,1.0,1.1667,0.1,1,0,1,0.0500,0.0,0.0500,0,0.75,0.25,0.8,15,16,20,0.6967,0.6967,2.1596,0.2,0.5,0.0,0.5,0.5,0,0,0.5,8,4,0.6097,0.1,0.2,0.85,0.2,0.4,0.0,0.0,0.5,0.0,0.0,0.0,0.6931,0.0,inner_patrol,obstacle,0.3902,12.29138
3092,38.7549,18.9048,0,4.0,0.6667,28,13440,70,150.0,2.1853,152.1853,1.0,1.6667,0.1429,1,0,1,0.0357,0.0,0.0357,0,0.7143,0.2857,0.7143,20,20,28,0.5463,0.5463,3.3872,0.2857,0.375,0.0,0.625,0.625,0,0,0.7778,9,7,0.588,0.1,0.2143,0.8214,0.0714,0.3214,0.0,0.0,0.7778,0.0,0.0,0.0,0.6616,0.0,outer_patrol_b,road_edge,0.3899,14.744404
3093,86.0,53.9242,1,6.0,1.0,35,16800,35,135.0,0.0,135.0,0.5,2.0,0.1714,0,0,0,0.0000,0.0,0.0000,0,0.8286,0.1714,0.8571,29,30,35,0.0,0.0,0.0,0.1429,0.0,0.2,0.8,1.0,0,0,1.0,9,9,0.5352,0.1,0.0857,0.7714,0.0,0.2571,0.0,0.0,1.0,0.0,0.0,0.0,0.5004,0.0,completed,,0.3897,15.470203
3094,60.1016,29.3179,0,5.0,0.8333,39,18720,70,150.0,2.3271,152.3271,1.0,1.4957,0.1282,0,0,0,0.0000,0.0,0.0000,0,0.7949,0.2051,0.8205,31,32,39,0.4654,0.4654,3.607,0.1795,0.4286,0.0,0.5714,0.5714,0,0,1.0,11,11,0.5675,0.1,0.1026,0.7692,0.0513,0.2821,0.0,0.0,1.0,0.0,0.0,0.0,0.6829,0.0,final_park,wall,0.3894,17.340286
3095,86.0,50.3444,1,6.0,1.0,40,19200,40,137.1429,1.3641,138.5069,0.5714,1.75,0.15,0,0,0,0.0000,0.0,0.0000,0,0.825,0.175,0.85,33,34,40,0.2728,0.2728,2.1143,0.15,0.3333,0.0,0.6667,0.6667,0,0,0.8333,12,10,0.5611,0.1,0.1,0.825,0.05,0.3,0.0,0.0,0.8333,0.0,0.0,0.0,0.6365,0.0,completed,,0.3891,14.857744
3096,3.9024,1.9036,0,1.0,0.1667,16,7680,70,150.0,0.0,150.0,1.0,0.7292,0.0625,1,0,1,0.0625,0.0,0.0625,0,0.9375,0.0625,0.9375,15,15,16,0.0,0.0,0.0,0.0625,0.0,0.0,1.0,1.0,0,0,0.8,5,4,0.5248,0.1,0.0,0.75,0.0,0.3125,0.0,0.0,0.8,0.0,0.0,0.0,-0.0,0.0,enter_inner,obstacle,0.3888,15.985451
3097,86.0,50.9781,1,6.0,1.0,41,19680,41,137.5714,0.7293,138.3007,0.5857,1.7073,0.1463,0,0,0,0.0000,0.0,0.0000,0,0.8293,0.1707,0.8537,34,35,41,0.1459,0.1459,1.1304,0.1463,0.1667,0.0,0.8333,0.8333,0,0,0.7273,11,8,0.5582,0.1,0.122,0.7561,0.0244,0.2683,0.0,0.0,0.7273,0.0,0.0,0.0,0.4506,0.0,completed,,0.3886,12.648373
3098,39.5603,19.2977,0,4.0,0.6667,26,12480,70,150.0,0.0,150.0,1.0,1.7949,0.1538,1,0,1,0.0385,0.0,0.0385,0,0.8077,0.1923,0.8462,21,22,26,0.0,0.0,0.0,0.1538,0.0,0.5,0.5,1.0,0,0,0.7778,9,7,0.5532,0.1,0.0385,0.7692,0.0,0.3462,0.0,0.0,0.7778,0.0,0.0,0.0,0.6931,0.0,outer_patrol_b,road_edge,0.3883,11.047884
3099,86.0,52.275,1,6.0,1.0,39,18720,39,136.7143,0.7781,137.4924,0.5571,1.7949,0.1538,0,0,0,0.0000,0.0,0.0000,0,0.7949,0.2051,0.8205,31,32,39,0.1556,0.1556,1.206,0.1795,0.1429,0.1429,0.7143,0.8571,0,0,0.75,12,9,0.5611,0.1,0.1026,0.7692,0.0513,0.3077,0.0,0.0,0.75,0.0,0.0,0.0,0.7963,0.0,completed,,0.388,12.074267
3100,61.7599,30.1268,0,5.0,0.8333,40,19200,70,150.0,1.4339,151.4339,1.0,1.4583,0.125,1,0,1,0.0250,0.0,0.0250,0,0.825,0.175,0.85,33,34,40,0.2868,0.2868,2.2226,0.15,0.3333,0.0,0.6667,0.6667,0,0,0.8182,11,9,0.5648,0.1,0.05,0.8,0.05,0.275,0.0,0.0,0.8182,0.0,0.0,0.0,0.6365,0.0,final_park,wall,0.3878,14.085339
3101,86.0,48.4258,1,6.0,1.0,44,21120,44,138.8571,2.3395,141.1966,0.6286,1.5909,0.1364,0,0,0,0.0000,0.0,0.0000,0,0.7955,0.2045,0.7955,35,35,44,0.4679,0.4679,3.6262,0.2045,0.3333,0.3333,0.3333,0.6667,0,0,0.6471,17,11,0.5989,0.1,0.25,0.7045,0.0909,0.3864,0.0,0.0,0.6471,0.0,0.0,0.0,1.0986,0.0,completed,,0.3875,16.513905
3102,86.0,52.2835,1,6.0,1.0,36,17280,36,135.4286,0.8918,136.3204,0.5143,1.9444,0.1667,1,0,1,0.0278,0.0,0.0278,0,0.8611,0.1389,0.8611,31,31,36,0.1784,0.1784,1.3823,0.1389,0.2,0.2,0.6,0.8,0,0,0.8333,6,5,0.5406,0.1,0.0278,0.75,0.0,0.1667,0.0,0.0,0.8333,0.0,0.0,0.0,0.9503,0.0,completed,,0.3872,14.640205
3103,-10.0,-4.91,0,0.0,0.0,7,3360,70,150.0,0.0,150.0,1.0,0.0,0.0,0,0,0,0.0000,0.0,0.0000,0,1.0,0.0,1.0,7,7,7,0.0,0.0,0.0,0.0,0.0,0.0,0.0,0.0,0,0,1.0,1,1,0.4994,0.1,0.0,0.4286,0.0,0.1429,0.0,0.0,1.0,0.0,0.0,0.0,0.0,0.0,outer_patrol_a,road_edge,0.387,14.452364
3104,86.0,53.9039,1,6.0,1.0,38,18240,38,136.2857,0.0,136.2857,0.5429,1.8421,0.1579,1,0,1,0.0263,0.0,0.0263,0,0.8158,0.1842,0.8421,31,32,38,0.0,0.0,0.0,0.1579,0.0,0.0,1.0,1.0,0,0,0.8,10,8,0.5584,0.1,0.0526,0.7895,0.0263,0.2632,0.0,0.0,0.8,0.0,0.0,0.0,-0.0,0.0,completed,,0.3867,15.21959
3105,86.0,51.1314,1,6.0,1.0,39,18720,39,136.7143,0.661,137.3753,0.5571,1.7949,0.1538,0,0,0,0.0000,0.0,0.0000,0,0.8205,0.1795,0.8718,32,34,39,0.1322,0.1322,1.0246,0.1282,0.2,0.2,0.6,0.8,0,0,0.8333,12,10,0.5453,0.1,0.0256,0.8718,0.0,0.3077,0.0,0.0,0.8333,0.0,0.0,0.0,0.9503,0.0,completed,,0.3864,12.952502
3106,12.7142,6.202,0,2.0,0.3333,18,8640,70,150.0,0.0,150.0,1.0,1.2963,0.1111,0,0,0,0.0000,0.0,0.0000,0,0.7222,0.2778,0.8889,13,16,18,0.0,0.0,0.0,0.1111,0.0,0.5,0.5,1.0,0,0,0.6667,3,2,0.5179,0.1,0.0556,0.7222,0.0,0.1667,0.0,0.0,0.6667,0.0,0.0,0.0,0.6931,0.0,inner_patrol,obstacle,0.3861,11.172304
3107,5.5513,2.7079,0,1.0,0.1667,13,6240,70,150.0,0.0,150.0,1.0,0.8974,0.0769,1,0,1,0.0769,0.0,0.0769,0,0.9231,0.0769,0.9231,12,12,13,0.0,0.0,0.0,0.0769,0.0,1.0,0.0,1.0,0,0,0.6667,3,2,0.5409,0.1,0.0769,0.6923,0.0769,0.2308,0.0,0.0,0.6667,0.0,0.0,0.0,-0.0,0.0,enter_inner,obstacle,0.3859,10.471602
3108,86.0,53.1892,1,6.0,1.0,40,19200,40,137.1429,0.0,137.1429,0.5714,1.75,0.15,0,0,0,0.0000,0.0,0.0000,0,0.75,0.25,0.825,30,33,40,0.0,0.0,0.0,0.175,0.0,0.0,1.0,1.0,0,0,0.6154,13,8,0.5589,0.1,0.125,0.85,0.05,0.325,0.0,0.0,0.6154,0.0,0.0,0.0,-0.0,0.0,completed,,0.3856,9.930913
3109,86.0,49.6478,1,6.0,1.0,41,19680,41,137.5714,1.5061,139.0775,0.5857,1.7073,0.1463,0,0,0,0.0000,0.0,0.0000,0,0.7805,0.2195,0.8293,32,34,41,0.3012,0.3012,2.3344,0.1707,0.2857,0.2857,0.4286,0.7143,0,0,0.6154,13,8,0.5634,0.1,0.122,0.7073,0.0244,0.3171,0.0,0.0,0.6154,0.0,0.0,0.0,1.079,0.0,completed,,0.3853,11.00862
3110,50.7873,24.7743,0,4.0,0.6667,38,18240,70,150.0,0.7348,150.7348,1.0,1.2281,0.1053,0,0,0,0.0000,0.0,0.0000,0,0.7895,0.2105,0.8421,30,32,38,0.1837,0.1837,1.1389,0.1579,0.1667,0.0,0.8333,0.8333,0,0,0.5625,16,9,0.5984,0.1,0.1842,0.8421,0.1053,0.4211,0.0,0.0,0.5625,0.0,0.0,0.0,0.4506,0.0,outer_patrol_b,road_edge,0.3851,11.998536
3111,86.0,51.1029,1,6.0,1.0,38,18240,38,136.2857,1.4089,137.6946,0.5429,1.8421,0.1579,1,0,1,0.0263,0.0,0.0263,0,0.8158,0.1842,0.8158,31,31,38,0.2818,0.2818,2.1838,0.1842,0.2857,0.1429,0.5714,0.7143,0,0,0.8667,15,13,0.5691,0.1,0.1579,0.8684,0.0789,0.3947,0.0,0.0,0.8667,0.0,0.0,0.0,0.9557,0.0,completed,,0.3848,11.20168
3112,4.5804,2.2343,0,1.0,0.1667,15,7200,70,150.0,0.0,150.0,1.0,0.7778,0.0667,1,0,1,0.0667,0.0,0.0667,0,0.9333,0.0667,0.9333,14,14,15,0.0,0.0,0.0,0.0667,0.0,0.0,1.0,1.0,0,0,0.4,5,2,0.5107,0.1,0.0667,0.6667,0.0,0.3333,0.0,0.0,0.4,0.0,0.0,0.0,-0.0,0.0,enter_inner,obstacle,0.3845,12.525876
3113,86.0,50.9273,1,6.0,1.0,39,18720,39,136.7143,1.9598,138.6741,0.5571,1.7949,0.1538,0,0,0,0.0000,0.0,0.0000,0,0.8205,0.1795,0.8205,32,32,39,0.392,0.392,3.0377,0.1795,0.4286,0.0,0.5714,0.5714,0,0,0.75,8,6,0.5493,0.1,0.1026,0.8462,0.0256,0.2051,0.0,0.0,0.75,0.0,0.0,0.0,0.6829,0.0,completed,,0.3843,12.216187
3114,86.0,49.7257,1,6.0,1.0,42,20160,42,138.0,2.2451,140.2451,0.6,1.6667,0.1429,1,0,1,0.0238,0.0,0.0238,0,0.7857,0.2143,0.8095,33,34,42,0.449,0.449,3.4799,0.1905,0.375,0.0,0.625,0.625,0,0,0.6667,12,8,0.5731,0.1,0.1429,0.6667,0.0476,0.2857,0.0,0.0,0.6667,0.0,0.0,0.0,0.6616,0.0,completed,,0.384,14.079748
3115,86.0,49.8374,1,6.0,1.0,46,22080,46,139.7143,0.7824,140.4967,0.6571,1.5217,0.1304,1,0,1,0.0217,0.0,0.0217,0,0.7609,0.2391,0.8043,35,37,46,0.1565,0.1565,1.2127,0.1957,0.1111,0.2222,0.6667,0.8889,0,0,0.3846,13,5,0.5721,0.1,0.1522,0.7609,0.0652,0.2826,0.0,0.0,0.3846,0.0,0.0,0.0,0.8487,0.0,completed,,0.3837,12.024952
3116,18.031,8.7956,0,2.0,0.3333,19,9120,70,150.0,0.0,150.0,1.0,1.2281,0.1053,0,0,0,0.0000,0.0,0.0000,0,0.8421,0.1579,0.8421,16,16,19,0.0,0.0,0.0,0.1579,0.0,0.0,1.0,1.0,0,0,0.2857,7,2,0.571,0.1,0.2105,0.7368,0.0526,0.3684,0.0,0.0,0.2857,0.0,0.0,0.0,-0.0,0.0,inner_patrol,obstacle,0.3835,11.992122
3117,86.0,50.8611,1,6.0,1.0,45,21600,45,139.2857,0.6043,139.89,0.6429,1.5556,0.1333,0,0,0,0.0000,0.0,0.0000,0,0.7333,0.2667,0.8444,33,38,45,0.1209,0.1209,0.9366,0.1778,0.125,0.0,0.875,0.875,0,0,0.5714,14,8,0.5756,0.1,0.1333,0.8667,0.0667,0.3111,0.0,0.0,0.5714,0.0,0.0,0.0,0.3768,0.0,completed,,0.3832,14.804336
3118,2.5685,1.2529,0,1.0,0.1667,17,8160,70,150.0,0.8886,150.8886,1.0,0.6863,0.0588,1,0,1,0.0588,0.0,0.0588,0,0.8824,0.1176,0.8824,15,15,17,0.8886,0.8886,1.3774,0.1176,0.5,0.0,0.5,0.5,0,0,0.5,6,3,0.6058,0.1,0.2353,0.5882,0.1765,0.3529,0.0,0.0,0.5,0.0,0.0,0.0,0.6931,0.0,enter_inner,obstacle,0.3829,17.340293
3119,86.0,50.5656,1,6.0,1.0,40,19200,40,137.1429,1.3929,138.5358,0.5714,1.75,0.15,1,0,1,0.0250,0.0,0.0250,0,0.725,0.275,0.825,29,33,40,0.2786,0.2786,2.1591,0.175,0.2857,0.0,0.7143,0.7143,0,0,0.9091,11,10,0.5536,0.1,0.125,0.775,0.025,0.275,0.0,0.0,0.9091,0.0,0.0,0.0,0.5983,0.0,completed,,0.3826,16.979064
3120,86.0,52.049,1,6.0,1.0,38,18240,38,136.2857,0.8383,137.1241,0.5429,1.8421,0.1579,1,0,1,0.0263,0.0,0.0263,0,0.8421,0.1579,0.8684,32,33,38,0.1677,0.1677,1.2994,0.1316,0.2,0.0,0.8,0.8,0,0,0.7778,9,7,0.5525,0.1,0.0526,0.7895,0.0,0.2368,0.0,0.0,0.7778,0.0,0.0,0.0,0.5004,0.0,completed,,0.3824,15.942389
3121,28.8885,14.092,0,3.0,0.5,23,11040,70,150.0,0.7136,150.7136,1.0,1.5217,0.1304,1,0,1,0.0435,0.0,0.0435,0,0.8696,0.1304,0.8696,20,20,23,0.2379,0.2379,1.106,0.1304,0.3333,0.3333,0.3333,0.6667,0,0,0.9,10,9,0.5721,0.1,0.087,0.8696,0.0435,0.4348,0.0,0.0,0.9,0.0,0.0,0.0,1.0986,0.0,return_outer,obstacle,0.3821,12.042675
3122,5.3866,2.6276,0,1.0,0.1667,13,6240,70,150.0,0.0,150.0,1.0,0.8974,0.0769,1,0,1,0.0769,0.0,0.0769,0,0.8462,0.1538,0.9231,11,12,13,0.0,0.0,0.0,0.0769,0.0,1.0,0.0,1.0,0,0,0.5,2,1,0.5164,0.1,0.0769,0.6154,0.0,0.1538,0.0,0.0,0.5,0.0,0.0,0.0,-0.0,0.0,enter_inner,obstacle,0.3818,13.081597
3123,26.8996,13.1218,0,4.0,0.6667,41,19680,70,150.0,3.5798,153.5798,1.0,1.1382,0.0976,1,0,1,0.0244,0.0,0.0244,0,0.7317,0.2683,0.8049,30,33,41,0.8949,0.8949,5.5486,0.1951,0.625,0.0,0.375,0.375,0,0,0.5263,19,10,0.6399,0.1,0.3171,0.9024,0.2195,0.4634,0.0,0.0,0.5263,0.0,0.0,0.0,0.6616,0.0,outer_patrol_b,road_edge,0.3816,11.053967
3124,-2.8085,-1.37,0,0.0,0.0,9,4320,70,150.0,0.0,150.0,1.0,0.0,0.0,1,0,1,0.1111,0.0,0.1111,0,1.0,0.0,1.0,9,9,9,0.0,0.0,0.0,0.0,0.0,0.0,0.0,0.0,0,0,1.0,1,1,0.4843,0.1,0.0,0.7778,0.0,0.1111,0.0,0.0,1.0,0.0,0.0,0.0,0.0,0.0,outer_patrol_a,road_edge,0.3813,11.135745
3125,86.0,52.6925,1,6.0,1.0,35,16800,35,135.0,0.0,135.0,0.5,2.0,0.1714,1,0,1,0.0286,0.0,0.0286,0,0.8571,0.1429,0.8571,30,30,35,0.0,0.0,0.0,0.1429,0.0,0.6,0.4,1.0,0,0,0.875,8,7,0.5493,0.1,0.1143,0.8857,0.0286,0.2286,0.0,0.0,0.875,0.0,0.0,0.0,0.673,0.0,completed,,0.381,13.715744
3126,86.0,53.2044,1,6.0,1.0,38,18240,38,136.2857,0.0,136.2857,0.5429,1.8421,0.1579,0,0,0,0.0000,0.0,0.0000,0,0.8421,0.1579,0.8421,32,32,38,0.0,0.0,0.0,0.1579,0.0,0.1667,0.8333,1.0,0,0,0.6,10,6,0.5656,0.1,0.1842,0.7632,0.0526,0.2632,0.0,0.0,0.6,0.0,0.0,0.0,0.4506,0.0,completed,,0.3808,13.884786
3127,86.0,51.0795,1,6.0,1.0,41,19680,41,137.5714,0.6513,138.2228,0.5857,1.7073,0.1463,1,0,1,0.0244,0.0,0.0244,0,0.8293,0.1707,0.8537,34,35,41,0.1303,0.1303,1.0096,0.1463,0.1667,0.1667,0.6667,0.8333,0,0,0.4286,7,3,0.5445,0.1,0.0976,0.6829,0.0244,0.1707,0.0,0.0,0.4286,0.0,0.0,0.0,0.8676,0.0,completed,,0.3805,11.732366
3128,5.2584,2.5651,0,1.0,0.1667,14,6720,70,150.0,0.0,150.0,1.0,0.8333,0.0714,0,0,0,0.0000,0.0,0.0000,0,0.9286,0.0714,0.9286,13,13,14,0.0,0.0,0.0,0.0714,0.0,0.0,1.0,1.0,0,0,0.6,5,3,0.5141,0.1,0.0714,0.7857,0.0,0.3571,0.0,0.0,0.6,0.0,0.0,0.0,-0.0,0.0,enter_inner,obstacle,0.3802,10.74291
3129,86.0,51.0619,1,6.0,1.0,42,20160,42,138.0,0.0,138.0,0.6,1.6667,0.1429,1,0,1,0.0238,0.0,0.0238,0,0.8333,0.1667,0.881,35,37,42,0.0,0.0,0.0,0.119,0.0,0.2,0.8,1.0,0,0,0.6471,17,11,0.5573,0.1,0.0952,0.7381,0.0238,0.4048,0.0,0.0,0.6471,0.0,0.0,0.0,0.5004,0.0,completed,,0.3799,11.510279
3130,15.2368,7.4326,0,2.0,0.3333,15,7200,70,150.0,0.0,150.0,1.0,1.5556,0.1333,1,0,1,0.0667,0.0,0.0667,0,0.8667,0.1333,0.8667,13,13,15,0.0,0.0,0.0,0.1333,0.0,0.5,0.5,1.0,0,0,1.0,1,1,0.4974,0.1,0.0,0.7333,0.0,0.0667,0.0,0.0,1.0,0.0,0.0,0.0,0.6931,0.0,inner_patrol,obstacle,0.3797,13.044324
3131,12.4411,6.0688,0,2.0,0.3333,18,8640,70,150.0,0.8819,150.8819,1.0,1.2963,0.1111,1,0,1,0.0556,0.0,0.0556,0,0.8333,0.1667,0.8333,15,15,18,0.441,0.441,1.3669,0.1667,0.3333,0.0,0.6667,0.6667,0,0,0.7143,7,5,0.5559,0.1,0.1667,0.8333,0.0556,0.3889,0.0,0.0,0.7143,0.0,0.0,0.0,0.6365,0.0,inner_patrol,obstacle,0.3794,13.144848
3132,13.864,6.7629,0,2.0,0.3333,17,8160,70,150.0,0.8251,150.8251,1.0,1.3725,0.1176,1,0,1,0.0588,0.0,0.0588,0,0.8235,0.1765,0.8235,14,14,17,0.4126,0.4126,1.2789,0.1765,0.3333,0.0,0.6667,0.6667,0,0,0.5,4,2,0.5451,0.1,0.1765,0.8235,0.0588,0.2353,0.0,0.0,0.5,0.0,0.0,0.0,0.6365,0.0,inner_patrol,obstacle,0.3791,13.307568
3133,86.0,49.946,1,6.0,1.0,43,20640,43,138.4286,1.7771,140.2056,0.6143,1.6279,0.1395,1,0,1,0.0233,0.0,0.0233,0,0.7907,0.2093,0.814,34,35,43,0.3554,0.3554,2.7545,0.186,0.25,0.125,0.625,0.75,0,0,0.6842,19,13,0.5994,0.1,0.1628,0.8605,0.1163,0.4419,0.0,0.0,0.6842,0.0,0.0,0.0,0.9003,0.0,completed,,0.3789,16.702825
3134,86.0,48.0086,1,6.0,1.0,44,21120,44,138.8571,3.0469,141.9041,0.6286,1.5909,0.1364,1,0,1,0.0227,0.0,0.0227,0,0.8409,0.1591,0.8409,37,37,44,0.6094,0.6094,4.7227,0.1591,0.5714,0.0,0.4286,0.4286,0,0,0.6875,16,11,0.5814,0.1,0.1591,0.8409,0.0909,0.3636,0.0,0.0,0.6875,0.0,0.0,0.0,0.6829,0.0,completed,,0.3786,15.418068
3135,86.0,51.8131,1,6.0,1.0,43,20640,43,138.4286,0.756,139.1846,0.6143,1.6279,0.1395,0,0,0,0.0000,0.0,0.0000,0,0.7907,0.2093,0.814,34,35,43,0.1512,0.1512,1.1718,0.186,0.125,0.0,0.875,0.875,0,0,0.5625,16,9,0.5804,0.1,0.1395,0.7907,0.0465,0.3721,0.0,0.0,0.5625,0.0,0.0,0.0,0.3768,0.0,completed,,0.3783,13.396131
3136,86.0,51.4629,1,6.0,1.0,38,18240,38,136.2857,1.6611,137.9468,0.5429,1.8421,0.1579,1,0,1,0.0263,0.0,0.0263,0,0.7895,0.2105,0.8158,30,31,38,0.3322,0.3322,2.5748,0.1842,0.2857,0.0,0.7143,0.7143,0,0,0.9091,11,10,0.55,0.1,0.1053,0.8421,0.0263,0.2895,0.0,0.0,0.9091,0.0,0.0,0.0,0.5983,0.0,completed,,0.3781,13.524682
3137,46.3535,22.6114,0,4.0,0.6667,29,13920,70,150.0,1.4452,151.4452,1.0,1.6092,0.1379,0,0,0,0.0000,0.0,0.0000,0,0.8276,0.1724,0.8621,24,25,29,0.3613,0.3613,2.24,0.1379,0.5,0.0,0.5,0.5,0,0,1.0,4,4,0.5316,0.1,0.0,0.6897,0.0,0.1379,0.0,0.0,1.0,0.0,0.0,0.0,0.6931,0.0,outer_patrol_b,road_edge,0.3778,12.622834
3138,3.712,1.8108,0,1.0,0.1667,17,8160,70,150.0,0.0,150.0,1.0,0.6863,0.0588,0,0,0,0.0000,0.0,0.0000,0,0.8235,0.1765,0.8824,14,15,17,0.0,0.0,0.0,0.1176,0.0,0.5,0.5,1.0,0,0,0.4,5,2,0.5467,0.1,0.1176,0.7647,0.0588,0.2941,0.0,0.0,0.4,0.0,0.0,0.0,0.6931,0.0,enter_inner,obstacle,0.3775,13.411002
3139,86.0,50.3336,1,6.0,1.0,40,19200,40,137.1429,1.6574,138.8003,0.5714,1.75,0.15,1,0,1,0.0250,0.0,0.0250,0,0.8,0.2,0.85,32,34,40,0.3315,0.3315,2.569,0.15,0.3333,0.0,0.6667,0.6667,0,0,0.8462,13,11,0.5539,0.1,0.075,0.8,0.025,0.325,0.0,0.0,0.8462,0.0,0.0,0.0,0.6365,0.0,completed,,0.3773,10.888413
3140,86.0,50.9864,1,6.0,1.0,44,21120,44,138.8571,0.6488,139.5059,0.6286,1.5909,0.1364,0,0,0,0.0000,0.0,0.0000,0,0.75,0.25,0.8182,33,36,44,0.1298,0.1298,1.0056,0.1818,0.125,0.125,0.75,0.875,0,0,0.5294,17,9,0.5968,0.1,0.2045,0.8182,0.1136,0.3864,0.0,0.0,0.5294,0.0,0.0,0.0,0.7356,0.0,completed,,0.377,12.681384
3141,-10.0,-9.93,0,0.0,0.0,1,480,70,150.0,0.0,150.0,1.0,0.0,0.0,1,0,1,1.0000,0.0,1.0000,0,1.0,0.0,1.0,1,1,1,0.0,0.0,0.0,0.0,0.0,0.0,0.0,0.0,0,0,0.0,0,0,0.5553,0.1,0.0,0.0,0.0,0.0,0.0,0.0,0.0,0.0,0.0,0.0,0.0,0.0,outer_patrol_a,road_edge,0.3767,12.681384
3142,86.0,48.0873,1,6.0,1.0,41,19680,41,137.5714,2.9623,140.5337,0.5857,1.7073,0.1463,1,0,1,0.0244,0.0,0.0244,0,0.7561,0.2439,0.8049,31,33,41,0.5925,0.5925,4.5915,0.1951,0.5,0.125,0.375,0.5,0,0,1.0,10,10,0.5569,0.1,0.0732,0.7805,0.0488,0.2439,0.0,0.0,1.0,0.0,0.0,0.0,0.9743,0.0,completed,,0.3764,10.952732
3143,-2.8085,-1.37,0,0.0,0.0,9,4320,70,150.0,0.0,150.0,1.0,0.0,0.0,1,0,1,0.1111,0.0,0.1111,0,1.0,0.0,1.0,9,9,9,0.0,0.0,0.0,0.0,0.0,0.0,0.0,0.0,0,0,0.6667,3,2,0.5048,0.1,0.0,0.8889,0.0,0.3333,0.0,0.0,0.6667,0.0,0.0,0.0,0.0,0.0,outer_patrol_a,road_edge,0.3762,9.839864
3144,44.0276,21.4769,0,4.0,0.6667,36,17280,70,150.0,1.6867,151.6867,1.0,1.2963,0.1111,0,0,0,0.0000,0.0,0.0000,0,0.7778,0.2222,0.8333,28,30,36,0.4217,0.4217,2.6144,0.1667,0.3333,0.0,0.6667,0.6667,0,0,0.5,14,7,0.5645,0.1,0.1944,0.8333,0.0,0.3889,0.0,0.0,0.5,0.0,0.0,0.0,0.6365,0.0,outer_patrol_b,road_edge,0.3759,10.24032
3145,86.0,53.1145,1,6.0,1.0,40,19200,40,137.1429,0.846,137.9888,0.5714,1.75,0.15,1,0,1,0.0250,0.0,0.0250,0,0.8,0.2,0.8,32,32,40,0.1692,0.1692,1.3112,0.2,0.125,0.0,0.875,0.875,0,0,0.6429,14,9,0.5876,0.1,0.175,0.825,0.075,0.35,0.0,0.0,0.6429,0.0,0.0,0.0,0.3768,0.0,completed,,0.3756,12.721939
3146,38.1671,18.6181,0,4.0,0.6667,25,12000,70,150.0,1.6796,151.6796,1.0,1.8667,0.16,0,0,0,0.0000,0.0,0.0000,0,0.76,0.24,0.76,19,19,25,0.4199,0.4199,2.6034,0.24,0.3333,0.0,0.6667,0.6667,0,0,0.875,8,7,0.5758,0.1,0.16,0.8,0.08,0.32,0.0,0.0,0.875,0.0,0.0,0.0,0.6365,0.0,outer_patrol_b,road_edge,0.3754,14.285247
3147,29.8221,14.5473,0,3.0,0.5,24,11520,70,150.0,0.8571,150.8571,1.0,1.4583,0.125,0,0,0,0.0000,0.0,0.0000,0,0.7917,0.2083,0.7917,19,19,24,0.2857,0.2857,1.3284,0.2083,0.2,0.2,0.6,0.8,0,0,0.5,6,3,0.5914,0.1,0.1667,0.75,0.125,0.25,0.0,0.0,0.5,0.0,0.0,0.0,0.9503,0.0,return_outer,obstacle,0.3751,12.827701
3148,86.0,52.8776,1,6.0,1.0,41,19680,41,137.5714,0.0,137.5714,0.5857,1.7073,0.1463,1,0,1,0.0244,0.0,0.0244,0,0.8293,0.1707,0.8293,34,34,41,0.0,0.0,0.0,0.1707,0.0,0.0,1.0,1.0,0,0,0.4615,13,6,0.5598,0.1,0.122,0.878,0.0488,0.3171,0.0,0.0,0.4615,0.0,0.0,0.0,-0.0,0.0,completed,,0.3748,13.478611
3149,40.2952,19.6562,0,4.0,0.6667,25,12000,70,150.0,1.5973,151.5973,1.0,1.8667,0.16,0,0,0,0.0000,0.0,0.0000,0,0.84,0.16,0.84,21,21,25,0.3993,0.3993,2.4758,0.16,0.5,0.0,0.5,0.5,0,0,1.0,5,5,0.5413,0.1,0.08,0.68,0.0,0.2,0.0,0.0,1.0,0.0,0.0,0.0,0.6931,0.0,outer_patrol_b,road_edge,0.3746,13.736147
3150,86.0,51.0603,1,6.0,1.0,39,18720,39,136.7143,1.5108,138.2251,0.5571,1.7949,0.1538,0,0,0,0.0000,0.0,0.0000,0,0.8462,0.1538,0.8462,33,33,39,0.3022,0.3022,2.3418,0.1538,0.3333,0.0,0.6667,0.6667,0,0,0.7692,13,10,0.5579,0.1,0.1026,0.7949,0.0256,0.3333,0.0,0.0,0.7692,0.0,0.0,0.0,0.6365,0.0,completed,,0.3743,13.54749
3151,86.0,53.4804,1,6.0,1.0,38,18240,38,136.2857,0.0,136.2857,0.5429,1.8421,0.1579,1,0,1,0.0263,0.0,0.0263,0,0.7895,0.2105,0.8421,30,32,38,0.0,0.0,0.0,0.1579,0.0,0.0,1.0,1.0,0,0,0.8571,7,6,0.5523,0.1,0.0526,0.7368,0.0263,0.1842,0.0,0.0,0.8571,0.0,0.0,0.0,-0.0,0.0,completed,,0.374,11.908352
3152,-10.0,-5.65,0,0.0,0.0,5,2400,70,150.0,0.0,150.0,1.0,0.0,0.0,1,0,1,0.2000,0.0,0.2000,0,1.0,0.0,1.0,5,5,5,0.0,0.0,0.0,0.0,0.0,0.0,0.0,0.0,0,0,0.0,1,0,0.4731,0.1,0.0,0.6,0.0,0.2,0.0,0.0,0.0,0.0,0.0,0.0,0.0,0.0,outer_patrol_a,road_edge,0.3737,10.300205
3153,86.0,51.4355,1,6.0,1.0,41,19680,41,137.5714,0.0,137.5714,0.5857,1.7073,0.1463,1,0,1,0.0244,0.0,0.0244,0,0.7805,0.2195,0.878,32,36,41,0.0,0.0,0.0,0.122,0.0,0.2,0.8,1.0,0,0,0.8462,13,11,0.557,0.1,0.0732,0.7317,0.0244,0.3171,0.0,0.0,0.8462,0.0,0.0,0.0,0.5004,0.0,completed,,0.3735,9.703307
3154,86.0,50.0055,1,6.0,1.0,43,20640,43,138.4286,0.7009,139.1295,0.6143,1.6279,0.1395,0,0,0,0.0000,0.0,0.0000,0,0.7442,0.2558,0.8605,32,37,43,0.1402,0.1402,1.0864,0.1395,0.1667,0.0,0.8333,0.8333,0,0,0.6923,13,9,0.5604,0.1,0.093,0.6744,0.0465,0.3023,0.0,0.0,0.6923,0.0,0.0,0.0,0.4506,0.0,completed,,0.3732,10.16766
3155,86.0,50.6468,1,6.0,1.0,39,18720,39,136.7143,1.5072,138.2215,0.5571,1.7949,0.1538,0,0,0,0.0000,0.0,0.0000,0,0.7949,0.2051,0.8205,31,32,39,0.3014,0.3014,2.3361,0.1795,0.2857,0.0,0.7143,0.7143,0,0,0.8889,9,8,0.5558,0.1,0.1026,0.7179,0.0513,0.2308,0.0,0.0,0.8889,0.0,0.0,0.0,0.5983,0.0,completed,,0.3729,12.408671
3156,86.0,52.8587,1,6.0,1.0,36,17280,36,135.4286,0.6434,136.072,0.5143,1.9444,0.1667,1,0,1,0.0278,0.0,0.0278,0,0.8611,0.1389,0.8611,31,31,36,0.1287,0.1287,0.9973,0.1389,0.2,0.0,0.8,0.8,0,0,0.9,10,9,0.5578,0.1,0.0278,0.6944,0.0,0.2778,0.0,0.0,0.9,0.0,0.0,0.0,0.5004,0.0,completed,,0.3727,15.790185
3157,86.0,50.7023,1,6.0,1.0,39,18720,39,136.7143,1.7116,138.4259,0.5571,1.7949,0.1538,1,0,1,0.0256,0.0,0.0256,0,0.7949,0.2051,0.8205,31,32,39,0.3423,0.3423,2.6529,0.1795,0.2857,0.0,0.7143,0.7143,0,0,0.8571,7,6,0.5532,0.1,0.0769,0.7436,0.0256,0.1795,0.0,0.0,0.8571,0.0,0.0,0.0,0.5983,0.0,completed,,0.3724,16.128847
3158,1.4562,0.7103,0,1.0,0.1667,16,7680,70,150.0,0.7828,150.7828,1.0,0.7292,0.0625,0,0,0,0.0000,0.0,0.0000,0,0.8125,0.1875,0.875,13,14,16,0.7828,0.7828,1.2133,0.125,0.5,0.5,0.0,0.5,0,0,0.5,4,2,0.5387,0.1,0.0625,0.875,0.0625,0.25,0.0,0.0,0.5,0.0,0.0,0.0,0.6931,0.0,enter_inner,obstacle,0.3721,14.671389
3159,86.0,52.9628,1,6.0,1.0,37,17760,37,135.8571,0.0,135.8571,0.5286,1.8919,0.1622,1,0,1,0.0270,0.0,0.0270,0,0.8108,0.1892,0.8378,30,31,37,0.0,0.0,0.0,0.1622,0.0,0.1667,0.8333,1.0,0,0,0.8889,9,8,0.5478,0.1,0.0541,0.6757,0.0,0.2432,0.0,0.0,0.8889,0.0,0.0,0.0,0.4506,0.0,completed,,0.3719,15.620149
3160,52.0541,25.3923,0,4.0,0.6667,29,13920,70,150.0,0.0,150.0,1.0,1.6092,0.1379,0,0,0,0.0000,0.0,0.0000,0,0.7931,0.2069,0.8276,23,24,29,0.0,0.0,0.0,0.1724,0.0,0.0,1.0,1.0,0,0,0.7,10,7,0.5546,0.1,0.1379,0.7931,0.0345,0.3448,0.0,0.0,0.7,0.0,0.0,0.0,-0.0,0.0,outer_patrol_b,road_edge,0.3716,15.155434
3161,28.2141,13.763,0,3.0,0.5,24,11520,70,150.0,0.8542,150.8542,1.0,1.4583,0.125,0,0,0,0.0000,0.0,0.0000,0,0.75,0.25,0.7917,18,19,24,0.2847,0.2847,1.324,0.2083,0.2,0.2,0.6,0.8,0,0,0.7143,7,5,0.5748,0.1,0.1667,0.7083,0.0833,0.2917,0.0,0.0,0.7143,0.0,0.0,0.0,0.9503,0.0,return_outer,obstacle,0.3713,13.586134
3162,86.0,50.4276,1,6.0,1.0,42,20160,42,138.0,1.7258,139.7258,0.6,1.6667,0.1429,0,0,0,0.0000,0.0,0.0000,0,0.7619,0.2381,0.8095,32,34,42,0.3452,0.3452,2.675,0.1905,0.25,0.0,0.75,0.75,0,0,0.6923,13,9,0.5815,0.1,0.1905,0.881,0.0714,0.3095,0.0,0.0,0.6923,0.0,0.0,0.0,0.5623,0.0,completed,,0.3711,12.231737
3163,25.4379,12.4087,0,3.0,0.5,27,12960,70,150.0,0.864,150.864,1.0,1.2963,0.1111,0,0,0,0.0000,0.0,0.0000,0,0.7407,0.2593,0.8889,20,24,27,0.288,0.288,1.3391,0.1111,0.3333,0.0,0.6667,0.6667,0,0,0.75,8,6,0.5484,0.1,0.0741,0.8519,0.037,0.2963,0.0,0.0,0.75,0.0,0.0,0.0,0.6365,0.0,return_outer,obstacle,0.3708,13.3979
3164,86.0,50.6869,1,6.0,1.0,42,20160,42,138.0,1.7571,139.7571,0.6,1.6667,0.1429,1,0,1,0.0238,0.0,0.0238,0,0.8095,0.1905,0.8333,34,35,42,0.3514,0.3514,2.7235,0.1667,0.2857,0.0,0.7143,0.7143,0,0,0.5,10,5,0.5785,0.1,0.1429,0.7381,0.0714,0.2381,0.0,0.0,0.5,0.0,0.0,0.0,0.5983,0.0,completed,,0.3705,12.362553
3165,86.0,48.8379,1,6.0,1.0,45,21600,45,139.2857,2.5983,141.884,0.6429,1.5556,0.1333,1,0,1,0.0222,0.0,0.0222,0,0.8222,0.1778,0.8222,37,37,45,0.5197,0.5197,4.0274,0.1778,0.5,0.0,0.5,0.5,0,0,0.625,16,10,0.5918,0.1,0.2,0.8222,0.1111,0.3556,0.0,0.0,0.625,0.0,0.0,0.0,0.6931,0.0,completed,,0.3702,16.132797
3166,86.0,48.7687,1,6.0,1.0,45,21600,45,139.2857,2.8813,142.1671,0.6429,1.5556,0.1333,1,0,1,0.0222,0.0,0.0222,0,0.7556,0.2444,0.7778,34,35,45,0.5763,0.5763,4.4661,0.2222,0.4,0.0,0.6,0.6,0,0,0.6429,14,9,0.5861,0.1,0.1778,0.8222,0.0889,0.3111,0.0,0.0,0.6429,0.0,0.0,0.0,0.673,0.0,completed,,0.37,15.976339
3167,86.0,50.2138,1,6.0,1.0,44,21120,44,138.8571,0.6403,139.4975,0.6286,1.5909,0.1364,1,0,1,0.0227,0.0,0.0227,0,0.8182,0.1818,0.8636,36,38,44,0.1281,0.1281,0.9925,0.1364,0.1667,0.0,0.8333,0.8333,0,0,0.6154,13,8,0.5549,0.1,0.1136,0.8182,0.0227,0.2955,0.0,0.0,0.6154,0.0,0.0,0.0,0.4506,0.0,completed,,0.3697,14.189365
3168,42.4366,20.7008,0,4.0,0.6667,22,10560,70,150.0,0.0,150.0,1.0,2.1212,0.1818,1,0,1,0.0455,0.0,0.0455,0,0.8182,0.1818,0.8182,18,18,22,0.0,0.0,0.0,0.1818,0.0,0.5,0.5,1.0,0,0,1.0,9,9,0.5638,0.1,0.0909,0.7273,0.0455,0.4091,0.0,0.0,1.0,0.0,0.0,0.0,0.6931,0.0,outer_patrol_b,road_edge,0.3694,13.707374
3169,5.9385,2.8968,0,1.0,0.1667,13,6240,70,150.0,0.0,150.0,1.0,0.8974,0.0769,1,0,1,0.0769,0.0,0.0769,0,0.9231,0.0769,0.9231,12,12,13,0.0,0.0,0.0,0.0769,0.0,0.0,1.0,1.0,0,0,0.8,5,4,0.544,0.1,0.0769,0.8462,0.0769,0.3846,0.0,0.0,0.8,0.0,0.0,0.0,-0.0,0.0,enter_inner,obstacle,0.3692,15.213958
3170,86.0,53.2278,1,6.0,1.0,40,19200,40,137.1429,0.0,137.1429,0.5714,1.75,0.15,1,0,1,0.0250,0.0,0.0250,0,0.8,0.2,0.825,32,33,40,0.0,0.0,0.0,0.175,0.0,0.1429,0.8571,1.0,0,0,0.5,10,5,0.5709,0.1,0.125,0.8,0.05,0.25,0.0,0.0,0.5,0.0,0.0,0.0,0.4101,0.0,completed,,0.3689,15.140583
3171,32.5328,15.8697,0,3.0,0.5,23,11040,70,150.0,0.0,150.0,1.0,1.5217,0.1304,1,0,1,0.0435,0.0,0.0435,0,0.8261,0.1739,0.8261,19,19,23,0.0,0.0,0.0,0.1739,0.0,0.0,1.0,1.0,0,0,0.5714,7,4,0.5756,0.1,0.1739,0.913,0.087,0.3043,0.0,0.0,0.5714,0.0,0.0,0.0,-0.0,0.0,return_outer,obstacle,0.3686,14.12229
3172,59.2818,28.9179,0,4.0,0.6667,36,17280,70,150.0,0.8112,150.8112,1.0,1.2963,0.1111,0,0,0,0.0000,0.0,0.0000,0,0.8333,0.1667,0.8333,30,30,36,0.2028,0.2028,1.2574,0.1667,0.1667,0.0,0.8333,0.8333,0,0,0.6667,12,8,0.5457,0.1,0.1111,0.7778,0.0278,0.3333,0.0,0.0,0.6667,0.0,0.0,0.0,0.4506,0.0,outer_patrol_b,road_edge,0.3684,12.753005
3173,86.0,47.9405,1,6.0,1.0,45,21600,45,139.2857,2.4245,141.7102,0.6429,1.5556,0.1333,0,0,0,0.0000,0.0,0.0000,0,0.7778,0.2222,0.8,35,36,45,0.4849,0.4849,3.758,0.2,0.3333,0.2222,0.4444,0.6667,0,0,0.4615,13,6,0.5785,0.1,0.1778,0.7778,0.0889,0.2889,0.0,0.0,0.4615,0.0,0.0,0.0,1.0609,0.0,completed,,0.3681,10.805189
3174,86.0,50.5695,1,6.0,1.0,39,18720,39,136.7143,1.511,138.2253,0.5571,1.7949,0.1538,0,0,0,0.0000,0.0,0.0000,0,0.7692,0.2308,0.8205,30,32,39,0.3022,0.3022,2.3421,0.1795,0.2857,0.1429,0.5714,0.7143,0,0,0.8462,13,11,0.5766,0.1,0.1795,0.8205,0.0513,0.3333,0.0,0.0,0.8462,0.0,0.0,0.0,0.9557,0.0,completed,,0.3678,13.430261
3175,86.0,49.5459,1,6.0,1.0,41,19680,41,137.5714,2.3115,139.8829,0.5857,1.7073,0.1463,1,0,1,0.0244,0.0,0.0244,0,0.7561,0.2439,0.8049,31,33,41,0.4623,0.4623,3.5828,0.1951,0.375,0.0,0.625,0.625,0,0,0.8,15,12,0.5783,0.1,0.1463,0.8049,0.0488,0.3659,0.0,0.0,0.8,0.0,0.0,0.0,0.6616,0.0,completed,,0.3675,14.421462
3176,22.1961,10.8273,0,2.0,0.3333,24,11520,70,150.0,1.3637,151.3637,1.0,0.9722,0.0833,1,0,1,0.0417,0.0,0.0417,0,0.7917,0.2083,0.8333,19,20,24,0.6819,0.6819,2.1138,0.1667,0.5,0.0,0.5,0.5,0,0,0.4,5,2,0.5624,0.1,0.0833,0.7917,0.0417,0.2083,0.0,0.0,0.4,0.0,0.0,0.0,0.6931,0.0,inner_patrol,obstacle,0.3673,14.430149
3177,86.0,52.8818,1,6.0,1.0,36,17280,36,135.4286,0.6331,136.0616,0.5143,1.9444,0.1667,0,0,0,0.0000,0.0,0.0000,0,0.8611,0.1389,0.8611,31,31,36,0.1266,0.1266,0.9812,0.1389,0.2,0.0,0.8,0.8,0,0,0.9167,12,11,0.5625,0.1,0.1111,0.7778,0.0278,0.3333,0.0,0.0,0.9167,0.0,0.0,0.0,0.5004,0.0,completed,,0.367,11.041427
3178,86.0,52.3258,1,6.0,1.0,38,18240,38,136.2857,0.892,137.1778,0.5429,1.8421,0.1579,1,0,1,0.0263,0.0,0.0263,0,0.8421,0.1579,0.8684,32,33,38,0.1784,0.1784,1.3827,0.1579,0.1667,0.0,0.8333,0.8333,0,0,0.7692,13,10,0.5615,0.1,0.1316,0.7895,0.0526,0.3421,0.0,0.0,0.7692,0.0,0.0,0.0,0.4506,0.0,completed,,0.3667,8.991837
3179,86.0,51.1699,1,6.0,1.0,39,18720,39,136.7143,1.5163,138.2305,0.5571,1.7949,0.1538,0,0,0,0.0000,0.0,0.0000,0,0.8205,0.1795,0.8205,32,32,39,0.3033,0.3033,2.3502,0.1795,0.2857,0.1429,0.5714,0.7143,0,0,0.8182,11,9,0.5575,0.1,0.1026,0.7949,0.0256,0.2821,0.0,0.0,0.8182,0.0,0.0,0.0,0.9557,0.0,completed,,0.3665,9.191274
3180,45.7212,22.303,0,4.0,0.6667,37,17760,70,150.0,2.2903,152.2903,1.0,1.2613,0.1081,1,0,1,0.0270,0.0,0.0270,0,0.7838,0.2162,0.8378,29,31,37,0.5726,0.5726,3.5499,0.1622,0.5,0.0,0.5,0.5,0,0,0.6429,14,9,0.5867,0.1,0.1892,0.7568,0.0541,0.3784,0.0,0.0,0.6429,0.0,0.0,0.0,0.6931,0.0,outer_patrol_b,road_edge,0.3662,11.957066
3181,-10.0,-8.86,0,0.0,0.0,2,960,70,150.0,0.0,150.0,1.0,0.0,0.0,1,0,1,0.5000,0.0,0.5000,0,1.0,0.0,1.0,2,2,2,0.0,0.0,0.0,0.0,0.0,0.0,0.0,0.0,0,0,0.0,0,0,0.4821,0.1,0.0,0.5,0.0,0.0,0.0,0.0,0.0,0.0,0.0,0.0,0.0,0.0,outer_patrol_a,road_edge,0.3659,13.656513
3182,28.7671,14.0327,0,2.0,0.3333,22,10560,70,150.0,0.0,150.0,1.0,1.0606,0.0909,1,0,1,0.0455,0.0,0.0455,0,0.9091,0.0909,0.9091,20,20,22,0.0,0.0,0.0,0.0909,0.0,0.0,1.0,1.0,0,0,0.6,5,3,0.5428,0.1,0.0455,0.8636,0.0,0.2273,0.0,0.0,0.6,0.0,0.0,0.0,-0.0,0.0,inner_patrol,obstacle,0.3657,14.224714
3183,86.0,48.8904,1,6.0,1.0,47,22560,47,140.1429,1.3739,141.5167,0.6714,1.4894,0.1277,1,0,1,0.0213,0.0,0.0213,0,0.8085,0.1915,0.8298,38,39,47,0.2748,0.2748,2.1295,0.1702,0.25,0.125,0.625,0.75,0,0,0.375,16,6,0.586,0.1,0.1702,0.766,0.0851,0.3404,0.0,0.0,0.375,0.0,0.0,0.0,0.9003,0.0,completed,,0.3654,17.471274
3184,0.8753,0.427,0,1.0,0.1667,17,8160,70,150.0,0.7004,150.7004,1.0,0.6863,0.0588,0,0,0,0.0000,0.0,0.0000,0,0.7647,0.2353,0.8824,13,15,17,0.7004,0.7004,1.0856,0.1176,0.5,0.5,0.0,0.5,0,0,0.7143,7,5,0.5701,0.1,0.1176,0.6471,0.1176,0.4118,0.0,0.0,0.7143,0.0,0.0,0.0,0.6931,0.0,enter_inner,obstacle,0.3651,17.530999
3185,58.5022,28.5376,0,5.0,0.8333,43,20640,70,150.0,2.9984,152.9984,1.0,1.3566,0.1163,0,0,0,0.0000,0.0,0.0000,0,0.7907,0.2093,0.7907,34,34,43,0.5997,0.5997,4.6476,0.2093,0.4444,0.1111,0.4444,0.5556,0,0,0.5833,12,7,0.575,0.1,0.2326,0.7907,0.0698,0.2791,0.0,0.0,0.5833,0.0,0.0,0.0,0.965,0.0,final_park,wall,0.3649,17.127606
3186,86.0,45.2274,1,6.0,1.0,45,21600,45,139.2857,4.248,143.5337,0.6429,1.5556,0.1333,1,0,1,0.0222,0.0,0.0222,0,0.8,0.2,0.8222,36,37,45,0.8496,0.8496,6.5844,0.1778,0.625,0.0,0.375,0.375,0,0,0.7333,15,11,0.5609,0.1,0.1556,0.6889,0.0222,0.3333,0.0,0.0,0.7333,0.0,0.0,0.0,0.6616,0.0,completed,,0.3646,15.276103
3187,54.73,26.6976,0,4.0,0.6667,41,19680,70,150.0,2.3196,152.3196,1.0,1.1382,0.0976,1,0,1,0.0244,0.0,0.0244,0,0.8049,0.1951,0.8293,33,34,41,0.5799,0.5799,3.5954,0.1707,0.4286,0.0,0.5714,0.5714,0,0,0.5714,14,8,0.5798,0.1,0.1951,0.7317,0.0976,0.3415,0.0,0.0,0.5714,0.0,0.0,0.0,0.6829,0.0,outer_patrol_b,road_edge,0.3643,17.689191
3188,51.5556,25.1491,0,4.0,0.6667,45,21600,70,150.0,2.3365,152.3365,1.0,1.037,0.0889,0,0,0,0.0000,0.0,0.0000,0,0.7778,0.2222,0.8222,35,37,45,0.5841,0.5841,3.6216,0.1778,0.375,0.0,0.625,0.625,0,0,0.4737,19,9,0.6071,0.1,0.2222,0.8444,0.1111,0.4222,0.0,0.0,0.4737,0.0,0.0,0.0,0.6616,0.0,outer_patrol_b,road_edge,0.364,18.600185
3189,38.5545,18.8071,0,4.0,0.6667,26,12480,70,150.0,0.8129,150.8129,1.0,1.7949,0.1538,1,0,1,0.0385,0.0,0.0385,0,0.8462,0.1538,0.8462,22,22,26,0.2032,0.2032,1.2601,0.1538,0.25,0.0,0.75,0.75,0,0,0.5714,7,4,0.5431,0.1,0.0769,0.8462,0.0,0.2692,0.0,0.0,0.5714,0.0,0.0,0.0,0.5623,0.0,outer_patrol_b,road_edge,0.3638,16.926613
3190,35.0359,17.0907,0,4.0,0.6667,29,13920,70,150.0,1.4638,151.4638,1.0,1.6092,0.1379,0,0,0,0.0000,0.0,0.0000,0,0.7931,0.2069,0.7931,23,23,29,0.3659,0.3659,2.2689,0.2069,0.3333,0.1667,0.5,0.6667,0,0,0.5556,9,5,0.5727,0.1,0.1379,0.7241,0.0345,0.3103,0.0,0.0,0.5556,0.0,0.0,0.0,1.0114,0.0,outer_patrol_b,road_edge,0.3635,13.78074
3191,-10.0,-9.93,0,0.0,0.0,1,480,70,150.0,0.0,150.0,1.0,0.0,0.0,0,0,0,0.0000,0.0,0.0000,0,1.0,0.0,1.0,1,1,1,0.0,0.0,0.0,0.0,0.0,0.0,0.0,0.0,0,0,0.0,0,0,0.4639,0.1,0.0,1.0,0.0,0.0,0.0,0.0,0.0,0.0,0.0,0.0,0.0,0.0,outer_patrol_a,road_edge,0.3632,14.897413
3192,86.0,46.1292,1,6.0,1.0,49,23520,49,141.0,3.0647,144.0647,0.7,1.4286,0.1224,0,0,0,0.0000,0.0,0.0000,0,0.7347,0.2653,0.8367,36,41,49,0.6129,0.6129,4.7503,0.1633,0.5,0.0,0.5,0.5,0,0,0.5,10,5,0.557,0.1,0.1429,0.6939,0.0612,0.2041,0.0,0.0,0.5,0.0,0.0,0.0,0.6931,0.0,completed,,0.363,15.373086
3193,-10.0,-8.86,0,0.0,0.0,2,960,70,150.0,0.0,150.0,1.0,0.0,0.0,0,0,0,0.0000,0.0,0.0000,0,1.0,0.0,1.0,2,2,2,0.0,0.0,0.0,0.0,0.0,0.0,0.0,0.0,0,0,1.0,1,1,0.4956,0.1,0.0,1.0,0.0,0.5,0.0,0.0,1.0,0.0,0.0,0.0,0.0,0.0,outer_patrol_a,road_edge,0.3627,15.373086
3194,86.0,49.3352,1,6.0,1.0,40,19200,40,137.1429,2.2895,139.4323,0.5714,1.75,0.15,0,0,0,0.0000,0.0,0.0000,0,0.8,0.2,0.825,32,33,40,0.4579,0.4579,3.5487,0.175,0.4286,0.1429,0.4286,0.5714,0,0,0.8,10,8,0.5476,0.1,0.075,0.775,0.025,0.25,0.0,0.0,0.8,0.0,0.0,0.0,1.0042,0.0,completed,,0.3624,15.752533
3195,86.0,49.4028,1,6.0,1.0,41,19680,41,137.5714,1.6444,139.2158,0.5857,1.7073,0.1463,0,0,0,0.0000,0.0,0.0000,0,0.8049,0.1951,0.8537,33,35,41,0.3289,0.3289,2.5488,0.1463,0.3333,0.0,0.6667,0.6667,0,0,0.75,8,6,0.5455,0.1,0.0732,0.8049,0.0244,0.1951,0.0,0.0,0.75,0.0,0.0,0.0,0.6365,0.0,completed,,0.3622,15.669607
3196,86.0,49.9934,1,6.0,1.0,40,19200,40,137.1429,1.5307,138.6735,0.5714,1.75,0.15,0,0,0,0.0000,0.0,0.0000,0,0.8,0.2,0.85,32,34,40,0.3061,0.3061,2.3725,0.15,0.3333,0.1667,0.5,0.6667,0,0,0.875,8,7,0.552,0.1,0.075,0.75,0.025,0.2,0.0,0.0,0.875,0.0,0.0,0.0,1.0114,0.0,completed,,0.3619,14.929849
3197,21.8788,10.6726,0,3.0,0.5,29,13920,70,150.0,2.3016,152.3016,1.0,1.2069,0.1034,0,0,0,0.0000,0.0,0.0000,0,0.8276,0.1724,0.8276,24,24,29,0.7672,0.7672,3.5674,0.1724,0.6,0.2,0.2,0.4,0,0,0.5385,13,7,0.6126,0.1,0.2414,0.8276,0.1379,0.4483,0.0,0.0,0.5385,0.0,0.0,0.0,0.9503,0.0,return_outer,obstacle,0.3616,15.633094
3198,86.0,54.2421,1,6.0,1.0,38,18240,38,136.2857,0.0,136.2857,0.5429,1.8421,0.1579,0,0,0,0.0000,0.0,0.0000,0,0.7895,0.2105,0.8158,30,31,38,0.0,0.0,0.0,0.1842,0.0,0.0,1.0,1.0,0,0,0.6,10,6,0.5581,0.1,0.1053,0.7368,0.0263,0.2632,0.0,0.0,0.6,0.0,0.0,0.0,-0.0,0.0,completed,,0.3613,15.421652
3199,63.8954,31.1685,0,5.0,0.8333,38,18240,70,150.0,0.8397,150.8397,1.0,1.5351,0.1316,1,0,1,0.0263,0.0,0.0263,0,0.8421,0.1579,0.8684,32,33,38,0.1679,0.1679,1.3016,0.1316,0.2,0.4,0.4,0.8,0,0,0.8889,9,8,0.5373,0.1,0.0263,0.7895,0.0,0.2368,0.0,0.0,0.8889,0.0,0.0,0.0,1.0549,0.0,final_park,wall,0.3611,15.59127
3200,86.0,53.1002,1,6.0,1.0,36,17280,36,135.4286,0.0,135.4286,0.5143,1.9444,0.1667,1,0,1,0.0278,0.0,0.0278,0,0.8333,0.1667,0.8611,30,31,36,0.0,0.0,0.0,0.1389,0.0,0.4,0.6,1.0,0,0,0.8571,7,6,0.5451,0.1,0.0556,0.7222,0.0,0.1944,0.0,0.0,0.8571,0.0,0.0,0.0,0.673,0.0,completed,,0.3608,13.123381
3201,5.5472,2.7059,0,1.0,0.1667,13,6240,70,150.0,0.0,150.0,1.0,0.8974,0.0769,0,0,0,0.0000,0.0,0.0000,0,0.9231,0.0769,0.9231,12,12,13,0.0,0.0,0.0,0.0769,0.0,1.0,0.0,1.0,0,0,0.5,2,1,0.5153,0.1,0.0769,0.6154,0.0,0.1538,0.0,0.0,0.5,0.0,0.0,0.0,-0.0,0.0,enter_inner,obstacle,0.3605,14.538784
3202,86.0,52.4434,1,6.0,1.0,45,21600,45,139.2857,0.0,139.2857,0.6429,1.5556,0.1333,1,0,1,0.0222,0.0,0.0222,0,0.7556,0.2444,0.8222,34,37,45,0.0,0.0,0.0,0.1778,0.0,0.0,1.0,1.0,0,0,0.3846,13,5,0.5733,0.1,0.1333,0.9111,0.0889,0.2889,0.0,0.0,0.3846,0.0,0.0,0.0,-0.0,0.0,completed,,0.3603,14.341904
3203,25.9744,12.6704,0,2.0,0.3333,22,10560,70,150.0,0.0,150.0,1.0,1.0606,0.0909,0,0,0,0.0000,0.0,0.0000,0,0.8182,0.1818,0.9091,18,20,22,0.0,0.0,0.0,0.0909,0.0,0.0,1.0,1.0,0,0,0.75,4,3,0.5302,0.1,0.0,0.9545,0.0,0.1818,0.0,0.0,0.75,0.0,0.0,0.0,-0.0,0.0,inner_patrol,obstacle,0.36,13.212019
3204,86.0,52.5529,1,6.0,1.0,38,18240,38,136.2857,0.0,136.2857,0.5429,1.8421,0.1579,0,0,0,0.0000,0.0,0.0000,0,0.8158,0.1842,0.8684,31,33,38,0.0,0.0,0.0,0.1316,0.0,0.2,0.8,1.0,0,0,0.75,12,9,0.54,0.1,0.0,0.8421,0.0,0.3158,0.0,0.0,0.75,0.0,0.0,0.0,0.5004,0.0,completed,,0.36,15.238014
3205,86.0,53.243,1,6.0,1.0,37,17760,37,135.8571,0.0,135.8571,0.5286,1.8919,0.1622,0,0,0,0.0000,0.0,0.0000,0,0.8378,0.1622,0.8649,31,32,37,0.0,0.0,0.0,0.1351,0.0,0.2,0.8,1.0,0,0,0.8,10,8,0.5546,0.1,0.0811,0.8108,0.027,0.2703,0.0,0.0,0.8,0.0,0.0,0.0,0.5004,0.0,completed,,0.36,14.988216
3206,86.0,52.2108,1,6.0,1.0,39,18720,39,136.7143,0.8574,137.5717,0.5571,1.7949,0.1538,1,0,1,0.0256,0.0,0.0256,0,0.8205,0.1795,0.8205,32,32,39,0.1715,0.1715,1.329,0.1795,0.1429,0.0,0.8571,0.8571,0,0,0.6667,12,8,0.5471,0.1,0.0769,0.7179,0.0,0.3077,0.0,0.0,0.6667,0.0,0.0,0.0,0.4101,0.0,completed,,0.36,14.506568
3207,86.0,50.4333,1,6.0,1.0,44,21120,44,138.8571,0.6814,139.5385,0.6286,1.5909,0.1364,0,0,0,0.0000,0.0,0.0000,0,0.7955,0.2045,0.8409,35,37,44,0.1363,0.1363,1.0561,0.1591,0.1429,0.1429,0.7143,0.8571,0,0,0.5714,14,8,0.5577,0.1,0.0909,0.7955,0.0455,0.3182,0.0,0.0,0.5714,0.0,0.0,0.0,0.7963,0.0,completed,,0.36,11.213532
3208,49.867,24.3254,0,4.0,0.6667,31,14880,70,150.0,0.8075,150.8075,1.0,1.5054,0.129,1,0,1,0.0323,0.0,0.0323,0,0.8387,0.1613,0.871,26,27,31,0.2019,0.2019,1.2516,0.129,0.25,0.0,0.75,0.75,0,0,0.8571,7,6,0.5456,0.1,0.0323,0.8065,0.0,0.2258,0.0,0.0,0.8571,0.0,0.0,0.0,0.5623,0.0,outer_patrol_b,road_edge,0.36,12.770873
3209,86.0,52.6661,1,6.0,1.0,36,17280,36,135.4286,0.7182,136.1468,0.5143,1.9444,0.1667,0,0,0,0.0000,0.0,0.0000,0,0.8056,0.1944,0.8333,29,30,36,0.1436,0.1436,1.1132,0.1667,0.1667,0.1667,0.6667,0.8333,0,0,1.0,7,7,0.54,0.1,0.0,0.8056,0.0,0.1944,0.0,0.0,1.0,0.0,0.0,0.0,0.8676,0.0,completed,,0.36,14.557945
3210,62.141,30.3127,0,5.0,0.8333,38,18240,70,150.0,1.5729,151.5729,1.0,1.5351,0.1316,0,0,0,0.0000,0.0,0.0000,0,0.7895,0.2105,0.8421,30,32,38,0.3146,0.3146,2.438,0.1579,0.3333,0.1667,0.5,0.6667,0,0,0.9,10,9,0.5369,0.1,0.1053,0.8158,0.0,0.2632,0.0,0.0,0.9,0.0,0.0,0.0,1.0114,0.0,final_park,wall,0.36,13.952347
3211,86.0,49.4806,1,6.0,1.0,41,19680,41,137.5714,2.2377,139.8091,0.5857,1.7073,0.1463,0,0,0,0.0000,0.0,0.0000,0,0.8049,0.1951,0.8049,33,33,41,0.4475,0.4475,3.4684,0.1951,0.375,0.125,0.5,0.625,0,0,0.7857,14,11,0.5727,0.1,0.122,0.8293,0.0488,0.3415,0.0,0.0,0.7857,0.0,0.0,0.0,0.9743,0.0,completed,,0.36,13.157699
3212,5.5468,2.7057,0,1.0,0.1667,13,6240,70,150.0,0.0,150.0,1.0,0.8974,0.0769,1,0,1,0.0769,0.0,0.0769,0,0.9231,0.0769,0.9231,12,12,13,0.0,0.0,0.0,0.0769,0.0,1.0,0.0,1.0,0,0,0.75,4,3,0.513,0.1,0.0769,0.8462,0.0,0.3077,0.0,0.0,0.75,0.0,0.0,0.0,-0.0,0.0,enter_inner,obstacle,0.36,13.935395
3213,86.0,52.4619,1,6.0,1.0,44,21120,44,138.8571,0.6906,139.5477,0.6286,1.5909,0.1364,0,0,0,0.0000,0.0,0.0000,0,0.7727,0.2273,0.7955,34,35,44,0.1381,0.1381,1.0704,0.2045,0.1111,0.0,0.8889,0.8889,0,0,0.5,16,8,0.5974,0.1,0.1591,0.9318,0.1136,0.3636,0.0,0.0,0.5,0.0,0.0,0.0,0.3488,0.0,completed,,0.36,13.630973
3214,86.0,53.2225,1,6.0,1.0,42,20160,42,138.0,0.0,138.0,0.6,1.6667,0.1429,1,0,1,0.0238,0.0,0.0238,0,0.7619,0.2381,0.7857,32,33,42,0.0,0.0,0.0,0.2143,0.0,0.1111,0.8889,1.0,0,0,0.4167,12,5,0.5707,0.1,0.1667,0.7381,0.0952,0.2857,0.0,0.0,0.4167,0.0,0.0,0.0,0.3488,0.0,completed,,0.36,17.200757
3215,43.4064,21.1738,0,4.0,0.6667,26,12480,70,150.0,0.6261,150.6261,1.0,1.7949,0.1538,0,0,0,0.0000,0.0,0.0000,0,0.8077,0.1923,0.8077,21,21,26,0.1565,0.1565,0.9704,0.1923,0.2,0.0,0.8,0.8,0,0,0.8571,7,6,0.5609,0.1,0.0769,0.8846,0.0,0.2692,0.0,0.0,0.8571,0.0,0.0,0.0,0.5004,0.0,outer_patrol_b,road_edge,0.36,17.552968
3216,86.0,52.4114,1,6.0,1.0,38,18240,38,136.2857,0.0,136.2857,0.5429,1.8421,0.1579,0,0,0,0.0000,0.0,0.0000,0,0.8421,0.1579,0.8684,32,33,38,0.0,0.0,0.0,0.1316,0.0,0.4,0.6,1.0,0,0,0.7,10,7,0.5419,0.1,0.0526,0.7368,0.0,0.2632,0.0,0.0,0.7,0.0,0.0,0.0,0.673,0.0,completed,,0.36,16.309004
3217,6.5943,3.2167,0,1.0,0.1667,13,6240,70,150.0,0.0,150.0,1.0,0.8974,0.0769,1,0,1,0.0769,0.0,0.0769,0,0.9231,0.0769,0.9231,12,12,13,0.0,0.0,0.0,0.0769,0.0,0.0,1.0,1.0,0,0,1.0,1,1,0.5011,0.1,0.0,0.6154,0.0,0.0769,0.0,0.0,1.0,0.0,0.0,0.0,-0.0,0.0,enter_inner,obstacle,0.36,15.514717
3218,86.0,51.8491,1,6.0,1.0,36,17280,36,135.4286,0.7433,136.1718,0.5143,1.9444,0.1667,0,0,0,0.0000,0.0,0.0000,0,0.8056,0.1944,0.8333,29,30,36,0.1487,0.1487,1.1521,0.1667,0.1667,0.3333,0.5,0.8333,0,0,1.0,10,10,0.5501,0.1,0.0833,0.7778,0.0556,0.2778,0.0,0.0,1.0,0.0,0.0,0.0,1.0114,0.0,completed,,0.36,12.030422
3219,-5.002,-2.44,0,0.0,0.0,8,3840,70,150.0,0.0,150.0,1.0,0.0,0.0,0,0,0,0.0000,0.0,0.0000,0,1.0,0.0,1.0,8,8,8,0.0,0.0,0.0,0.0,0.0,0.0,0.0,0.0,0,0,0.0,0,0,0.4844,0.1,0.0,0.25,0.0,0.0,0.0,0.0,0.0,0.0,0.0,0.0,0.0,0.0,outer_patrol_a,road_edge,0.36,11.083109
3220,86.0,51.2234,1,6.0,1.0,39,18720,39,136.7143,1.7372,138.4515,0.5571,1.7949,0.1538,1,0,1,0.0256,0.0,0.0256,0,0.8205,0.1795,0.8205,32,32,39,0.3474,0.3474,2.6927,0.1795,0.2857,0.1429,0.5714,0.7143,0,0,0.75,12,9,0.5767,0.1,0.1538,0.7436,0.0769,0.3077,0.0,0.0,0.75,0.0,0.0,0.0,0.9557,0.0,completed,,0.36,10.397734
3221,86.0,54.1663,1,6.0,1.0,36,17280,36,135.4286,0.0,135.4286,0.5143,1.9444,0.1667,1,0,1,0.0278,0.0,0.0278,0,0.8611,0.1389,0.8611,31,31,36,0.0,0.0,0.0,0.1389,0.0,0.0,1.0,1.0,0,0,0.9231,13,12,0.5524,0.1,0.0556,0.75,0.0,0.3611,0.0,0.0,0.9231,0.0,0.0,0.0,-0.0,0.0,completed,,0.36,10.858844
3222,41.0155,20.0075,0,4.0,0.6667,26,12480,70,150.0,0.0,150.0,1.0,1.7949,0.1538,0,0,0,0.0000,0.0,0.0000,0,0.8077,0.1923,0.8462,21,22,26,0.0,0.0,0.0,0.1538,0.0,0.0,1.0,1.0,0,0,0.7143,7,5,0.5436,0.1,0.0769,0.6923,0.0,0.2692,0.0,0.0,0.7143,0.0,0.0,0.0,-0.0,0.0,outer_patrol_b,road_edge,0.36,10.06456
3223,-1.2915,-0.63,0,0.0,0.0,11,5280,70,150.0,0.0,150.0,1.0,0.0,0.0,1,0,1,0.0909,0.0,0.0909,0,1.0,0.0,1.0,11,11,11,0.0,0.0,0.0,0.0,0.0,0.0,0.0,0.0,0,0,1.0,1,1,0.5054,0.1,0.0,0.4545,0.0,0.0909,0.0,0.0,1.0,0.0,0.0,0.0,0.0,0.0,outer_patrol_a,road_edge,0.36,10.674691
3224,-10.0,-9.93,0,0.0,0.0,1,480,70,150.0,0.0,150.0,1.0,0.0,0.0,0,0,0,0.0000,0.0,0.0000,0,1.0,0.0,1.0,1,1,1,0.0,0.0,0.0,0.0,0.0,0.0,0.0,0.0,0,0,0.0,0,0,0.5048,0.1,0.0,0.0,0.0,0.0,0.0,0.0,0.0,0.0,0.0,0.0,0.0,0.0,outer_patrol_a,road_edge,0.36,10.674691
3225,86.0,52.0638,1,6.0,1.0,38,18240,38,136.2857,0.8636,137.1493,0.5429,1.8421,0.1579,1,0,1,0.0263,0.0,0.0263,0,0.8158,0.1842,0.8421,31,32,38,0.1727,0.1727,1.3386,0.1579,0.1667,0.0,0.8333,0.8333,0,0,0.8,10,8,0.5392,0.1,0.0263,0.6316,0.0,0.2632,0.0,0.0,0.8,0.0,0.0,0.0,0.4506,0.0,completed,,0.36,9.41993
3226,86.0,53.6771,1,6.0,1.0,37,17760,37,135.8571,0.0,135.8571,0.5286,1.8919,0.1622,0,0,0,0.0000,0.0,0.0000,0,0.8378,0.1622,0.8649,31,32,37,0.0,0.0,0.0,0.1351,0.0,0.0,1.0,1.0,0,0,0.8462,13,11,0.553,0.1,0.0811,0.8108,0.0,0.3514,0.0,0.0,0.8462,0.0,0.0,0.0,-0.0,0.0,completed,,0.36,12.269127
3227,32.1535,15.6846,0,3.0,0.5,23,11040,70,150.0,0.0,150.0,1.0,1.5217,0.1304,0,0,0,0.0000,0.0,0.0000,0,0.8261,0.1739,0.8261,19,19,23,0.0,0.0,0.0,0.1739,0.0,0.25,0.75,1.0,0,0,0.5,6,3,0.5613,0.1,0.1739,0.8261,0.0435,0.2609,0.0,0.0,0.5,0.0,0.0,0.0,0.5623,0.0,return_outer,obstacle,0.36,11.992501
3228,4.0292,1.9655,0,1.0,0.1667,15,7200,70,150.0,0.0,150.0,1.0,0.7778,0.0667,0,0,0,0.0000,0.0,0.0000,0,0.8667,0.1333,0.9333,13,14,15,0.0,0.0,0.0,0.0667,0.0,1.0,0.0,1.0,0,0,0.5,4,2,0.5101,0.1,0.0667,0.8,0.0,0.2667,0.0,0.0,0.5,0.0,0.0,0.0,-0.0,0.0,enter_inner,obstacle,0.36,13.568748
3229,29.5781,14.4284,0,3.0,0.5,22,10560,70,150.0,0.7094,150.7094,1.0,1.5909,0.1364,0,0,0,0.0000,0.0,0.0000,0,0.8636,0.1364,0.8636,19,19,22,0.2365,0.2365,1.0996,0.1364,0.3333,0.3333,0.3333,0.6667,0,0,0.8,5,4,0.553,0.1,0.0909,0.7727,0.0455,0.2273,0.0,0.0,0.8,0.0,0.0,0.0,1.0986,0.0,return_outer,obstacle,0.36,15.966145
3230,86.0,52.545,1,6.0,1.0,36,17280,36,135.4286,0.7544,136.183,0.5143,1.9444,0.1667,0,0,0,0.0000,0.0,0.0000,0,0.8611,0.1389,0.8611,31,31,36,0.1509,0.1509,1.1693,0.1389,0.2,0.2,0.6,0.8,0,0,0.8889,9,8,0.5398,0.1,0.0833,0.7778,0.0,0.25,0.0,0.0,0.8889,0.0,0.0,0.0,0.9503,0.0,completed,,0.36,15.335807
3231,86.0,51.5197,1,6.0,1.0,39,18720,39,136.7143,1.4176,138.1319,0.5571,1.7949,0.1538,0,0,0,0.0000,0.0,0.0000,0,0.8205,0.1795,0.8205,32,32,39,0.2835,0.2835,2.1973,0.1795,0.2857,0.1429,0.5714,0.7143,0,0,0.8,15,12,0.5694,0.1,0.1026,0.8205,0.0513,0.3846,0.0,0.0,0.8,0.0,0.0,0.0,0.9557,0.0,completed,,0.36,13.015245
3232,34.8086,16.9798,0,4.0,0.6667,28,13440,70,150.0,1.5178,151.5178,1.0,1.6667,0.1429,0,0,0,0.0000,0.0,0.0000,0,0.6786,0.3214,0.8214,19,23,28,0.3795,0.3795,2.3527,0.1786,0.4,0.0,0.6,0.6,0,0,0.8571,7,6,0.5761,0.1,0.1071,0.8214,0.0714,0.25,0.0,0.0,0.8571,0.0,0.0,0.0,0.673,0.0,outer_patrol_b,road_edge,0.36,13.302904
3233,86.0,51.173,1,6.0,1.0,40,19200,40,137.1429,1.5858,138.7287,0.5714,1.75,0.15,0,0,0,0.0000,0.0,0.0000,0,0.8,0.2,0.825,32,33,40,0.3172,0.3172,2.458,0.175,0.2857,0.0,0.7143,0.7143,0,0,0.625,8,5,0.5652,0.1,0.125,0.625,0.025,0.2,0.0,0.0,0.625,0.0,0.0,0.0,0.5983,0.0,completed,,0.36,10.563922
3234,15.0524,7.3427,0,2.0,0.3333,16,7680,70,150.0,0.0,150.0,1.0,1.4583,0.125,0,0,0,0.0000,0.0,0.0000,0,0.8125,0.1875,0.875,13,14,16,0.0,0.0,0.0,0.125,0.0,0.5,0.5,1.0,0,0,0.8,5,4,0.5269,0.1,0.0625,0.8125,0.0,0.3125,0.0,0.0,0.8,0.0,0.0,0.0,0.6931,0.0,inner_patrol,obstacle,0.36,11.954444
3235,5.2671,2.5693,0,1.0,0.1667,14,6720,70,150.0,0.0,150.0,1.0,0.8333,0.0714,0,0,0,0.0000,0.0,0.0000,0,0.9286,0.0714,0.9286,13,13,14,0.0,0.0,0.0,0.0714,0.0,0.0,1.0,1.0,0,0,0.6,5,3,0.5321,0.1,0.0714,0.8571,0.0714,0.3571,0.0,0.0,0.6,0.0,0.0,0.0,-0.0,0.0,enter_inner,obstacle,0.36,12.741436
3236,86.0,51.0387,1,6.0,1.0,44,21120,44,138.8571,0.6564,139.5135,0.6286,1.5909,0.1364,0,0,0,0.0000,0.0,0.0000,0,0.8636,0.1364,0.8636,38,38,44,0.1313,0.1313,1.0174,0.1364,0.1667,0.0,0.8333,0.8333,0,0,0.5714,14,8,0.5604,0.1,0.1136,0.7273,0.0227,0.3182,0.0,0.0,0.5714,0.0,0.0,0.0,0.4506,0.0,completed,,0.36,14.21835
3237,86.0,49.771,1,6.0,1.0,41,19680,41,137.5714,2.1741,139.7455,0.5857,1.7073,0.1463,0,0,0,0.0000,0.0,0.0000,0,0.7805,0.2195,0.8049,32,33,41,0.4348,0.4348,3.3698,0.1951,0.375,0.125,0.5,0.625,0,0,0.8,15,12,0.5755,0.1,0.1707,0.7805,0.0488,0.3659,0.0,0.0,0.8,0.0,0.0,0.0,0.9743,0.0,completed,,0.36,14.170079
3238,25.5376,12.4574,0,3.0,0.5,26,12480,70,150.0,1.5093,151.5093,1.0,1.3462,0.1154,0,0,0,0.0000,0.0,0.0000,0,0.7692,0.2308,0.8077,20,21,26,0.5031,0.5031,2.3395,0.1923,0.4,0.0,0.6,0.6,0,0,0.7,10,7,0.5916,0.1,0.1923,0.7692,0.0769,0.3846,0.0,0.0,0.7,0.0,0.0,0.0,0.673,0.0,return_outer,obstacle,0.36,14.764133
3239,86.0,50.8158,1,6.0,1.0,43,20640,43,138.4286,1.327,139.7555,0.6143,1.6279,0.1395,1,0,1,0.0233,0.0,0.0233,0,0.7674,0.2326,0.7907,33,34,43,0.2654,0.2654,2.0568,0.2093,0.2222,0.1111,0.6667,0.7778,0,0,0.6429,14,9,0.5833,0.1,0.186,0.8605,0.0698,0.3256,0.0,0.0,0.6429,0.0,0.0,0.0,0.8487,0.0,completed,,0.36,13.450136
3240,19.927,9.7205,0,2.0,0.3333,20,9600,70,150.0,0.0,150.0,1.0,1.1667,0.1,0,0,0,0.0000,0.0,0.0000,0,0.75,0.25,0.85,15,17,20,0.0,0.0,0.0,0.15,0.0,0.0,1.0,1.0,0,0,0.6,5,3,0.5483,0.1,0.1,0.6,0.05,0.25,0.0,0.0,0.6,0.0,0.0,0.0,-0.0,0.0,inner_patrol,obstacle,0.36,13.220223
3241,53.5988,26.1457,0,4.0,0.6667,32,15360,70,150.0,0.8314,150.8314,1.0,1.4583,0.125,0,0,0,0.0000,0.0,0.0000,0,0.7812,0.2188,0.7812,25,25,32,0.2079,0.2079,1.2887,0.2188,0.1429,0.0,0.8571,0.8571,0,0,0.5556,9,5,0.56,0.1,0.0938,0.8438,0.0312,0.2812,0.0,0.0,0.5556,0.0,0.0,0.0,0.4101,0.0,outer_patrol_b,road_edge,0.36,11.953857
3242,86.0,51.9047,1,6.0,1.0,40,19200,40,137.1429,0.0,137.1429,0.5714,1.75,0.15,0,0,0,0.0000,0.0,0.0000,0,0.775,0.225,0.85,31,34,40,0.0,0.0,0.0,0.15,0.0,0.3333,0.6667,1.0,0,0,0.7778,9,7,0.5417,0.1,0.075,0.725,0.0,0.225,0.0,0.0,0.7778,0.0,0.0,0.0,0.6365,0.0,completed,,0.36,11.395012
3243,86.0,53.2527,1,6.0,1.0,35,16800,35,135.0,0.6827,135.6827,0.5,2.0,0.1714,1,0,1,0.0286,0.0,0.0286,0,0.8286,0.1714,0.8286,29,29,35,0.1365,0.1365,1.0582,0.1714,0.1667,0.1667,0.6667,0.8333,0,0,1.0,9,9,0.5614,0.1,0.0857,0.8,0.0286,0.2571,0.0,0.0,1.0,0.0,0.0,0.0,0.8676,0.0,completed,,0.36,11.99303
3244,86.0,54.4518,1,6.0,1.0,35,16800,35,135.0,0.0,135.0,0.5,2.0,0.1714,0,0,0,0.0000,0.0,0.0000,0,0.8286,0.1714,0.8286,29,29,35,0.0,0.0,0.0,0.1714,0.0,0.0,1.0,1.0,0,0,0.9,10,9,0.551,0.1,0.0571,0.7143,0.0286,0.2857,0.0,0.0,0.9,0.0,0.0,0.0,-0.0,0.0,completed,,0.36,14.42839
3245,86.0,52.2053,1,6.0,1.0,38,18240,38,136.2857,0.0,136.2857,0.5429,1.8421,0.1579,0,0,0,0.0000,0.0,0.0000,0,0.8684,0.1316,0.8684,33,33,38,0.0,0.0,0.0,0.1316,0.0,0.4,0.6,1.0,0,0,0.6667,9,6,0.5552,0.1,0.0526,0.7368,0.0263,0.2368,0.0,0.0,0.6667,0.0,0.0,0.0,0.673,0.0,completed,,0.36,16.162611
3246,86.0,47.5711,1,6.0,1.0,40,19200,40,137.1429,3.3407,140.4835,0.5714,1.75,0.15,0,0,0,0.0000,0.0,0.0000,0,0.8,0.2,0.825,32,33,40,0.6681,0.6681,5.178,0.175,0.5714,0.1429,0.2857,0.4286,0,0,0.8889,9,8,0.5569,0.1,0.1,0.775,0.025,0.225,0.0,0.0,0.8889,0.0,0.0,0.0,0.9557,0.0,completed,,0.36,20.289645
3247,86.0,51.9283,1,6.0,1.0,38,18240,38,136.2857,0.669,136.9547,0.5429,1.8421,0.1579,1,0,1,0.0263,0.0,0.0263,0,0.8158,0.1842,0.8421,31,32,38,0.1338,0.1338,1.0369,0.1579,0.1667,0.1667,0.6667,0.8333,0,0,0.8182,11,9,0.5621,0.1,0.0789,0.6842,0.0263,0.2895,0.0,0.0,0.8182,0.0,0.0,0.0,0.8676,0.0,completed,,0.36,18.428091
3248,14.4721,7.0595,0,2.0,0.3333,16,7680,70,150.0,0.0,150.0,1.0,1.4583,0.125,0,0,0,0.0000,0.0,0.0000,0,0.6875,0.3125,0.875,11,14,16,0.0,0.0,0.0,0.125,0.0,0.0,1.0,1.0,0,0,1.0,3,3,0.5095,0.1,0.0625,0.75,0.0,0.1875,0.0,0.0,1.0,0.0,0.0,0.0,-0.0,0.0,inner_patrol,obstacle,0.36,17.93117
3249,86.0,49.2014,1,6.0,1.0,44,21120,44,138.8571,1.5187,140.3759,0.6286,1.5909,0.1364,0,0,0,0.0000,0.0,0.0000,0,0.8636,0.1364,0.8636,38,38,44,0.3037,0.3037,2.354,0.1364,0.3333,0.0,0.6667,0.6667,0,0,0.6,15,9,0.55,0.1,0.0682,0.8409,0.0,0.3409,0.0,0.0,0.6,0.0,0.0,0.0,0.6365,0.0,completed,,0.36,16.16491
3250,86.0,49.405,1,6.0,1.0,43,20640,43,138.4286,1.5455,139.974,0.6143,1.6279,0.1395,0,0,0,0.0000,0.0,0.0000,0,0.7442,0.2558,0.814,32,35,43,0.3091,0.3091,2.3955,0.186,0.25,0.125,0.625,0.75,0,0,0.8182,11,9,0.5511,0.1,0.1163,0.7907,0.0233,0.2558,0.0,0.0,0.8182,0.0,0.0,0.0,0.9003,0.0,completed,,0.36,13.426675
3251,86.0,50.9117,1,6.0,1.0,40,19200,40,137.1429,1.5947,138.7376,0.5714,1.75,0.15,0,0,0,0.0000,0.0,0.0000,0,0.825,0.175,0.825,33,33,40,0.3189,0.3189,2.4718,0.175,0.2857,0.0,0.7143,0.7143,0,0,0.7143,14,10,0.5542,0.1,0.05,0.9,0.025,0.35,0.0,0.0,0.7143,0.0,0.0,0.0,0.5983,0.0,completed,,0.36,14.821101
3252,86.0,49.752,1,6.0,1.0,39,18720,39,136.7143,1.7471,138.4614,0.5571,1.7949,0.1538,0,0,0,0.0000,0.0,0.0000,0,0.8462,0.1538,0.8462,33,33,39,0.3494,0.3494,2.708,0.1538,0.3333,0.3333,0.3333,0.6667,0,0,0.875,8,7,0.551,0.1,0.1026,0.7692,0.0513,0.2051,0.0,0.0,0.875,0.0,0.0,0.0,1.0986,0.0,completed,,0.36,13.685884
3253,86.0,52.9139,1,6.0,1.0,37,17760,37,135.8571,0.8844,136.7415,0.5286,1.8919,0.1622,1,0,1,0.0270,0.0,0.0270,0,0.8108,0.1892,0.8378,30,31,37,0.1769,0.1769,1.3708,0.1622,0.1667,0.0,0.8333,0.8333,0,0,0.9,10,9,0.542,0.1,0.1081,0.8108,0.027,0.2703,0.0,0.0,0.9,0.0,0.0,0.0,0.4506,0.0,completed,,0.36,14.528443
3254,53.9433,26.3138,0,4.0,0.6667,33,15840,70,150.0,0.6285,150.6285,1.0,1.4141,0.1212,1,0,1,0.0303,0.0,0.0303,0,0.8485,0.1515,0.8788,28,29,33,0.1571,0.1571,0.9742,0.1212,0.25,0.25,0.5,0.75,0,0,1.0,2,2,0.5342,0.1,0.0303,0.697,0.0303,0.0606,0.0,0.0,1.0,0.0,0.0,0.0,1.0397,0.0,outer_patrol_b,road_edge,0.36,17.720861
3255,86.0,52.457,1,6.0,1.0,39,18720,39,136.7143,0.7755,137.4898,0.5571,1.7949,0.1538,0,0,0,0.0000,0.0,0.0000,0,0.7692,0.2308,0.8205,30,32,39,0.1551,0.1551,1.202,0.1795,0.1429,0.0,0.8571,0.8571,0,0,0.8235,17,14,0.5667,0.1,0.1026,0.7949,0.0513,0.4359,0.0,0.0,0.8235,0.0,0.0,0.0,0.4101,0.0,completed,,0.36,17.444063
3256,86.0,49.3519,1,6.0,1.0,41,19680,41,137.5714,2.3188,139.8902,0.5857,1.7073,0.1463,1,0,1,0.0244,0.0,0.0244,0,0.7805,0.2195,0.8049,32,33,41,0.4638,0.4638,3.5942,0.1951,0.375,0.125,0.5,0.625,0,0,0.8182,11,9,0.5699,0.1,0.122,0.8293,0.0488,0.2683,0.0,0.0,0.8182,0.0,0.0,0.0,0.9743,0.0,completed,,0.36,13.80236
3257,0.2255,0.11,0,0.0,0.0,13,6240,70,150.0,0.0,150.0,1.0,0.0,0.0,0,0,0,0.0000,0.0,0.0000,0,1.0,0.0,1.0,13,13,13,0.0,0.0,0.0,0.0,0.0,0.0,0.0,0.0,0,0,0.6667,6,4,0.5137,0.1,0.0,0.6154,0.0,0.4615,0.0,0.0,0.6667,0.0,0.0,0.0,0.0,0.0,outer_patrol_a,road_edge,0.36,15.699783
3258,21.2893,10.385,0,3.0,0.5,28,13440,70,150.0,2.3825,152.3825,1.0,1.25,0.1071,0,0,0,0.0000,0.0,0.0000,0,0.75,0.25,0.8214,21,23,28,0.7942,0.7942,3.6929,0.1786,0.6,0.2,0.2,0.4,0,0,0.625,8,5,0.5914,0.1,0.1071,0.8571,0.0714,0.2857,0.0,0.0,0.625,0.0,0.0,0.0,0.9503,0.0,return_outer,obstacle,0.36,15.575657
3259,86.0,48.205,1,6.0,1.0,46,22080,46,139.7143,2.6634,142.3777,0.6571,1.5217,0.1304,0,0,0,0.0000,0.0,0.0000,0,0.7391,0.2609,0.7826,34,36,46,0.5327,0.5327,4.1283,0.2174,0.4,0.1,0.5,0.6,0,0,0.7222,18,13,0.6003,0.1,0.1957,0.7391,0.1087,0.3913,0.0,0.0,0.7222,0.0,0.0,0.0,0.9433,0.0,completed,,0.36,12.949436
3260,86.0,52.1143,1,6.0,1.0,39,18720,39,136.7143,0.0,136.7143,0.5571,1.7949,0.1538,0,0,0,0.0000,0.0,0.0000,0,0.8462,0.1538,0.8718,33,34,39,0.0,0.0,0.0,0.1282,0.0,0.4,0.6,1.0,0,0,0.6,10,6,0.5418,0.1,0.1026,0.7692,0.0256,0.2564,0.0,0.0,0.6,0.0,0.0,0.0,0.673,0.0,completed,,0.36,13.651663
3261,17.5365,8.5544,0,2.0,0.3333,14,6720,70,150.0,0.0,150.0,1.0,1.6667,0.1429,1,0,1,0.0714,0.0,0.0714,0,0.8571,0.1429,0.8571,12,12,14,0.0,0.0,0.0,0.1429,0.0,0.0,1.0,1.0,0,0,1.0,2,2,0.5122,0.1,0.0714,0.7857,0.0,0.1429,0.0,0.0,1.0,0.0,0.0,0.0,-0.0,0.0,inner_patrol,obstacle,0.36,14.977469
3262,24.9577,12.1745,0,2.0,0.3333,20,9600,70,150.0,0.0,150.0,1.0,1.1667,0.1,1,0,1,0.0500,0.0,0.0500,0,0.9,0.1,0.9,18,18,20,0.0,0.0,0.0,0.1,0.0,0.0,1.0,1.0,0,0,0.6667,3,2,0.5315,0.1,0.05,0.7,0.0,0.15,0.0,0.0,0.6667,0.0,0.0,0.0,-0.0,0.0,inner_patrol,obstacle,0.36,15.507412
3263,86.0,52.3639,1,6.0,1.0,38,18240,38,136.2857,0.0,136.2857,0.5429,1.8421,0.1579,0,0,0,0.0000,0.0,0.0000,0,0.8421,0.1579,0.8684,32,33,38,0.0,0.0,0.0,0.1316,0.0,0.2,0.8,1.0,0,0,0.8571,7,6,0.5359,0.1,0.0526,0.7895,0.0263,0.1842,0.0,0.0,0.8571,0.0,0.0,0.0,0.5004,0.0,completed,,0.36,16.7623
3264,86.0,50.3697,1,6.0,1.0,42,20160,42,138.0,0.8419,138.8419,0.6,1.6667,0.1429,1,0,1,0.0238,0.0,0.0238,0,0.7619,0.2381,0.8333,32,35,42,0.1684,0.1684,1.305,0.1667,0.1429,0.0,0.8571,0.8571,0,0,0.6154,13,8,0.5585,0.1,0.119,0.7857,0.0476,0.3095,0.0,0.0,0.6154,0.0,0.0,0.0,0.4101,0.0,completed,,0.36,12.621174
3265,68.139,33.2386,0,5.0,0.8333,35,16800,70,150.0,0.8256,150.8256,1.0,1.6667,0.1429,1,0,1,0.0286,0.0,0.0286,0,0.8571,0.1429,0.8571,30,30,35,0.1651,0.1651,1.2796,0.1429,0.2,0.0,0.8,0.8,0,0,1.0,7,7,0.5353,0.1,0.0,0.7143,0.0,0.2,0.0,0.0,1.0,0.0,0.0,0.0,0.5004,0.0,final_park,wall,0.36,14.342601
3266,15.3437,7.4847,0,2.0,0.3333,17,8160,70,150.0,0.0,150.0,1.0,1.3725,0.1176,1,0,1,0.0588,0.0,0.0588,0,0.8235,0.1765,0.8824,14,15,17,0.0,0.0,0.0,0.1176,0.0,0.0,1.0,1.0,0,0,0.5,4,2,0.5251,0.1,0.0,0.5294,0.0,0.2353,0.0,0.0,0.5,0.0,0.0,0.0,-0.0,0.0,inner_patrol,obstacle,0.36,14.444372
3267,86.0,53.7024,1,6.0,1.0,38,18240,38,136.2857,0.0,136.2857,0.5429,1.8421,0.1579,1,0,1,0.0263,0.0,0.0263,0,0.7895,0.2105,0.8421,30,32,38,0.0,0.0,0.0,0.1579,0.0,0.0,1.0,1.0,0,0,0.7778,9,7,0.5489,0.1,0.0526,0.7105,0.0263,0.2368,0.0,0.0,0.7778,0.0,0.0,0.0,-0.0,0.0,completed,,0.36,13.743017
3268,6.5978,3.2184,0,1.0,0.1667,13,6240,70,150.0,0.0,150.0,1.0,0.8974,0.0769,1,0,1,0.0769,0.0,0.0769,0,0.9231,0.0769,0.9231,12,12,13,0.0,0.0,0.0,0.0769,0.0,0.0,1.0,1.0,0,0,1.0,1,1,0.5224,0.1,0.0,0.7692,0.0,0.0769,0.0,0.0,1.0,0.0,0.0,0.0,-0.0,0.0,enter_inner,obstacle,0.36,13.15874
3269,17.2269,8.4034,0,2.0,0.3333,16,7680,70,150.0,0.0,150.0,1.0,1.4583,0.125,0,0,0,0.0000,0.0,0.0000,0,0.8125,0.1875,0.8125,13,13,16,0.0,0.0,0.0,0.1875,0.0,0.0,1.0,1.0,0,0,0.75,4,3,0.5471,0.1,0.125,0.5,0.0625,0.25,0.0,0.0,0.75,0.0,0.0,0.0,-0.0,0.0,inner_patrol,obstacle,0.36,12.900143
3270,86.0,53.0245,1,6.0,1.0,39,18720,39,136.7143,0.0,136.7143,0.5571,1.7949,0.1538,0,0,0,0.0000,0.0,0.0000,0,0.8462,0.1538,0.8718,33,34,39,0.0,0.0,0.0,0.1282,0.0,0.0,1.0,1.0,0,0,0.75,12,9,0.5458,0.1,0.1026,0.8462,0.0,0.3077,0.0,0.0,0.75,0.0,0.0,0.0,-0.0,0.0,completed,,0.36,12.347545
3271,86.0,54.5046,1,6.0,1.0,35,16800,35,135.0,0.0,135.0,0.5,2.0,0.1714,1,0,1,0.0286,0.0,0.0286,0,0.8571,0.1429,0.8571,30,30,35,0.0,0.0,0.0,0.1429,0.0,0.0,1.0,1.0,0,0,0.9091,11,10,0.5511,0.1,0.0857,0.8,0.0,0.3143,0.0,0.0,0.9091,0.0,0.0,0.0,-0.0,0.0,completed,,0.36,11.971203
3272,86.0,48.2215,1,6.0,1.0,48,23040,48,140.5714,1.6251,142.1965,0.6857,1.4583,0.125,0,0,0,0.0000,0.0,0.0000,0,0.8125,0.1875,0.8542,39,41,48,0.325,0.325,2.5189,0.1458,0.2857,0.1429,0.5714,0.7143,0,0,0.4706,17,8,0.6013,0.1,0.2292,0.7708,0.125,0.3542,0.0,0.0,0.4706,0.0,0.0,0.0,0.9557,0.0,completed,,0.36,14.735102
3273,86.0,50.0133,1,6.0,1.0,40,19200,40,137.1429,2.5848,139.7276,0.5714,1.75,0.15,0,0,0,0.0000,0.0,0.0000,0,0.75,0.25,0.775,30,31,40,0.517,0.517,4.0064,0.225,0.3333,0.0,0.6667,0.6667,0,0,0.8182,11,9,0.5754,0.1,0.175,0.725,0.075,0.275,0.0,0.0,0.8182,0.0,0.0,0.0,0.6365,0.0,completed,,0.36,15.98664
3274,4.8681,2.3747,0,1.0,0.1667,14,6720,70,150.0,0.0,150.0,1.0,0.8333,0.0714,1,0,1,0.0714,0.0,0.0714,0,0.9286,0.0714,0.9286,13,13,14,0.0,0.0,0.0,0.0714,0.0,1.0,0.0,1.0,0,0,0.5,2,1,0.528,0.1,0.0,0.3571,0.0,0.1429,0.0,0.0,0.5,0.0,0.0,0.0,-0.0,0.0,enter_inner,obstacle,0.36,16.715473
3275,-9.389,-4.58,0,0.0,0.0,6,2880,70,150.0,0.0,150.0,1.0,0.0,0.0,0,0,0,0.0000,0.0,0.0000,0,1.0,0.0,1.0,6,6,6,0.0,0.0,0.0,0.0,0.0,0.0,0.0,0.0,0,0,0.0,1,0,0.5099,0.1,0.0,0.6667,0.0,0.1667,0.0,0.0,0.0,0.0,0.0,0.0,0.0,0.0,outer_patrol_a,road_edge,0.36,17.880124
3276,66.1728,32.2794,0,5.0,0.8333,37,17760,70,150.0,0.8219,150.8219,1.0,1.5766,0.1351,1,0,1,0.0270,0.0,0.0270,0,0.8649,0.1351,0.8649,32,32,37,0.1644,0.1644,1.274,0.1351,0.2,0.0,0.8,0.8,0,0,0.8889,9,8,0.5432,0.1,0.027,0.8108,0.0,0.2432,0.0,0.0,0.8889,0.0,0.0,0.0,0.5004,0.0,final_park,wall,0.36,16.938923
3277,5.9465,2.9007,0,1.0,0.1667,13,6240,70,150.0,0.0,150.0,1.0,0.8974,0.0769,1,0,1,0.0769,0.0,0.0769,0,0.9231,0.0769,0.9231,12,12,13,0.0,0.0,0.0,0.0769,0.0,0.0,1.0,1.0,0,0,0.5,2,1,0.5313,0.1,0.0769,0.5385,0.0769,0.1538,0.0,0.0,0.5,0.0,0.0,0.0,-0.0,0.0,enter_inner,obstacle,0.36,18.866507
3278,86.0,53.3557,1,6.0,1.0,38,18240,38,136.2857,0.0,136.2857,0.5429,1.8421,0.1579,0,0,0,0.0000,0.0,0.0000,0,0.8421,0.1579,0.8684,32,33,38,0.0,0.0,0.0,0.1316,0.0,0.0,1.0,1.0,0,0,0.6923,13,9,0.5475,0.1,0.1053,0.8158,0.0,0.3421,0.0,0.0,0.6923,0.0,0.0,0.0,-0.0,0.0,completed,,0.36,18.982492
3279,28.3608,13.8345,0,3.0,0.5,25,12000,70,150.0,0.6789,150.6789,1.0,1.4,0.12,0,0,0,0.0000,0.0,0.0000,0,0.8,0.2,0.84,20,21,25,0.2263,0.2263,1.0523,0.16,0.25,0.25,0.5,0.75,0,0,0.8,10,8,0.5693,0.1,0.08,0.88,0.04,0.4,0.0,0.0,0.8,0.0,0.0,0.0,1.0397,0.0,return_outer,obstacle,0.36,17.672659
3280,-5.002,-2.44,0,0.0,0.0,12,5760,70,150.0,0.0,150.0,1.0,0.0,0.0,0,0,0,0.0000,0.0,0.0000,0,0.9167,0.0833,1.0,11,12,12,0.0,0.0,0.0,0.0,0.0,0.0,0.0,0.0,0,0,0.5,2,1,0.4864,0.1,0.0,0.75,0.0,0.1667,0.0,0.0,0.5,0.0,0.0,0.0,0.0,0.0,outer_patrol_a,road_edge,0.36,18.760639
3281,27.7629,13.5429,0,3.0,0.5,23,11040,70,150.0,0.7361,150.7361,1.0,1.5217,0.1304,1,0,1,0.0435,0.0,0.0435,0,0.8696,0.1304,0.8696,20,20,23,0.2454,0.2454,1.1409,0.1304,0.3333,0.6667,0.0,0.6667,0,0,0.5,4,2,0.5387,0.1,0.087,0.9565,0.0,0.1739,0.0,0.0,0.5,0.0,0.0,0.0,0.6365,0.0,return_outer,obstacle,0.36,18.709443
3282,24.545,11.9732,0,3.0,0.5,26,12480,70,150.0,1.6488,151.6488,1.0,1.3462,0.1154,0,0,0,0.0000,0.0,0.0000,0,0.8077,0.1923,0.8462,21,22,26,0.5496,0.5496,2.5557,0.1538,0.5,0.0,0.5,0.5,0,0,0.6,5,3,0.5715,0.1,0.0769,0.7308,0.0385,0.1923,0.0,0.0,0.6,0.0,0.0,0.0,0.6931,0.0,return_outer,obstacle,0.36,17.868278
3283,86.0,52.3977,1,6.0,1.0,41,19680,41,137.5714,0.7476,138.319,0.5857,1.7073,0.1463,0,0,0,0.0000,0.0,0.0000,0,0.8049,0.1951,0.8049,33,33,41,0.1495,0.1495,1.1588,0.1951,0.125,0.125,0.75,0.875,0,0,0.5714,14,8,0.5732,0.1,0.122,0.7317,0.0732,0.3415,0.0,0.0,0.5714,0.0,0.0,0.0,0.7356,0.0,completed,,0.36,16.34396
3284,86.0,52.5106,1,6.0,1.0,38,18240,38,136.2857,0.8797,137.1655,0.5429,1.8421,0.1579,1,0,1,0.0263,0.0,0.0263,0,0.7895,0.2105,0.8158,30,31,38,0.1759,0.1759,1.3636,0.1842,0.1429,0.0,0.8571,0.8571,0,0,0.8333,6,5,0.5526,0.1,0.0789,0.7368,0.0263,0.1579,0.0,0.0,0.8333,0.0,0.0,0.0,0.4101,0.0,completed,,0.36,11.65933
3285,86.0,51.5346,1,6.0,1.0,41,19680,41,137.5714,0.8518,138.4232,0.5857,1.7073,0.1463,1,0,1,0.0244,0.0,0.0244,0,0.8049,0.1951,0.8049,33,33,41,0.1704,0.1704,1.3202,0.1951,0.125,0.125,0.75,0.875,0,0,0.6364,11,7,0.5647,0.1,0.0976,0.7073,0.0244,0.2683,0.0,0.0,0.6364,0.0,0.0,0.0,0.7356,0.0,completed,,0.36,14.120503
3286,38.8023,18.9279,0,4.0,0.6667,27,12960,70,150.0,0.8039,150.8039,1.0,1.7284,0.1481,1,0,1,0.0370,0.0,0.0370,0,0.7778,0.2222,0.8148,21,22,27,0.201,0.201,1.2461,0.1852,0.2,0.2,0.6,0.8,0,0,0.625,8,5,0.5755,0.1,0.1111,0.7778,0.0741,0.2963,0.0,0.0,0.625,0.0,0.0,0.0,0.9503,0.0,outer_patrol_b,road_edge,0.36,12.318426
3287,39.1111,19.0786,0,4.0,0.6667,25,12000,70,150.0,0.68,150.68,1.0,1.8667,0.16,0,0,0,0.0000,0.0,0.0000,0,0.76,0.24,0.76,19,19,25,0.17,0.17,1.054,0.24,0.1667,0.3333,0.5,0.8333,0,0,0.7143,7,5,0.5725,0.1,0.16,0.84,0.04,0.28,0.0,0.0,0.7143,0.0,0.0,0.0,1.0114,0.0,outer_patrol_b,road_edge,0.36,13.107126
3288,3.4102,1.6635,0,1.0,0.1667,17,8160,70,150.0,0.0,150.0,1.0,0.6863,0.0588,1,0,1,0.0588,0.0,0.0588,0,0.8235,0.1765,0.8824,14,15,17,0.0,0.0,0.0,0.1176,0.0,0.5,0.5,1.0,0,0,0.2,5,1,0.5305,0.1,0.1176,0.5882,0.0,0.2941,0.0,0.0,0.2,0.0,0.0,0.0,0.6931,0.0,enter_inner,obstacle,0.36,12.494846
3289,86.0,49.9123,1,6.0,1.0,43,20640,43,138.4286,1.4749,139.9035,0.6143,1.6279,0.1395,1,0,1,0.0233,0.0,0.0233,0,0.7674,0.2326,0.8372,33,36,43,0.295,0.295,2.2861,0.1628,0.2857,0.0,0.7143,0.7143,0,0,0.6154,13,8,0.5612,0.1,0.1395,0.7907,0.0233,0.3023,0.0,0.0,0.6154,0.0,0.0,0.0,0.5983,0.0,completed,,0.36,11.916702
3290,86.0,53.5567,1,6.0,1.0,38,18240,38,136.2857,0.0,136.2857,0.5429,1.8421,0.1579,1,0,1,0.0263,0.0,0.0263,0,0.8158,0.1842,0.8421,31,32,38,0.0,0.0,0.0,0.1579,0.0,0.0,1.0,1.0,0,0,0.7273,11,8,0.5472,0.1,0.0789,0.7368,0.0263,0.2895,0.0,0.0,0.7273,0.0,0.0,0.0,-0.0,0.0,completed,,0.36,13.949241
3291,86.0,49.9912,1,6.0,1.0,43,20640,43,138.4286,1.6874,140.116,0.6143,1.6279,0.1395,0,0,0,0.0000,0.0,0.0000,0,0.7907,0.2093,0.8372,34,36,43,0.3375,0.3375,2.6154,0.1628,0.2857,0.0,0.7143,0.7143,0,0,0.7059,17,12,0.5999,0.1,0.1395,0.8605,0.1163,0.3953,0.0,0.0,0.7059,0.0,0.0,0.0,0.5983,0.0,completed,,0.36,14.142848
3292,86.0,49.7236,1,6.0,1.0,42,20160,42,138.0,2.4792,140.4792,0.6,1.6667,0.1429,1,0,1,0.0238,0.0,0.0238,0,0.7619,0.2381,0.7857,32,33,42,0.4958,0.4958,3.8427,0.2143,0.3333,0.0,0.6667,0.6667,0,0,0.625,8,5,0.574,0.1,0.119,0.6905,0.0952,0.1905,0.0,0.0,0.625,0.0,0.0,0.0,0.6365,0.0,completed,,0.36,16.9628
3293,2.838,1.3844,0,1.0,0.1667,17,8160,70,150.0,0.0,150.0,1.0,0.6863,0.0588,1,0,1,0.0588,0.0,0.0588,0,0.9412,0.0588,0.9412,16,16,17,0.0,0.0,0.0,0.0588,0.0,1.0,0.0,1.0,0,0,0.5,6,3,0.5311,0.1,0.0588,0.6471,0.0,0.3529,0.0,0.0,0.5,0.0,0.0,0.0,-0.0,0.0,enter_inner,obstacle,0.36,16.54527
3294,86.0,49.3982,1,6.0,1.0,40,19200,40,137.1429,2.0288,139.1717,0.5714,1.75,0.15,0,0,0,0.0000,0.0,0.0000,0,0.8,0.2,0.85,32,34,40,0.4058,0.4058,3.1447,0.15,0.5,0.0,0.5,0.5,0,0,0.7778,9,7,0.5403,0.1,0.05,0.775,0.0,0.225,0.0,0.0,0.7778,0.0,0.0,0.0,0.6931,0.0,completed,,0.36,15.718467
3295,-10.0,-5.98,0,0.0,0.0,6,2880,70,150.0,0.0,150.0,1.0,0.0,0.0,0,0,0,0.0000,0.0,0.0000,0,1.0,0.0,1.0,6,6,6,0.0,0.0,0.0,0.0,0.0,0.0,0.0,0.0,0,0,0.5,2,1,0.5154,0.1,0.0,0.6667,0.0,0.3333,0.0,0.0,0.5,0.0,0.0,0.0,0.0,0.0,outer_patrol_a,road_edge,0.36,15.667373
3296,86.0,45.6449,1,6.0,1.0,45,21600,45,139.2857,3.756,143.0417,0.6429,1.5556,0.1333,0,0,0,0.0000,0.0,0.0000,0,0.8,0.2,0.8222,36,37,45,0.7512,0.7512,5.8218,0.1778,0.625,0.125,0.25,0.375,0,0,0.7333,15,11,0.5676,0.1,0.1556,0.7333,0.0444,0.3333,0.0,0.0,0.7333,0.0,0.0,0.0,0.9003,0.0,completed,,0.36,14.484087
3297,86.0,50.5712,1,6.0,1.0,40,19200,40,137.1429,1.4833,138.6262,0.5714,1.75,0.15,1,0,1,0.0250,0.0,0.0250,0,0.8,0.2,0.825,32,33,40,0.2967,0.2967,2.2992,0.175,0.2857,0.1429,0.5714,0.7143,0,0,0.75,12,9,0.5482,0.1,0.1,0.9,0.025,0.3,0.0,0.0,0.75,0.0,0.0,0.0,0.9557,0.0,completed,,0.36,14.055071
3298,86.0,50.6113,1,6.0,1.0,38,18240,38,136.2857,2.2035,138.4892,0.5429,1.8421,0.1579,1,0,1,0.0263,0.0,0.0263,0,0.7895,0.2105,0.7895,30,30,38,0.4407,0.4407,3.4154,0.2105,0.375,0.125,0.5,0.625,0,0,0.9,10,9,0.5792,0.1,0.1316,0.8684,0.0789,0.2632,0.0,0.0,0.9,0.0,0.0,0.0,0.9743,0.0,completed,,0.36,18.333421
3299,86.0,50.9451,1,6.0,1.0,38,18240,38,136.2857,1.5144,137.8002,0.5429,1.8421,0.1579,1,0,1,0.0263,0.0,0.0263,0,0.8158,0.1842,0.8158,31,31,38,0.3029,0.3029,2.3474,0.1842,0.2857,0.1429,0.5714,0.7143,0,0,0.9091,11,10,0.5567,0.1,0.1053,0.7368,0.0263,0.2895,0.0,0.0,0.9091,0.0,0.0,0.0,0.9557,0.0,completed,,0.36,18.714099
3300,86.0,48.5364,1,6.0,1.0,42,20160,42,138.0,2.0471,140.0471,0.6,1.6667,0.1429,1,0,1,0.0238,0.0,0.0238,0,0.7381,0.2619,0.8333,31,35,42,0.4094,0.4094,3.173,0.1667,0.4286,0.1429,0.4286,0.5714,0,0,0.8125,16,13,0.5554,0.1,0.0952,0.881,0.0,0.381,0.0,0.0,0.8125,0.0,0.0,0.0,1.0042,0.0,completed,,0.36,16.555549
3301,86.0,51.059,1,6.0,1.0,44,21120,44,138.8571,0.0,138.8571,0.6286,1.5909,0.1364,0,0,0,0.0000,0.0,0.0000,0,0.7727,0.2273,0.8636,34,38,44,0.0,0.0,0.0,0.1591,0.0,0.1429,0.8571,1.0,0,0,0.5882,17,10,0.5648,0.1,0.1364,0.7727,0.0455,0.3864,0.0,0.0,0.5882,0.0,0.0,0.0,0.4101,0.0,completed,,0.36,13.112976
3302,86.0,45.9867,1,6.0,1.0,54,25920,54,143.1429,2.0476,145.1904,0.7714,1.2963,0.1111,0,0,0,0.0000,0.0,0.0000,0,0.7778,0.2222,0.8333,42,45,54,0.4095,0.4095,3.1738,0.1667,0.3333,0.1111,0.5556,0.6667,0,0,0.4286,21,9,0.6037,0.1,0.2222,0.7407,0.1296,0.3889,0.0,0.0,0.4286,0.0,0.0,0.0,0.9369,0.0,completed,,0.36,13.199192
3303,31.8586,15.5408,0,3.0,0.5,23,11040,70,150.0,0.0,150.0,1.0,1.5217,0.1304,1,0,1,0.0435,0.0,0.0435,0,0.8261,0.1739,0.8261,19,19,23,0.0,0.0,0.0,0.1739,0.0,0.25,0.75,1.0,0,0,0.8333,6,5,0.5526,0.1,0.0435,0.7391,0.0,0.2609,0.0,0.0,0.8333,0.0,0.0,0.0,0.5623,0.0,return_outer,obstacle,0.36,14.755188
3304,86.0,54.1815,1,6.0,1.0,38,18240,38,136.2857,0.0,136.2857,0.5429,1.8421,0.1579,0,0,0,0.0000,0.0,0.0000,0,0.8158,0.1842,0.8158,31,31,38,0.0,0.0,0.0,0.1842,0.0,0.1429,0.8571,1.0,0,0,0.6667,9,6,0.5718,0.1,0.1316,0.6842,0.0789,0.2368,0.0,0.0,0.6667,0.0,0.0,0.0,0.4101,0.0,completed,,0.36,11.549041
3305,86.0,53.1577,1,6.0,1.0,38,18240,38,136.2857,0.7716,137.0573,0.5429,1.8421,0.1579,1,0,1,0.0263,0.0,0.0263,0,0.7895,0.2105,0.8158,30,31,38,0.1543,0.1543,1.196,0.1842,0.1429,0.0,0.8571,0.8571,0,0,0.7273,11,8,0.5633,0.1,0.1053,0.7895,0.0526,0.2895,0.0,0.0,0.7273,0.0,0.0,0.0,0.4101,0.0,completed,,0.36,10.654823
3306,86.0,53.8639,1,6.0,1.0,39,18720,39,136.7143,0.0,136.7143,0.5571,1.7949,0.1538,1,0,1,0.0256,0.0,0.0256,0,0.7949,0.2051,0.8205,31,32,39,0.0,0.0,0.0,0.1795,0.0,0.1429,0.8571,1.0,0,0,0.6667,12,8,0.5735,0.1,0.1282,0.8205,0.0769,0.3077,0.0,0.0,0.6667,0.0,0.0,0.0,0.4101,0.0,completed,,0.36,12.535606
3307,62.4632,30.4699,0,5.0,0.8333,38,18240,70,150.0,1.5972,151.5972,1.0,1.5351,0.1316,0,0,0,0.0000,0.0,0.0000,0,0.8158,0.1842,0.8421,31,32,38,0.3194,0.3194,2.4756,0.1579,0.3333,0.1667,0.5,0.6667,0,0,0.875,8,7,0.544,0.1,0.0789,0.8158,0.0263,0.2105,0.0,0.0,0.875,0.0,0.0,0.0,1.0114,0.0,final_park,wall,0.36,13.802358
3308,86.0,52.2399,1,6.0,1.0,37,17760,37,135.8571,0.6884,136.5456,0.5286,1.8919,0.1622,0,0,0,0.0000,0.0,0.0000,0,0.7838,0.2162,0.8378,29,31,37,0.1377,0.1377,1.0671,0.1622,0.1667,0.1667,0.6667,0.8333,0,0,1.0,6,6,0.535,0.1,0.027,0.7297,0.0,0.1622,0.0,0.0,1.0,0.0,0.0,0.0,0.8676,0.0,completed,,0.36,15.483623
3309,86.0,47.5672,1,6.0,1.0,43,20640,43,138.4286,3.3435,141.772,0.6143,1.6279,0.1395,1,0,1,0.0233,0.0,0.0233,0,0.7674,0.2326,0.7907,33,34,43,0.6687,0.6687,5.1824,0.2093,0.5556,0.0,0.4444,0.4444,0,0,0.7273,11,8,0.5763,0.1,0.186,0.8605,0.093,0.2558,0.0,0.0,0.7273,0.0,0.0,0.0,0.687,0.0,completed,,0.36,16.612697
3310,86.0,52.5882,1,6.0,1.0,37,17760,37,135.8571,0.6998,136.557,0.5286,1.8919,0.1622,0,0,0,0.0000,0.0,0.0000,0,0.8108,0.1892,0.8108,30,30,37,0.14,0.14,1.0848,0.1892,0.1429,0.1429,0.7143,0.8571,0,0,0.875,8,7,0.5451,0.1,0.1351,0.7297,0.0,0.2162,0.0,0.0,0.875,0.0,0.0,0.0,0.7963,0.0,completed,,0.36,19.411655
3311,86.0,54.5108,1,6.0,1.0,35,16800,35,135.0,0.0,135.0,0.5,2.0,0.1714,1,0,1,0.0286,0.0,0.0286,0,0.8571,0.1429,0.8571,30,30,35,0.0,0.0,0.0,0.1429,0.0,0.0,1.0,1.0,0,0,0.9231,13,12,0.5468,0.1,0.0857,0.8571,0.0,0.3714,0.0,0.0,0.9231,0.0,0.0,0.0,-0.0,0.0,completed,,0.36,18.235786
3312,86.0,49.0955,1,6.0,1.0,43,20640,43,138.4286,2.0827,140.5113,0.6143,1.6279,0.1395,0,0,0,0.0000,0.0,0.0000,0,0.7442,0.2558,0.7907,32,34,43,0.4165,0.4165,3.2282,0.2093,0.3333,0.2222,0.4444,0.6667,0,0,0.7647,17,13,0.5775,0.1,0.186,0.8605,0.0698,0.3953,0.0,0.0,0.7647,0.0,0.0,0.0,1.0609,0.0,completed,,0.36,13.084124
3313,14.3785,7.0139,0,2.0,0.3333,17,8160,70,150.0,0.0,150.0,1.0,1.3725,0.1176,0,0,0,0.0000,0.0,0.0000,0,0.8235,0.1765,0.8824,14,15,17,0.0,0.0,0.0,0.1176,0.0,0.5,0.5,1.0,0,0,0.3333,3,1,0.5286,0.1,0.0,0.7647,0.0,0.1765,0.0,0.0,0.3333,0.0,0.0,0.0,0.6931,0.0,inner_patrol,obstacle,0.36,12.102481
3314,3.0219,1.4741,0,1.0,0.1667,16,7680,70,150.0,0.0,150.0,1.0,0.7292,0.0625,0,0,0,0.0000,0.0,0.0000,0,0.75,0.25,0.9375,12,15,16,0.0,0.0,0.0,0.0625,0.0,1.0,0.0,1.0,0,0,0.5,2,1,0.5067,0.1,0.0625,0.75,0.0,0.125,0.0,0.0,0.5,0.0,0.0,0.0,-0.0,0.0,enter_inner,obstacle,0.36,11.38889
3315,28.4027,13.855,0,3.0,0.5,24,11520,70,150.0,0.7721,150.7721,1.0,1.4583,0.125,0,0,0,0.0000,0.0,0.0000,0,0.7917,0.2083,0.7917,19,19,24,0.2574,0.2574,1.1968,0.2083,0.2,0.2,0.6,0.8,0,0,0.7,10,7,0.5975,0.1,0.2083,0.8333,0.125,0.4167,0.0,0.0,0.7,0.0,0.0,0.0,0.9503,0.0,return_outer,obstacle,0.36,11.382966
3316,5.9489,2.9019,0,1.0,0.1667,13,6240,70,150.0,0.0,150.0,1.0,0.8974,0.0769,1,0,1,0.0769,0.0,0.0769,0,0.9231,0.0769,0.9231,12,12,13,0.0,0.0,0.0,0.0769,0.0,0.0,1.0,1.0,0,0,0.8333,6,5,0.5459,0.1,0.0769,0.7692,0.0769,0.4615,0.0,0.0,0.8333,0.0,0.0,0.0,-0.0,0.0,enter_inner,obstacle,0.36,9.862065
3317,86.0,52.9647,1,6.0,1.0,38,18240,38,136.2857,0.7,136.9857,0.5429,1.8421,0.1579,0,0,0,0.0000,0.0,0.0000,0,0.8158,0.1842,0.8158,31,31,38,0.14,0.14,1.085,0.1842,0.1429,0.1429,0.7143,0.8571,0,0,0.7273,11,8,0.5736,0.1,0.1316,0.7368,0.0526,0.2895,0.0,0.0,0.7273,0.0,0.0,0.0,0.7963,0.0,completed,,0.36,13.595699
3318,32.5291,15.8678,0,3.0,0.5,25,12000,70,150.0,0.0,150.0,1.0,1.4,0.12,0,0,0,0.0000,0.0,0.0000,0,0.72,0.28,0.76,18,19,25,0.0,0.0,0.0,0.2,0.0,0.0,1.0,1.0,0,0,0.6364,11,7,0.5984,0.1,0.2,0.88,0.12,0.44,0.0,0.0,0.6364,0.0,0.0,0.0,-0.0,0.0,return_outer,red_light,0.36,14.316758
3319,86.0,48.2189,1,6.0,1.0,47,22560,47,140.1429,3.091,143.2339,0.6714,1.4894,0.1277,0,0,0,0.0000,0.0,0.0000,0,0.7872,0.2128,0.7872,37,37,47,0.6182,0.6182,4.791,0.2128,0.4,0.0,0.6,0.6,0,0,0.5909,22,13,0.605,0.1,0.1915,0.8511,0.1277,0.4681,0.0,0.0,0.5909,0.0,0.0,0.0,0.673,0.0,completed,,0.36,15.263464
3320,4.0262,1.964,0,1.0,0.1667,15,7200,70,150.0,0.0,150.0,1.0,0.7778,0.0667,0,0,0,0.0000,0.0,0.0000,0,0.8667,0.1333,0.9333,13,14,15,0.0,0.0,0.0,0.0667,0.0,1.0,0.0,1.0,0,0,0.0,2,0,0.514,0.1,0.0667,0.6667,0.0,0.1333,0.0,0.0,0.0,0.0,0.0,0.0,-0.0,0.0,enter_inner,obstacle,0.36,15.837263
3321,38.1508,18.6102,0,4.0,0.6667,29,13920,70,150.0,0.7639,150.7639,1.0,1.6092,0.1379,1,0,1,0.0345,0.0,0.0345,0,0.7931,0.2069,0.8276,23,24,29,0.191,0.191,1.184,0.1724,0.2,0.0,0.8,0.8,0,0,0.4444,9,4,0.5533,0.1,0.1034,0.8276,0.0345,0.3103,0.0,0.0,0.4444,0.0,0.0,0.0,0.5004,0.0,outer_patrol_b,road_edge,0.36,13.810943
3322,86.0,54.0224,1,6.0,1.0,36,17280,36,135.4286,0.0,135.4286,0.5143,1.9444,0.1667,0,0,0,0.0000,0.0,0.0000,0,0.8333,0.1667,0.8611,30,31,36,0.0,0.0,0.0,0.1389,0.0,0.0,1.0,1.0,0,0,0.5,2,1,0.5359,0.1,0.0556,0.8333,0.0,0.0556,0.0,0.0,0.5,0.0,0.0,0.0,-0.0,0.0,completed,,0.36,15.412997
3323,86.0,49.3857,1,6.0,1.0,46,22080,46,139.7143,1.5554,141.2696,0.6571,1.5217,0.1304,0,0,0,0.0000,0.0,0.0000,0,0.7609,0.2391,0.8043,35,37,46,0.3111,0.3111,2.4108,0.1957,0.2222,0.1111,0.6667,0.7778,0,0,0.5294,17,9,0.5849,0.1,0.1304,0.6957,0.087,0.3696,0.0,0.0,0.5294,0.0,0.0,0.0,0.8487,0.0,completed,,0.36,16.905817
3324,86.0,52.2285,1,6.0,1.0,40,19200,40,137.1429,0.0,137.1429,0.5714,1.75,0.15,0,0,0,0.0000,0.0,0.0000,0,0.85,0.15,0.875,34,35,40,0.0,0.0,0.0,0.125,0.0,0.2,0.8,1.0,0,0,0.6364,11,7,0.5426,0.1,0.05,0.675,0.0,0.275,0.0,0.0,0.6364,0.0,0.0,0.0,0.5004,0.0,completed,,0.36,18.831608
3325,86.0,44.9745,1,6.0,1.0,52,24960,52,142.2857,3.414,145.6997,0.7429,1.3462,0.1154,0,0,0,0.0000,0.0,0.0000,0,0.7885,0.2115,0.8462,41,44,52,0.6828,0.6828,5.2916,0.1538,0.625,0.0,0.375,0.375,0,0,0.3889,18,7,0.6243,0.1,0.2885,0.7692,0.1538,0.3462,0.0,0.0,0.3889,0.0,0.0,0.0,0.6616,0.0,completed,,0.36,16.816444
3326,39.2315,19.1373,0,4.0,0.6667,24,11520,70,150.0,0.7244,150.7244,1.0,1.9444,0.1667,0,0,0,0.0000,0.0,0.0000,0,0.8333,0.1667,0.8333,20,20,24,0.1811,0.1811,1.1229,0.1667,0.25,0.25,0.5,0.75,0,0,0.8571,7,6,0.5687,0.1,0.125,0.7917,0.0417,0.2917,0.0,0.0,0.8571,0.0,0.0,0.0,1.0397,0.0,outer_patrol_b,road_edge,0.36,15.288638
3327,86.0,53.3871,1,6.0,1.0,36,17280,36,135.4286,0.0,135.4286,0.5143,1.9444,0.1667,0,0,0,0.0000,0.0,0.0000,0,0.8333,0.1667,0.8611,30,31,36,0.0,0.0,0.0,0.1389,0.0,0.0,1.0,1.0,0,0,0.8889,9,8,0.5418,0.1,0.0278,0.8333,0.0,0.25,0.0,0.0,0.8889,0.0,0.0,0.0,-0.0,0.0,completed,,0.36,10.780365
3328,86.0,51.881,1,6.0,1.0,40,19200,40,137.1429,0.8672,138.01,0.5714,1.75,0.15,0,0,0,0.0000,0.0,0.0000,0,0.825,0.175,0.85,33,34,40,0.1734,0.1734,1.3441,0.15,0.1667,0.0,0.8333,0.8333,0,0,0.5,8,4,0.5472,0.1,0.1,0.825,0.025,0.2,0.0,0.0,0.5,0.0,0.0,0.0,0.4506,0.0,completed,,0.36,9.831734
3329,-5.8425,-2.85,0,0.0,0.0,9,4320,70,150.0,0.0,150.0,1.0,0.0,0.0,0,0,0,0.0000,0.0,0.0000,0,0.8889,0.1111,1.0,8,9,9,0.0,0.0,0.0,0.0,0.0,0.0,0.0,0.0,0,0,0.6667,3,2,0.5064,0.1,0.0,0.7778,0.0,0.3333,0.0,0.0,0.6667,0.0,0.0,0.0,0.0,0.0,outer_patrol_a,road_edge,0.36,10.742906
3330,69.5061,33.9054,0,5.0,0.8333,36,17280,70,150.0,0.0,150.0,1.0,1.6204,0.1389,1,0,1,0.0278,0.0,0.0278,0,0.8333,0.1667,0.8333,30,30,36,0.0,0.0,0.0,0.1667,0.0,0.1667,0.8333,1.0,0,0,0.8,10,8,0.554,0.1,0.0833,0.8333,0.0278,0.2778,0.0,0.0,0.8,0.0,0.0,0.0,0.4506,0.0,final_park,wall,0.36,12.518046
3331,86.0,52.7897,1,6.0,1.0,37,17760,37,135.8571,0.0,135.8571,0.5286,1.8919,0.1622,1,0,1,0.0270,0.0,0.0270,0,0.8378,0.1622,0.8649,31,32,37,0.0,0.0,0.0,0.1351,0.0,0.0,1.0,1.0,0,0,0.8889,9,8,0.5492,0.1,0.0541,0.7568,0.0,0.2432,0.0,0.0,0.8889,0.0,0.0,0.0,-0.0,0.0,completed,,0.36,14.847748
3332,32.847,16.0229,0,3.0,0.5,22,10560,70,150.0,0.0,150.0,1.0,1.5909,0.1364,0,0,0,0.0000,0.0,0.0000,0,0.8182,0.1818,0.8182,18,18,22,0.0,0.0,0.0,0.1818,0.0,0.25,0.75,1.0,0,0,0.75,8,6,0.5913,0.1,0.1364,0.8636,0.0909,0.3636,0.0,0.0,0.75,0.0,0.0,0.0,0.5623,0.0,return_outer,obstacle,0.36,17.204107
3333,3.2439,1.5824,0,1.0,0.1667,17,8160,70,150.0,0.0,150.0,1.0,0.6863,0.0588,0,0,0,0.0000,0.0,0.0000,0,0.9412,0.0588,0.9412,16,16,17,0.0,0.0,0.0,0.0588,0.0,0.0,1.0,1.0,0,0,0.25,4,1,0.5127,0.1,0.0588,0.8235,0.0,0.2353,0.0,0.0,0.25,0.0,0.0,0.0,-0.0,0.0,enter_inner,obstacle,0.36,20.123964
3334,-10.0,-6.72,0,0.0,0.0,4,1920,70,150.0,0.0,150.0,1.0,0.0,0.0,1,0,1,0.2500,0.0,0.2500,0,1.0,0.0,1.0,4,4,4,0.0,0.0,0.0,0.0,0.0,0.0,0.0,0.0,0,0,1.0,1,1,0.506,0.1,0.0,0.75,0.0,0.25,0.0,0.0,1.0,0.0,0.0,0.0,0.0,0.0,outer_patrol_a,road_edge,0.36,19.603578
3335,67.1581,32.7601,0,5.0,0.8333,39,18720,70,150.0,0.0,150.0,1.0,1.4957,0.1282,0,0,0,0.0000,0.0,0.0000,0,0.8205,0.1795,0.8462,32,33,39,0.0,0.0,0.0,0.1538,0.0,0.1667,0.8333,1.0,0,0,0.7333,15,11,0.5627,0.1,0.1282,0.7949,0.0256,0.3846,0.0,0.0,0.7333,0.0,0.0,0.0,0.4506,0.0,final_park,wall,0.36,17.434659
3336,38.7027,18.8793,0,4.0,0.6667,28,13440,70,150.0,0.671,150.671,1.0,1.6667,0.1429,1,0,1,0.0357,0.0,0.0357,0,0.7857,0.2143,0.7857,22,22,28,0.1678,0.1678,1.0401,0.2143,0.1667,0.1667,0.6667,0.8333,0,0,0.4444,9,4,0.5826,0.1,0.1786,0.7857,0.0714,0.3214,0.0,0.0,0.4444,0.0,0.0,0.0,0.8676,0.0,outer_patrol_b,road_edge,0.36,15.890672
3337,11.796,5.7542,0,2.0,0.3333,18,8640,70,150.0,0.7626,150.7626,1.0,1.2963,0.1111,0,0,0,0.0000,0.0,0.0000,0,0.8889,0.1111,0.8889,16,16,18,0.3813,0.3813,1.1821,0.1111,0.5,0.0,0.5,0.5,0,0,0.6667,6,4,0.5473,0.1,0.0556,0.7778,0.0556,0.3333,0.0,0.0,0.6667,0.0,0.0,0.0,0.6931,0.0,inner_patrol,obstacle,0.36,14.05598
3338,86.0,54.1353,1,6.0,1.0,37,17760,37,135.8571,0.0,135.8571,0.5286,1.8919,0.1622,0,0,0,0.0000,0.0,0.0000,0,0.8108,0.1892,0.8649,30,32,37,0.0,0.0,0.0,0.1622,0.0,0.0,1.0,1.0,0,0,0.8,10,8,0.5456,0.1,0.0811,0.7297,0.0,0.2703,0.0,0.0,0.8,0.0,0.0,0.0,-0.0,0.0,completed,,0.36,15.217705
3339,54.8624,26.7621,0,4.0,0.6667,32,15360,70,150.0,0.655,150.655,1.0,1.4583,0.125,0,0,0,0.0000,0.0,0.0000,0,0.8438,0.1562,0.875,27,28,32,0.1638,0.1638,1.0153,0.125,0.25,0.0,0.75,0.75,0,0,0.8,5,4,0.537,0.1,0.0312,0.7188,0.0,0.1562,0.0,0.0,0.8,0.0,0.0,0.0,0.5623,0.0,outer_patrol_b,road_edge,0.36,13.249925
3340,86.0,53.1734,1,6.0,1.0,37,17760,37,135.8571,0.6228,136.4799,0.5286,1.8919,0.1622,1,0,1,0.0270,0.0,0.0270,0,0.8378,0.1622,0.8378,31,31,37,0.1246,0.1246,0.9653,0.1622,0.1667,0.0,0.8333,0.8333,0,0,0.6667,6,4,0.5455,0.1,0.0811,0.8378,0.0,0.1622,0.0,0.0,0.6667,0.0,0.0,0.0,0.4506,0.0,completed,,0.36,14.06193
3341,86.0,51.4041,1,6.0,1.0,41,19680,41,137.5714,0.626,138.1975,0.5857,1.7073,0.1463,0,0,0,0.0000,0.0,0.0000,0,0.7561,0.2439,0.8293,31,34,41,0.1252,0.1252,0.9704,0.1707,0.1429,0.1429,0.7143,0.8571,0,0,0.75,12,9,0.5722,0.1,0.1463,0.8537,0.0732,0.2927,0.0,0.0,0.75,0.0,0.0,0.0,0.7963,0.0,completed,,0.36,13.61077
3342,86.0,52.8226,1,6.0,1.0,41,19680,41,137.5714,0.7662,138.3376,0.5857,1.7073,0.1463,1,0,1,0.0244,0.0,0.0244,0,0.8049,0.1951,0.8049,33,33,41,0.1532,0.1532,1.1876,0.1951,0.125,0.0,0.875,0.875,0,0,0.4444,9,4,0.5861,0.1,0.1707,0.7317,0.0976,0.2195,0.0,0.0,0.4444,0.0,0.0,0.0,0.3768,0.0,completed,,0.36,15.027781
3343,86.0,51.6148,1,6.0,1.0,44,21120,44,138.8571,0.0,138.8571,0.6286,1.5909,0.1364,1,0,1,0.0227,0.0,0.0227,0,0.7727,0.2273,0.8409,34,37,44,0.0,0.0,0.0,0.1591,0.0,0.0,1.0,1.0,0,0,0.4,10,4,0.5604,0.1,0.0909,0.7727,0.0455,0.2273,0.0,0.0,0.4,0.0,0.0,0.0,-0.0,0.0,completed,,0.36,13.483342
3344,43.8039,21.3678,0,4.0,0.6667,24,11520,70,150.0,0.0,150.0,1.0,1.9444,0.1667,1,0,1,0.0417,0.0,0.0417,0,0.75,0.25,0.8333,18,20,24,0.0,0.0,0.0,0.1667,0.0,0.25,0.75,1.0,0,0,0.8,5,4,0.5555,0.1,0.0833,0.75,0.0417,0.2083,0.0,0.0,0.8,0.0,0.0,0.0,0.5623,0.0,outer_patrol_b,road_edge,0.36,14.61043
3345,25.6869,12.5302,0,2.0,0.3333,20,9600,70,150.0,0.0,150.0,1.0,1.1667,0.1,0,0,0,0.0000,0.0,0.0000,0,0.8,0.2,0.85,16,17,20,0.0,0.0,0.0,0.15,0.0,0.0,1.0,1.0,0,0,0.5714,7,4,0.5579,0.1,0.1,0.75,0.05,0.35,0.0,0.0,0.5714,0.0,0.0,0.0,-0.0,0.0,inner_patrol,obstacle,0.36,12.861336
3346,86.0,53.0558,1,6.0,1.0,38,18240,38,136.2857,0.0,136.2857,0.5429,1.8421,0.1579,0,0,0,0.0000,0.0,0.0000,0,0.8421,0.1579,0.8684,32,33,38,0.0,0.0,0.0,0.1316,0.0,0.0,1.0,1.0,0,0,0.9091,11,10,0.5404,0.1,0.0526,0.7632,0.0,0.2895,0.0,0.0,0.9091,0.0,0.0,0.0,-0.0,0.0,completed,,0.36,12.066953
3347,-10.0,-8.86,0,0.0,0.0,2,960,70,150.0,0.0,150.0,1.0,0.0,0.0,1,0,1,0.5000,0.0,0.5000,0,1.0,0.0,1.0,2,2,2,0.0,0.0,0.0,0.0,0.0,0.0,0.0,0.0,0,0,0.0,1,0,0.4759,0.1,0.0,1.0,0.0,0.5,0.0,0.0,0.0,0.0,0.0,0.0,0.0,0.0,outer_patrol_a,road_edge,0.36,12.066953
3348,86.0,54.2061,1,6.0,1.0,35,16800,35,135.0,0.0,135.0,0.5,2.0,0.1714,1,0,1,0.0286,0.0,0.0286,0,0.8571,0.1429,0.8571,30,30,35,0.0,0.0,0.0,0.1429,0.0,0.0,1.0,1.0,0,0,0.8571,7,6,0.5389,0.1,0.0286,0.7714,0.0,0.2,0.0,0.0,0.8571,0.0,0.0,0.0,-0.0,0.0,completed,,0.36,14.847377
3349,2.4294,1.1851,0,1.0,0.1667,15,7200,70,150.0,0.8654,150.8654,1.0,0.7778,0.0667,1,0,1,0.0667,0.0,0.0667,0,0.8667,0.1333,0.8667,13,13,15,0.8654,0.8654,1.3413,0.1333,0.5,0.0,0.5,0.5,0,0,0.6667,3,2,0.5258,0.1,0.1333,0.7333,0.0667,0.2,0.0,0.0,0.6667,0.0,0.0,0.0,0.6931,0.0,enter_inner,obstacle,0.36,16.146151
3350,16.5731,8.0844,0,2.0,0.3333,14,6720,70,150.0,0.0,150.0,1.0,1.6667,0.1429,0,0,0,0.0000,0.0,0.0000,0,0.8571,0.1429,0.8571,12,12,14,0.0,0.0,0.0,0.1429,0.0,0.5,0.5,1.0,0,0,1.0,4,4,0.521,0.1,0.0714,0.5714,0.0,0.2857,0.0,0.0,1.0,0.0,0.0,0.0,0.6931,0.0,inner_patrol,obstacle,0.36,15.941538
3351,32.2839,15.7483,0,3.0,0.5,22,10560,70,150.0,0.0,150.0,1.0,1.5909,0.1364,0,0,0,0.0000,0.0,0.0000,0,0.8182,0.1818,0.8182,18,18,22,0.0,0.0,0.0,0.1818,0.0,0.25,0.75,1.0,0,0,0.7143,7,5,0.5614,0.1,0.0909,0.9091,0.0455,0.3182,0.0,0.0,0.7143,0.0,0.0,0.0,0.5623,0.0,return_outer,obstacle,0.36,17.083424
3352,86.0,51.1788,1,6.0,1.0,39,18720,39,136.7143,1.5645,138.2788,0.5571,1.7949,0.1538,0,0,0,0.0000,0.0,0.0000,0,0.7949,0.2051,0.8205,31,32,39,0.3129,0.3129,2.4249,0.1795,0.2857,0.0,0.7143,0.7143,0,0,0.7143,7,5,0.5549,0.1,0.1026,0.7692,0.0513,0.1795,0.0,0.0,0.7143,0.0,0.0,0.0,0.5983,0.0,completed,,0.36,14.829104
3353,86.0,52.4893,1,6.0,1.0,38,18240,38,136.2857,0.0,136.2857,0.5429,1.8421,0.1579,1,0,1,0.0263,0.0,0.0263,0,0.8158,0.1842,0.8684,31,33,38,0.0,0.0,0.0,0.1316,0.0,0.2,0.8,1.0,0,0,0.8333,12,10,0.5466,0.1,0.0789,0.7632,0.0263,0.3158,0.0,0.0,0.8333,0.0,0.0,0.0,0.5004,0.0,completed,,0.36,13.228083
3354,29.7126,14.4939,0,3.0,0.5,27,12960,70,150.0,0.0,150.0,1.0,1.2963,0.1111,1,0,1,0.0370,0.0,0.0370,0,0.8148,0.1852,0.8519,22,23,27,0.0,0.0,0.0,0.1481,0.0,0.0,1.0,1.0,0,0,0.5556,9,5,0.561,0.1,0.1111,0.7778,0.037,0.3333,0.0,0.0,0.5556,0.0,0.0,0.0,-0.0,0.0,return_outer,obstacle,0.36,12.331787
3355,86.0,53.0475,1,6.0,1.0,38,18240,38,136.2857,0.0,136.2857,0.5429,1.8421,0.1579,0,0,0,0.0000,0.0,0.0000,0,0.8684,0.1316,0.8684,33,33,38,0.0,0.0,0.0,0.1316,0.0,0.2,0.8,1.0,0,0,0.6667,9,6,0.5487,0.1,0.1316,0.6842,0.0,0.2368,0.0,0.0,0.6667,0.0,0.0,0.0,0.5004,0.0,completed,,0.36,14.194346
3356,68.3626,33.3476,0,5.0,0.8333,37,17760,70,150.0,0.0,150.0,1.0,1.5766,0.1351,0,0,0,0.0000,0.0,0.0000,0,0.8649,0.1351,0.8649,32,32,37,0.0,0.0,0.0,0.1351,0.0,0.2,0.8,1.0,0,0,0.5714,7,4,0.5452,0.1,0.0811,0.7838,0.0,0.1892,0.0,0.0,0.5714,0.0,0.0,0.0,0.5004,0.0,final_park,wall,0.36,17.47439
3357,86.0,53.3061,1,6.0,1.0,37,17760,37,135.8571,0.6947,136.5518,0.5286,1.8919,0.1622,0,0,0,0.0000,0.0,0.0000,0,0.8378,0.1622,0.8378,31,31,37,0.1389,0.1389,1.0767,0.1622,0.1667,0.0,0.8333,0.8333,0,0,0.8,10,8,0.5469,0.1,0.0541,0.8649,0.027,0.2703,0.0,0.0,0.8,0.0,0.0,0.0,0.4506,0.0,completed,,0.36,16.345914
3358,12.5608,6.1272,0,2.0,0.3333,18,8640,70,150.0,0.6199,150.6199,1.0,1.2963,0.1111,1,0,1,0.0556,0.0,0.0556,0,0.7222,0.2778,0.8333,13,15,18,0.3099,0.3099,0.9608,0.1667,0.3333,0.3333,0.3333,0.6667,0,0,0.75,4,3,0.56,0.1,0.1667,0.7222,0.1111,0.2222,0.0,0.0,0.75,0.0,0.0,0.0,1.0986,0.0,inner_patrol,obstacle,0.36,15.156487
3359,86.0,54.5176,1,6.0,1.0,35,16800,35,135.0,0.0,135.0,0.5,2.0,0.1714,0,0,0,0.0000,0.0,0.0000,0,0.8571,0.1429,0.8571,30,30,35,0.0,0.0,0.0,0.1429,0.0,0.0,1.0,1.0,0,0,0.8889,9,8,0.5453,0.1,0.0286,0.8571,0.0,0.2571,0.0,0.0,0.8889,0.0,0.0,0.0,-0.0,0.0,completed,,0.36,15.213629
3360,86.0,49.429,1,6.0,1.0,38,18240,38,136.2857,2.6582,138.9439,0.5429,1.8421,0.1579,0,0,0,0.0000,0.0,0.0000,0,0.8158,0.1842,0.8158,31,31,38,0.5316,0.5316,4.1202,0.1842,0.4286,0.1429,0.4286,0.5714,0,0,0.9167,12,11,0.5655,0.1,0.0526,0.8421,0.0526,0.3158,0.0,0.0,0.9167,0.0,0.0,0.0,1.0042,0.0,completed,,0.36,15.020233
3361,12.7688,6.2287,0,2.0,0.3333,17,8160,70,150.0,0.6383,150.6383,1.0,1.3725,0.1176,1,0,1,0.0588,0.0,0.0588,0,0.7059,0.2941,0.8235,12,14,17,0.3191,0.3191,0.9893,0.1765,0.3333,0.3333,0.3333,0.6667,0,0,1.0,6,6,0.5518,0.1,0.1176,0.7059,0.0588,0.3529,0.0,0.0,1.0,0.0,0.0,0.0,1.0986,0.0,inner_patrol,obstacle,0.36,14.6825
3362,-10.0,-5.65,0,0.0,0.0,5,2400,70,150.0,0.0,150.0,1.0,0.0,0.0,0,0,0,0.0000,0.0,0.0000,0,1.0,0.0,1.0,5,5,5,0.0,0.0,0.0,0.0,0.0,0.0,0.0,0.0,0,0,1.0,1,1,0.4825,0.1,0.0,0.8,0.0,0.2,0.0,0.0,1.0,0.0,0.0,0.0,0.0,0.0,outer_patrol_a,road_edge,0.36,14.019823
3363,86.0,50.445,1,6.0,1.0,38,18240,38,136.2857,1.7174,138.0031,0.5429,1.8421,0.1579,0,0,0,0.0000,0.0,0.0000,0,0.7895,0.2105,0.8158,30,31,38,0.3435,0.3435,2.662,0.1842,0.2857,0.1429,0.5714,0.7143,0,0,0.8571,7,6,0.5534,0.1,0.1053,0.7368,0.0263,0.1842,0.0,0.0,0.8571,0.0,0.0,0.0,0.9557,0.0,completed,,0.36,10.804886
3364,86.0,51.2667,1,6.0,1.0,40,19200,40,137.1429,0.7839,137.9267,0.5714,1.75,0.15,1,0,1,0.0250,0.0,0.0250,0,0.825,0.175,0.85,33,34,40,0.1568,0.1568,1.215,0.15,0.1667,0.1667,0.6667,0.8333,0,0,0.6667,12,8,0.5563,0.1,0.125,0.725,0.025,0.3,0.0,0.0,0.6667,0.0,0.0,0.0,0.8676,0.0,completed,,0.36,11.206663
3365,86.0,52.0038,1,6.0,1.0,39,18720,39,136.7143,0.0,136.7143,0.5571,1.7949,0.1538,1,0,1,0.0256,0.0,0.0256,0,0.8205,0.1795,0.8462,32,33,39,0.0,0.0,0.0,0.1538,0.0,0.3333,0.6667,1.0,0,0,0.6923,13,9,0.5518,0.1,0.1026,0.8462,0.0256,0.3333,0.0,0.0,0.6923,0.0,0.0,0.0,0.6365,0.0,completed,,0.36,12.424775
3366,86.0,52.7372,1,6.0,1.0,41,19680,41,137.5714,0.0,137.5714,0.5857,1.7073,0.1463,0,0,0,0.0000,0.0,0.0000,0,0.8049,0.1951,0.8293,33,34,41,0.0,0.0,0.0,0.1707,0.0,0.1429,0.8571,1.0,0,0,0.7222,18,13,0.5772,0.1,0.1707,0.8049,0.0488,0.439,0.0,0.0,0.7222,0.0,0.0,0.0,0.4101,0.0,completed,,0.36,14.291744
3367,86.0,51.6011,1,6.0,1.0,40,19200,40,137.1429,1.392,138.5348,0.5714,1.75,0.15,1,0,1,0.0250,0.0,0.0250,0,0.8,0.2,0.8,32,32,40,0.2784,0.2784,2.1576,0.2,0.25,0.0,0.75,0.75,0,0,0.7692,13,10,0.555,0.1,0.1,0.8,0.025,0.325,0.0,0.0,0.7692,0.0,0.0,0.0,0.5623,0.0,completed,,0.36,13.005748
3368,86.0,51.6963,1,6.0,1.0,40,19200,40,137.1429,0.7844,137.9273,0.5714,1.75,0.15,0,0,0,0.0000,0.0,0.0000,0,0.8,0.2,0.85,32,34,40,0.1569,0.1569,1.2158,0.15,0.1667,0.0,0.8333,0.8333,0,0,0.7647,17,13,0.5613,0.1,0.1,0.9,0.0,0.425,0.0,0.0,0.7647,0.0,0.0,0.0,0.4506,0.0,completed,,0.36,13.09493
3369,86.0,52.5437,1,6.0,1.0,43,20640,43,138.4286,0.0,138.4286,0.6143,1.6279,0.1395,0,0,0,0.0000,0.0,0.0000,0,0.7907,0.2093,0.8372,34,36,43,0.0,0.0,0.0,0.1628,0.0,0.0,1.0,1.0,0,0,0.3571,14,5,0.5731,0.1,0.1628,0.814,0.0465,0.3256,0.0,0.0,0.3571,0.0,0.0,0.0,-0.0,0.0,completed,,0.36,15.14983
3370,6.6039,3.2214,0,1.0,0.1667,13,6240,70,150.0,0.0,150.0,1.0,0.8974,0.0769,1,0,1,0.0769,0.0,0.0769,0,0.9231,0.0769,0.9231,12,12,13,0.0,0.0,0.0,0.0769,0.0,0.0,1.0,1.0,0,0,0.8,5,4,0.53,0.1,0.0769,0.5385,0.0,0.3846,0.0,0.0,0.8,0.0,0.0,0.0,-0.0,0.0,enter_inner,obstacle,0.36,16.476277
3371,86.0,48.4307,1,6.0,1.0,43,20640,43,138.4286,2.0844,140.513,0.6143,1.6279,0.1395,1,0,1,0.0233,0.0,0.0233,0,0.7674,0.2326,0.8372,33,36,43,0.4169,0.4169,3.2309,0.1628,0.4286,0.0,0.5714,0.5714,0,0,0.75,12,9,0.5598,0.1,0.1163,0.7209,0.0465,0.2791,0.0,0.0,0.75,0.0,0.0,0.0,0.6829,0.0,completed,,0.36,16.544879
3372,86.0,54.2013,1,6.0,1.0,35,16800,35,135.0,0.0,135.0,0.5,2.0,0.1714,1,0,1,0.0286,0.0,0.0286,0,0.8571,0.1429,0.8571,30,30,35,0.0,0.0,0.0,0.1429,0.0,0.0,1.0,1.0,0,0,1.0,6,6,0.5317,0.1,0.0571,0.7714,0.0,0.1714,0.0,0.0,1.0,0.0,0.0,0.0,-0.0,0.0,completed,,0.36,16.769781
3373,86.0,51.8839,1,6.0,1.0,40,19200,40,137.1429,0.8263,137.9692,0.5714,1.75,0.15,0,0,0,0.0000,0.0,0.0000,0,0.825,0.175,0.85,33,34,40,0.1653,0.1653,1.2808,0.15,0.1667,0.0,0.8333,0.8333,0,0,0.7273,11,8,0.5494,0.1,0.05,0.8,0.0,0.275,0.0,0.0,0.7273,0.0,0.0,0.0,0.4506,0.0,completed,,0.36,15.266514
3374,86.0,49.5105,1,6.0,1.0,47,22560,47,140.1429,1.4965,141.6393,0.6714,1.4894,0.1277,1,0,1,0.0213,0.0,0.0213,0,0.7872,0.2128,0.8511,37,40,47,0.2993,0.2993,2.3196,0.1489,0.2857,0.0,0.7143,0.7143,0,0,0.5556,18,10,0.6047,0.1,0.2553,0.7872,0.1277,0.383,0.0,0.0,0.5556,0.0,0.0,0.0,0.5983,0.0,completed,,0.36,16.40186
3375,86.0,50.9897,1,6.0,1.0,44,21120,44,138.8571,0.0,138.8571,0.6286,1.5909,0.1364,1,0,1,0.0227,0.0,0.0227,0,0.7955,0.2045,0.8864,35,39,44,0.0,0.0,0.0,0.1136,0.0,0.0,1.0,1.0,0,0,0.6875,16,11,0.544,0.1,0.0682,0.8409,0.0,0.3636,0.0,0.0,0.6875,0.0,0.0,0.0,-0.0,0.0,completed,,0.36,13.052071
3376,2.4904,1.2148,0,1.0,0.1667,15,7200,70,150.0,0.8464,150.8464,1.0,0.7778,0.0667,1,0,1,0.0667,0.0,0.0667,0,0.8667,0.1333,0.8667,13,13,15,0.8464,0.8464,1.312,0.1333,0.5,0.0,0.5,0.5,0,0,0.3333,3,1,0.5504,0.1,0.1333,0.7333,0.1333,0.2,0.0,0.0,0.3333,0.0,0.0,0.0,0.6931,0.0,enter_inner,obstacle,0.36,12.655221
3377,26.2371,12.7986,0,3.0,0.5,25,12000,70,150.0,1.5591,151.5591,1.0,1.4,0.12,1,0,1,0.0400,0.0,0.0400,0,0.8,0.2,0.8,20,20,25,0.5197,0.5197,2.4166,0.2,0.4,0.0,0.6,0.6,0,0,0.5,6,3,0.5868,0.1,0.16,0.92,0.08,0.24,0.0,0.0,0.5,0.0,0.0,0.0,0.673,0.0,return_outer,obstacle,0.36,12.148873
3378,86.0,52.4411,1,6.0,1.0,39,18720,39,136.7143,0.7671,137.4814,0.5571,1.7949,0.1538,1,0,1,0.0256,0.0,0.0256,0,0.7436,0.2564,0.7949,29,31,39,0.1534,0.1534,1.189,0.2051,0.125,0.125,0.75,0.875,0,0,0.7692,13,10,0.582,0.1,0.1538,0.8718,0.1026,0.3333,0.0,0.0,0.7692,0.0,0.0,0.0,0.7356,0.0,completed,,0.36,12.887781
3379,5.9525,2.9036,0,1.0,0.1667,13,6240,70,150.0,0.0,150.0,1.0,0.8974,0.0769,0,0,0,0.0000,0.0,0.0000,0,0.9231,0.0769,0.9231,12,12,13,0.0,0.0,0.0,0.0769,0.0,0.0,1.0,1.0,0,0,0.5,2,1,0.511,0.1,0.0769,1.0,0.0,0.1538,0.0,0.0,0.5,0.0,0.0,0.0,-0.0,0.0,enter_inner,obstacle,0.36,13.718409
3380,52.8745,25.7924,0,4.0,0.6667,35,16800,70,150.0,0.7416,150.7416,1.0,1.3333,0.1143,0,0,0,0.0000,0.0,0.0000,0,0.8,0.2,0.8571,28,30,35,0.1854,0.1854,1.1494,0.1429,0.2,0.0,0.8,0.8,0,0,0.8182,11,9,0.5606,0.1,0.1429,0.7143,0.0,0.3143,0.0,0.0,0.8182,0.0,0.0,0.0,0.5004,0.0,outer_patrol_b,road_edge,0.36,14.175526
3381,86.0,51.2926,1,6.0,1.0,39,18720,39,136.7143,1.7212,138.4355,0.5571,1.7949,0.1538,1,0,1,0.0256,0.0,0.0256,0,0.7949,0.2051,0.7949,31,31,39,0.3442,0.3442,2.6678,0.2051,0.25,0.0,0.75,0.75,0,0,0.6667,9,6,0.5689,0.1,0.1026,0.7949,0.0513,0.2308,0.0,0.0,0.6667,0.0,0.0,0.0,0.5623,0.0,completed,,0.36,14.669615
3382,86.0,52.6763,1,6.0,1.0,40,19200,40,137.1429,0.0,137.1429,0.5714,1.75,0.15,0,0,0,0.0000,0.0,0.0000,0,0.85,0.15,0.85,34,34,40,0.0,0.0,0.0,0.15,0.0,0.0,1.0,1.0,0,0,0.7647,17,13,0.5541,0.1,0.125,0.8,0.0,0.425,0.0,0.0,0.7647,0.0,0.0,0.0,-0.0,0.0,completed,,0.36,13.832493
3383,52.8308,25.7711,0,4.0,0.6667,31,14880,70,150.0,0.6847,150.6847,1.0,1.5054,0.129,0,0,0,0.0000,0.0,0.0000,0,0.871,0.129,0.871,27,27,31,0.1712,0.1712,1.0612,0.129,0.25,0.0,0.75,0.75,0,0,0.6667,6,4,0.5444,0.1,0.0968,0.6774,0.0,0.1935,0.0,0.0,0.6667,0.0,0.0,0.0,0.5623,0.0,outer_patrol_b,road_edge,0.36,15.478192
3384,86.0,53.2402,1,6.0,1.0,36,17280,36,135.4286,0.0,135.4286,0.5143,1.9444,0.1667,1,0,1,0.0278,0.0,0.0278,0,0.8333,0.1667,0.8611,30,31,36,0.0,0.0,0.0,0.1389,0.0,0.2,0.8,1.0,0,0,0.9,10,9,0.543,0.1,0.0556,0.6944,0.0,0.2778,0.0,0.0,0.9,0.0,0.0,0.0,0.5004,0.0,completed,,0.36,14.158259
3385,86.0,51.0806,1,6.0,1.0,40,19200,40,137.1429,0.6733,137.8162,0.5714,1.75,0.15,0,0,0,0.0000,0.0,0.0000,0,0.8,0.2,0.875,32,35,40,0.1347,0.1347,1.0437,0.125,0.2,0.0,0.8,0.8,0,0,0.8,10,8,0.5372,0.1,0.125,0.675,0.0,0.25,0.0,0.0,0.8,0.0,0.0,0.0,0.5004,0.0,completed,,0.36,14.337883
3386,14.792,7.2156,0,2.0,0.3333,17,8160,70,150.0,0.0,150.0,1.0,1.3725,0.1176,1,0,1,0.0588,0.0,0.0588,0,0.8235,0.1765,0.8824,14,15,17,0.0,0.0,0.0,0.1176,0.0,0.0,1.0,1.0,0,0,0.6667,3,2,0.5161,0.1,0.0588,0.5882,0.0,0.1765,0.0,0.0,0.6667,0.0,0.0,0.0,-0.0,0.0,inner_patrol,obstacle,0.36,13.626043
3387,5.9529,2.9038,0,1.0,0.1667,13,6240,70,150.0,0.0,150.0,1.0,0.8974,0.0769,1,0,1,0.0769,0.0,0.0769,0,0.9231,0.0769,0.9231,12,12,13,0.0,0.0,0.0,0.0769,0.0,0.0,1.0,1.0,0,0,0.75,4,3,0.5074,0.1,0.0769,0.6923,0.0,0.3077,0.0,0.0,0.75,0.0,0.0,0.0,-0.0,0.0,enter_inner,obstacle,0.36,13.991367
3388,28.8591,14.0776,0,3.0,0.5,26,12480,70,150.0,0.0,150.0,1.0,1.3462,0.1154,0,0,0,0.0000,0.0,0.0000,0,0.8846,0.1154,0.8846,23,23,26,0.0,0.0,0.0,0.1154,0.0,0.0,1.0,1.0,0,0,0.5714,7,4,0.559,0.1,0.1154,0.7692,0.0385,0.2692,0.0,0.0,0.5714,0.0,0.0,0.0,-0.0,0.0,return_outer,obstacle,0.36,14.595643
3389,30.0362,14.6518,0,2.0,0.3333,21,10080,70,150.0,0.0,150.0,1.0,1.1111,0.0952,1,0,1,0.0476,0.0,0.0476,0,0.9048,0.0952,0.9048,19,19,21,0.0,0.0,0.0,0.0952,0.0,0.0,1.0,1.0,0,0,0.5,2,1,0.5328,0.1,0.0476,0.7143,0.0,0.0952,0.0,0.0,0.5,0.0,0.0,0.0,-0.0,0.0,inner_patrol,obstacle,0.36,10.672893
3390,86.0,53.1827,1,6.0,1.0,37,17760,37,135.8571,0.0,135.8571,0.5286,1.8919,0.1622,1,0,1,0.0270,0.0,0.0270,0,0.8378,0.1622,0.8649,31,32,37,0.0,0.0,0.0,0.1351,0.0,0.2,0.8,1.0,0,0,0.8182,11,9,0.5578,0.1,0.0811,0.7568,0.027,0.2973,0.0,0.0,0.8182,0.0,0.0,0.0,0.5004,0.0,completed,,0.36,13.123702
3391,86.0,50.8263,1,6.0,1.0,39,18720,39,136.7143,1.8791,138.5934,0.5571,1.7949,0.1538,0,0,0,0.0000,0.0,0.0000,0,0.8205,0.1795,0.8205,32,32,39,0.3758,0.3758,2.9126,0.1795,0.4286,0.0,0.5714,0.5714,0,0,0.8,10,8,0.5519,0.1,0.1282,0.6923,0.0256,0.2564,0.0,0.0,0.8,0.0,0.0,0.0,0.6829,0.0,completed,,0.36,11.913485
3392,86.0,51.3422,1,6.0,1.0,43,20640,43,138.4286,0.8069,139.2354,0.6143,1.6279,0.1395,1,0,1,0.0233,0.0,0.0233,0,0.7209,0.2791,0.7907,31,34,43,0.1614,0.1614,1.2506,0.2093,0.1111,0.2222,0.6667,0.8889,0,0,0.4545,11,5,0.5839,0.1,0.1628,0.8372,0.1163,0.2558,0.0,0.0,0.4545,0.0,0.0,0.0,0.8487,0.0,completed,,0.36,13.108712
3393,86.0,52.8239,1,6.0,1.0,41,19680,41,137.5714,0.0,137.5714,0.5857,1.7073,0.1463,0,0,0,0.0000,0.0,0.0000,0,0.7805,0.2195,0.8293,32,34,41,0.0,0.0,0.0,0.1707,0.0,0.0,1.0,1.0,0,0,0.4444,9,4,0.5549,0.1,0.0732,0.8537,0.0244,0.2195,0.0,0.0,0.4444,0.0,0.0,0.0,-0.0,0.0,completed,,0.36,13.81567
3394,86.0,52.1481,1,6.0,1.0,36,17280,36,135.4286,0.729,136.1576,0.5143,1.9444,0.1667,1,0,1,0.0278,0.0,0.0278,0,0.8056,0.1944,0.8333,29,30,36,0.1458,0.1458,1.13,0.1667,0.1667,0.1667,0.6667,0.8333,0,0,1.0,7,7,0.5503,0.1,0.0556,0.6667,0.0556,0.1944,0.0,0.0,1.0,0.0,0.0,0.0,0.8676,0.0,completed,,0.36,17.5663
3395,58.1858,28.3833,0,5.0,0.8333,47,22560,70,150.0,2.1025,152.1025,1.0,1.2411,0.1064,0,0,0,0.0000,0.0,0.0000,0,0.7872,0.2128,0.8085,37,38,47,0.4205,0.4205,3.2588,0.1915,0.3333,0.1111,0.5556,0.6667,0,0,0.5652,23,13,0.6244,0.1,0.2979,0.8511,0.1489,0.4894,0.0,0.0,0.5652,0.0,0.0,0.0,0.9369,0.0,final_park,wall,0.36,18.236621
3396,15.4875,7.5549,0,2.0,0.3333,17,8160,70,150.0,0.8711,150.8711,1.0,1.3725,0.1176,0,0,0,0.0000,0.0,0.0000,0,0.8235,0.1765,0.8824,14,15,17,0.4355,0.4355,1.3501,0.1176,0.5,0.0,0.5,0.5,0,0,1.0,3,3,0.5085,0.1,0.0588,0.8235,0.0,0.1765,0.0,0.0,1.0,0.0,0.0,0.0,0.6931,0.0,inner_patrol,obstacle,0.36,16.337139
3397,86.0,47.3904,1,6.0,1.0,40,19200,40,137.1429,4.0431,141.1859,0.5714,1.75,0.15,0,0,0,0.0000,0.0,0.0000,0,0.775,0.225,0.775,31,31,40,0.8086,0.8086,6.2667,0.225,0.5556,0.0,0.4444,0.4444,0,0,1.0,11,11,0.5602,0.1,0.15,0.725,0.025,0.275,0.0,0.0,1.0,0.0,0.0,0.0,0.687,0.0,completed,,0.36,15.423277
3398,86.0,50.4974,1,6.0,1.0,41,19680,41,137.5714,0.6063,138.1777,0.5857,1.7073,0.1463,1,0,1,0.0244,0.0,0.0244,0,0.8049,0.1951,0.8537,33,35,41,0.1213,0.1213,0.9397,0.1463,0.1667,0.3333,0.5,0.8333,0,0,0.7,10,7,0.5483,0.1,0.0976,0.7805,0.0244,0.2439,0.0,0.0,0.7,0.0,0.0,0.0,1.0114,0.0,completed,,0.36,16.396815
3399,86.0,51.6336,1,6.0,1.0,40,19200,40,137.1429,0.7252,137.8681,0.5714,1.75,0.15,1,0,1,0.0250,0.0,0.0250,0,0.825,0.175,0.85,33,34,40,0.145,0.145,1.1241,0.15,0.1667,0.0,0.8333,0.8333,0,0,0.75,16,12,0.5557,0.1,0.125,0.775,0.025,0.4,0.0,0.0,0.75,0.0,0.0,0.0,0.4506,0.0,completed,,0.36,14.328003
3400,86.0,46.1948,1,6.0,1.0,44,21120,44,138.8571,4.6086,143.4657,0.6286,1.5909,0.1364,0,0,0,0.0000,0.0,0.0000,0,0.7727,0.2273,0.7727,34,34,44,0.9217,0.9217,7.1433,0.2273,0.6,0.0,0.4,0.4,0,0,0.625,8,5,0.5766,0.1,0.1591,0.6818,0.0682,0.1818,0.0,0.0,0.625,0.0,0.0,0.0,0.673,0.0,completed,,0.36,13.876375
3401,86.0,53.8973,1,6.0,1.0,40,19200,40,137.1429,0.0,137.1429,0.5714,1.75,0.15,0,0,0,0.0000,0.0,0.0000,0,0.825,0.175,0.825,33,33,40,0.0,0.0,0.0,0.175,0.0,0.0,1.0,1.0,0,0,0.6667,15,10,0.5647,0.1,0.1,0.75,0.05,0.375,0.0,0.0,0.6667,0.0,0.0,0.0,-0.0,0.0,completed,,0.36,14.871482
3402,86.0,53.783,1,6.0,1.0,37,17760,37,135.8571,0.0,135.8571,0.5286,1.8919,0.1622,1,0,1,0.0270,0.0,0.0270,0,0.8378,0.1622,0.8649,31,32,37,0.0,0.0,0.0,0.1351,0.0,0.0,1.0,1.0,0,0,0.6667,9,6,0.5506,0.1,0.0541,0.6757,0.0,0.2432,0.0,0.0,0.6667,0.0,0.0,0.0,-0.0,0.0,completed,,0.36,15.599728
3403,36.4144,17.7631,0,4.0,0.6667,33,15840,70,150.0,0.8154,150.8154,1.0,1.4141,0.1212,1,0,1,0.0303,0.0,0.0303,0,0.7273,0.2727,0.7879,24,26,33,0.2038,0.2038,1.2638,0.2121,0.1429,0.1429,0.7143,0.8571,0,0,0.2727,11,3,0.6179,0.1,0.2424,0.7879,0.1818,0.3333,0.0,0.0,0.2727,0.0,0.0,0.0,0.7963,0.0,outer_patrol_b,road_edge,0.36,14.360735
3404,43.8667,21.3984,0,4.0,0.6667,28,13440,70,150.0,0.0,150.0,1.0,1.6667,0.1429,1,0,1,0.0357,0.0,0.0357,0,0.75,0.25,0.75,21,21,28,0.0,0.0,0.0,0.25,0.0,0.1429,0.8571,1.0,0,0,0.5,12,6,0.5873,0.1,0.2143,0.8929,0.0714,0.4286,0.0,0.0,0.5,0.0,0.0,0.0,0.4101,0.0,outer_patrol_b,road_edge,0.36,14.162443
3405,46.671,22.7664,0,4.0,0.6667,27,12960,70,150.0,0.868,150.868,1.0,1.7284,0.1481,0,0,0,0.0000,0.0,0.0000,0,0.8148,0.1852,0.8519,22,23,27,0.217,0.217,1.3453,0.1481,0.25,0.0,0.75,0.75,0,0,0.875,8,7,0.5507,0.1,0.1111,0.7407,0.0,0.2963,0.0,0.0,0.875,0.0,0.0,0.0,0.5623,0.0,outer_patrol_b,road_edge,0.36,14.953074
3406,4.3976,2.1452,0,1.0,0.1667,16,7680,70,150.0,0.0,150.0,1.0,0.7292,0.0625,0,0,0,0.0000,0.0,0.0000,0,0.8125,0.1875,0.875,13,14,16,0.0,0.0,0.0,0.125,0.0,0.5,0.5,1.0,0,0,0.4,5,2,0.5644,0.1,0.125,0.625,0.125,0.3125,0.0,0.0,0.4,0.0,0.0,0.0,0.6931,0.0,enter_inner,obstacle,0.36,17.862785
3407,86.0,53.1547,1,6.0,1.0,36,17280,36,135.4286,0.0,135.4286,0.5143,1.9444,0.1667,0,0,0,0.0000,0.0,0.0000,0,0.8611,0.1389,0.8611,31,31,36,0.0,0.0,0.0,0.1389,0.0,0.4,0.6,1.0,0,0,0.7143,7,5,0.537,0.1,0.0278,0.8056,0.0,0.1944,0.0,0.0,0.7143,0.0,0.0,0.0,0.673,0.0,completed,,0.36,17.650739
3408,86.0,50.0835,1,6.0,1.0,39,18720,39,136.7143,2.1293,138.8435,0.5571,1.7949,0.1538,0,0,0,0.0000,0.0,0.0000,0,0.7949,0.2051,0.8205,31,32,39,0.4259,0.4259,3.3004,0.1795,0.4286,0.0,0.5714,0.5714,0,0,0.9167,12,11,0.5492,0.1,0.1026,0.7692,0.0256,0.3077,0.0,0.0,0.9167,0.0,0.0,0.0,0.6829,0.0,completed,,0.36,17.415315
3409,86.0,52.5979,1,6.0,1.0,40,19200,40,137.1429,0.0,137.1429,0.5714,1.75,0.15,1,0,1,0.0250,0.0,0.0250,0,0.825,0.175,0.825,33,33,40,0.0,0.0,0.0,0.175,0.0,0.4286,0.5714,1.0,0,0,0.5833,12,7,0.5835,0.1,0.15,0.725,0.1,0.3,0.0,0.0,0.5833,0.0,0.0,0.0,0.6829,0.0,completed,,0.36,13.638375
3410,4.8642,2.3728,0,1.0,0.1667,14,6720,70,150.0,0.0,150.0,1.0,0.8333,0.0714,0,0,0,0.0000,0.0,0.0000,0,0.9286,0.0714,0.9286,13,13,14,0.0,0.0,0.0,0.0714,0.0,1.0,0.0,1.0,0,0,0.5,4,2,0.5384,0.1,0.0714,0.7857,0.0714,0.2857,0.0,0.0,0.5,0.0,0.0,0.0,-0.0,0.0,enter_inner,obstacle,0.36,11.80592
3411,86.0,54.4694,1,6.0,1.0,39,18720,39,136.7143,0.0,136.7143,0.5571,1.7949,0.1538,0,0,0,0.0000,0.0,0.0000,0,0.7692,0.2308,0.8205,30,32,39,0.0,0.0,0.0,0.2051,0.0,0.0,1.0,1.0,0,0,0.625,8,5,0.5597,0.1,0.1282,0.7949,0.0513,0.2051,0.0,0.0,0.625,0.0,0.0,0.0,-0.0,0.0,completed,,0.36,11.340487
3412,-10.0,-5.98,0,0.0,0.0,6,2880,70,150.0,0.0,150.0,1.0,0.0,0.0,1,0,1,0.1667,0.0,0.1667,0,1.0,0.0,1.0,6,6,6,0.0,0.0,0.0,0.0,0.0,0.0,0.0,0.0,0,0,0.0,1,0,0.5018,0.1,0.0,0.8333,0.0,0.1667,0.0,0.0,0.0,0.0,0.0,0.0,0.0,0.0,outer_patrol_a,road_edge,0.36,11.657679
3413,86.0,50.5979,1,6.0,1.0,39,18720,39,136.7143,1.7163,138.4306,0.5571,1.7949,0.1538,0,0,0,0.0000,0.0,0.0000,0,0.8205,0.1795,0.8205,32,32,39,0.3433,0.3433,2.6603,0.1795,0.2857,0.1429,0.5714,0.7143,0,0,0.9,10,9,0.5549,0.1,0.1026,0.7949,0.0256,0.2564,0.0,0.0,0.9,0.0,0.0,0.0,0.9557,0.0,completed,,0.36,13.450299
3414,86.0,50.9751,1,6.0,1.0,39,18720,39,136.7143,1.4438,138.1581,0.5571,1.7949,0.1538,0,0,0,0.0000,0.0,0.0000,0,0.7949,0.2051,0.7949,31,31,39,0.2888,0.2888,2.2379,0.2051,0.25,0.25,0.5,0.75,0,0,0.8,10,8,0.5589,0.1,0.1026,0.7949,0.0513,0.2564,0.0,0.0,0.8,0.0,0.0,0.0,1.0397,0.0,completed,,0.36,18.199621
3415,86.0,50.9338,1,6.0,1.0,40,19200,40,137.1429,0.8885,138.0314,0.5714,1.75,0.15,1,0,1,0.0250,0.0,0.0250,0,0.75,0.25,0.8,30,32,40,0.1777,0.1777,1.3772,0.2,0.125,0.375,0.5,0.875,0,0,0.8235,17,14,0.5901,0.1,0.15,0.775,0.1,0.425,0.0,0.0,0.8235,0.0,0.0,0.0,0.9743,0.0,completed,,0.36,17.494174
3416,86.0,50.0055,1,6.0,1.0,40,19200,40,137.1429,2.1945,139.3374,0.5714,1.75,0.15,0,0,0,0.0000,0.0,0.0000,0,0.8,0.2,0.8,32,32,40,0.4389,0.4389,3.4015,0.2,0.375,0.125,0.5,0.625,0,0,0.8571,7,6,0.548,0.1,0.05,0.8,0.025,0.175,0.0,0.0,0.8571,0.0,0.0,0.0,0.9743,0.0,completed,,0.36,15.808936
3417,86.0,50.0686,1,6.0,1.0,42,20160,42,138.0,1.6746,139.6746,0.6,1.6667,0.1429,0,0,0,0.0000,0.0,0.0000,0,0.7857,0.2143,0.8333,33,35,42,0.3349,0.3349,2.5957,0.1667,0.2857,0.0,0.7143,0.7143,0,0,0.7778,18,14,0.5813,0.1,0.119,0.8095,0.0714,0.4286,0.0,0.0,0.7778,0.0,0.0,0.0,0.5983,0.0,completed,,0.36,16.901578
3418,86.0,48.1209,1,6.0,1.0,49,23520,49,141.0,1.2594,142.2594,0.7,1.4286,0.1224,0,0,0,0.0000,0.0,0.0000,0,0.7959,0.2041,0.8367,39,41,49,0.2519,0.2519,1.952,0.1633,0.25,0.0,0.75,0.75,0,0,0.55,20,11,0.5728,0.1,0.2653,0.7347,0.0204,0.4082,0.0,0.0,0.55,0.0,0.0,0.0,0.5623,0.0,completed,,0.36,16.659533
3419,86.0,52.6523,1,6.0,1.0,37,17760,37,135.8571,0.7584,136.6155,0.5286,1.8919,0.1622,1,0,1,0.0270,0.0,0.0270,0,0.7838,0.2162,0.8378,29,31,37,0.1517,0.1517,1.1755,0.1622,0.1667,0.0,0.8333,0.8333,0,0,1.0,6,6,0.5339,0.1,0.0541,0.7027,0.0,0.1622,0.0,0.0,1.0,0.0,0.0,0.0,0.4506,0.0,completed,,0.36,14.113448
3420,86.0,52.1452,1,6.0,1.0,41,19680,41,137.5714,0.0,137.5714,0.5857,1.7073,0.1463,1,0,1,0.0244,0.0,0.0244,0,0.7805,0.2195,0.878,32,36,41,0.0,0.0,0.0,0.122,0.0,0.0,1.0,1.0,0,0,0.6364,11,7,0.5436,0.1,0.0976,0.7561,0.0,0.2683,0.0,0.0,0.6364,0.0,0.0,0.0,-0.0,0.0,completed,,0.36,14.801164
3421,86.0,52.3273,1,6.0,1.0,39,18720,39,136.7143,0.0,136.7143,0.5571,1.7949,0.1538,1,0,1,0.0256,0.0,0.0256,0,0.7692,0.2308,0.8718,30,34,39,0.0,0.0,0.0,0.1282,0.0,0.0,1.0,1.0,0,0,0.8462,13,11,0.5413,0.1,0.0769,0.8205,0.0,0.3333,0.0,0.0,0.8462,0.0,0.0,0.0,-0.0,0.0,completed,,0.36,14.003139
3422,86.0,52.8205,1,6.0,1.0,36,17280,36,135.4286,0.8642,136.2928,0.5143,1.9444,0.1667,0,0,0,0.0000,0.0,0.0000,0,0.8333,0.1667,0.8333,30,30,36,0.1728,0.1728,1.3396,0.1667,0.1667,0.0,0.8333,0.8333,0,0,0.875,8,7,0.5437,0.1,0.0556,0.8333,0.0278,0.2222,0.0,0.0,0.875,0.0,0.0,0.0,0.4506,0.0,completed,,0.36,13.548105
3423,26.4577,12.9062,0,3.0,0.5,26,12480,70,150.0,1.3595,151.3595,1.0,1.3462,0.1154,0,0,0,0.0000,0.0,0.0000,0,0.8077,0.1923,0.8077,21,21,26,0.4532,0.4532,2.1072,0.1923,0.4,0.0,0.6,0.6,0,0,0.5556,9,5,0.5558,0.1,0.1538,0.8462,0.0,0.3462,0.0,0.0,0.5556,0.0,0.0,0.0,0.673,0.0,return_outer,obstacle,0.36,11.758773
3424,4.1874,2.0426,0,1.0,0.1667,15,7200,70,150.0,0.0,150.0,1.0,0.7778,0.0667,1,0,1,0.0667,0.0,0.0667,0,0.9333,0.0667,0.9333,14,14,15,0.0,0.0,0.0,0.0667,0.0,1.0,0.0,1.0,0,0,0.0,2,0,0.5185,0.1,0.0667,0.5333,0.0,0.1333,0.0,0.0,0.0,0.0,0.0,0.0,-0.0,0.0,enter_inner,obstacle,0.36,14.013988
3425,43.093,21.021,0,4.0,0.6667,23,11040,70,150.0,0.0,150.0,1.0,2.029,0.1739,1,0,1,0.0435,0.0,0.0435,0,0.7826,0.2174,0.8261,18,19,23,0.0,0.0,0.0,0.1739,0.0,0.0,1.0,1.0,0,0,0.75,4,3,0.5411,0.1,0.0435,0.7826,0.0,0.1739,0.0,0.0,0.75,0.0,0.0,0.0,-0.0,0.0,outer_patrol_b,road_edge,0.36,14.591628
3426,40.7354,19.8709,0,4.0,0.6667,26,12480,70,150.0,0.0,150.0,1.0,1.7949,0.1538,0,0,0,0.0000,0.0,0.0000,0,0.8462,0.1538,0.8462,22,22,26,0.0,0.0,0.0,0.1538,0.0,0.25,0.75,1.0,0,0,0.6667,9,6,0.5509,0.1,0.0385,0.8077,0.0,0.3462,0.0,0.0,0.6667,0.0,0.0,0.0,0.5623,0.0,outer_patrol_b,road_edge,0.36,14.646343
3427,29.5052,14.3928,0,3.0,0.5,25,12000,70,150.0,0.7026,150.7026,1.0,1.4,0.12,1,0,1,0.0400,0.0,0.0400,0,0.8,0.2,0.8,20,20,25,0.2342,0.2342,1.089,0.2,0.2,0.0,0.8,0.8,0,0,0.625,8,5,0.5982,0.1,0.16,0.8,0.12,0.32,0.0,0.0,0.625,0.0,0.0,0.0,0.5004,0.0,return_outer,obstacle,0.36,14.563364
3428,29.0715,14.1812,0,3.0,0.5,24,11520,70,150.0,0.6967,150.6967,1.0,1.4583,0.125,0,0,0,0.0000,0.0,0.0000,0,0.7917,0.2083,0.8333,19,20,24,0.2322,0.2322,1.0798,0.1667,0.25,0.0,0.75,0.75,0,0,0.8333,6,5,0.5398,0.1,0.0833,0.8333,0.0,0.25,0.0,0.0,0.8333,0.0,0.0,0.0,0.5623,0.0,return_outer,obstacle,0.36,12.190863
3429,69.2628,33.7867,0,5.0,0.8333,37,17760,70,150.0,0.0,150.0,1.0,1.5766,0.1351,1,0,1,0.0270,0.0,0.0270,0,0.8108,0.1892,0.8378,30,31,37,0.0,0.0,0.0,0.1622,0.0,0.1667,0.8333,1.0,0,0,0.8571,7,6,0.5455,0.1,0.0541,0.7027,0.027,0.1892,0.0,0.0,0.8571,0.0,0.0,0.0,0.4506,0.0,final_park,wall,0.36,12.256983
3430,36.5211,17.8151,0,4.0,0.6667,26,12480,70,150.0,1.6732,151.6732,1.0,1.7949,0.1538,0,0,0,0.0000,0.0,0.0000,0,0.7692,0.2308,0.7692,20,20,26,0.4183,0.4183,2.5934,0.2308,0.3333,0.0,0.6667,0.6667,0,0,0.7143,7,5,0.5812,0.1,0.2308,0.8462,0.0769,0.2692,0.0,0.0,0.7143,0.0,0.0,0.0,0.6365,0.0,outer_patrol_b,road_edge,0.36,13.900326
3431,6.3873,3.1158,0,1.0,0.1667,15,7200,70,150.0,0.0,150.0,1.0,0.7778,0.0667,1,0,1,0.0667,0.0,0.0667,0,0.8,0.2,0.8,12,12,15,0.0,0.0,0.0,0.1333,0.0,0.0,1.0,1.0,0,0,0.5,6,3,0.5906,0.1,0.2,0.9333,0.2,0.4,0.0,0.0,0.5,0.0,0.0,0.0,-0.0,0.0,enter_inner,red_light,0.36,14.336662
3432,-0.1025,-0.05,0,0.0,0.0,13,6240,70,150.0,0.0,150.0,1.0,0.0,0.0,1,0,1,0.0769,0.0,0.0769,0,0.8462,0.1538,1.0,11,13,13,0.0,0.0,0.0,0.0,0.0,0.0,0.0,0.0,0,0,1.0,2,2,0.4967,0.1,0.0,0.6923,0.0,0.1538,0.0,0.0,1.0,0.0,0.0,0.0,0.0,0.0,outer_patrol_a,road_edge,0.36,15.138268
3433,86.0,53.0162,1,6.0,1.0,38,18240,38,136.2857,0.0,136.2857,0.5429,1.8421,0.1579,1,0,1,0.0263,0.0,0.0263,0,0.8684,0.1316,0.8684,33,33,38,0.0,0.0,0.0,0.1316,0.0,0.2,0.8,1.0,0,0,0.7,10,7,0.5479,0.1,0.0789,0.7632,0.0,0.2632,0.0,0.0,0.7,0.0,0.0,0.0,0.5004,0.0,completed,,0.36,16.276646
3434,28.3651,13.8367,0,3.0,0.5,27,12960,70,150.0,0.8227,150.8227,1.0,1.2963,0.1111,1,0,1,0.0370,0.0,0.0370,0,0.8148,0.1852,0.8148,22,22,27,0.2742,0.2742,1.2752,0.1852,0.2,0.2,0.6,0.8,0,0,0.5,12,6,0.6123,0.1,0.2222,0.9259,0.1481,0.4444,0.0,0.0,0.5,0.0,0.0,0.0,0.9503,0.0,return_outer,obstacle,0.36,14.219628
3435,86.0,51.8986,1,6.0,1.0,39,18720,39,136.7143,0.6393,137.3535,0.5571,1.7949,0.1538,0,0,0,0.0000,0.0,0.0000,0,0.8205,0.1795,0.8205,32,32,39,0.1279,0.1279,0.9909,0.1795,0.1429,0.2857,0.5714,0.8571,0,0,0.625,8,5,0.5721,0.1,0.1795,0.7692,0.0769,0.2051,0.0,0.0,0.625,0.0,0.0,0.0,0.9557,0.0,completed,,0.36,14.81922
3436,86.0,52.7885,1,6.0,1.0,38,18240,38,136.2857,0.6651,136.9508,0.5429,1.8421,0.1579,0,0,0,0.0000,0.0,0.0000,0,0.8421,0.1579,0.8421,32,32,38,0.133,0.133,1.0309,0.1579,0.1667,0.0,0.8333,0.8333,0,0,0.8571,14,12,0.5528,0.1,0.1053,0.7632,0.0,0.3684,0.0,0.0,0.8571,0.0,0.0,0.0,0.4506,0.0,completed,,0.36,17.634675
3437,86.0,52.579,1,6.0,1.0,41,19680,41,137.5714,0.0,137.5714,0.5857,1.7073,0.1463,0,0,0,0.0000,0.0,0.0000,0,0.7561,0.2439,0.8049,31,33,41,0.0,0.0,0.0,0.1951,0.0,0.25,0.75,1.0,0,0,0.5556,9,5,0.5733,0.1,0.122,0.5854,0.0732,0.2195,0.0,0.0,0.5556,0.0,0.0,0.0,0.5623,0.0,completed,,0.36,17.185446
3438,30.9684,15.1065,0,3.0,0.5,23,11040,70,150.0,0.0,150.0,1.0,1.5217,0.1304,0,0,0,0.0000,0.0,0.0000,0,0.8261,0.1739,0.8696,19,20,23,0.0,0.0,0.0,0.1304,0.0,0.3333,0.6667,1.0,0,0,0.7,10,7,0.5638,0.1,0.1304,0.7826,0.0,0.4348,0.0,0.0,0.7,0.0,0.0,0.0,0.6365,0.0,return_outer,obstacle,0.36,15.788397
3439,86.0,49.0642,1,6.0,1.0,41,19680,41,137.5714,1.6831,139.2545,0.5857,1.7073,0.1463,0,0,0,0.0000,0.0,0.0000,0,0.8049,0.1951,0.8293,33,34,41,0.3366,0.3366,2.6088,0.1707,0.2857,0.2857,0.4286,0.7143,0,0,0.6364,11,7,0.5578,0.1,0.0976,0.7073,0.0244,0.2683,0.0,0.0,0.6364,0.0,0.0,0.0,1.079,0.0,completed,,0.36,14.576855
3440,86.0,52.9735,1,6.0,1.0,35,16800,35,135.0,0.0,135.0,0.5,2.0,0.1714,1,0,1,0.0286,0.0,0.0286,0,0.8571,0.1429,0.8571,30,30,35,0.0,0.0,0.0,0.1429,0.0,0.6,0.4,1.0,0,0,0.9231,13,12,0.5579,0.1,0.0857,0.7429,0.0286,0.3714,0.0,0.0,0.9231,0.0,0.0,0.0,0.673,0.0,completed,,0.36,13.141409
3441,-10.0,-4.99,0,0.0,0.0,7,3360,70,150.0,0.0,150.0,1.0,0.0,0.0,0,0,0,0.0000,0.0,0.0000,0,0.8571,0.1429,1.0,6,7,7,0.0,0.0,0.0,0.0,0.0,0.0,0.0,0.0,0,0,0.0,1,0,0.4762,0.1,0.0,0.8571,0.0,0.1429,0.0,0.0,0.0,0.0,0.0,0.0,0.0,0.0,outer_patrol_a,road_edge,0.36,11.586167
3442,29.0103,14.1513,0,2.0,0.3333,23,11040,70,150.0,0.0,150.0,1.0,1.0145,0.087,1,0,1,0.0435,0.0,0.0435,0,0.8261,0.1739,0.8696,19,20,23,0.0,0.0,0.0,0.1304,0.0,0.0,1.0,1.0,0,0,0.625,8,5,0.5611,0.1,0.087,0.7826,0.0435,0.3478,0.0,0.0,0.625,0.0,0.0,0.0,-0.0,0.0,inner_patrol,obstacle,0.36,14.034384
3443,86.0,52.5964,1,6.0,1.0,43,20640,43,138.4286,0.673,139.1015,0.6143,1.6279,0.1395,0,0,0,0.0000,0.0,0.0000,0,0.7907,0.2093,0.7907,34,34,43,0.1346,0.1346,1.0431,0.2093,0.1111,0.0,0.8889,0.8889,0,0,0.4167,12,5,0.5996,0.1,0.186,0.6977,0.1395,0.2791,0.0,0.0,0.4167,0.0,0.0,0.0,0.3488,0.0,completed,,0.36,14.765765
3444,86.0,51.9712,1,6.0,1.0,37,17760,37,135.8571,0.8699,136.727,0.5286,1.8919,0.1622,0,0,0,0.0000,0.0,0.0000,0,0.8378,0.1622,0.8378,31,31,37,0.174,0.174,1.3483,0.1622,0.1667,0.1667,0.6667,0.8333,0,0,0.7778,9,7,0.5482,0.1,0.0541,0.8108,0.027,0.2432,0.0,0.0,0.7778,0.0,0.0,0.0,0.8676,0.0,completed,,0.36,14.896862
3445,58.5331,28.5527,0,4.0,0.6667,34,16320,70,150.0,0.0,150.0,1.0,1.3725,0.1176,1,0,1,0.0294,0.0,0.0294,0,0.7941,0.2059,0.8824,27,30,34,0.0,0.0,0.0,0.1176,0.0,0.0,1.0,1.0,0,0,0.7778,9,7,0.5364,0.1,0.0882,0.9118,0.0,0.2647,0.0,0.0,0.7778,0.0,0.0,0.0,-0.0,0.0,outer_patrol_b,road_edge,0.36,16.870802
3446,86.0,49.7092,1,6.0,1.0,39,18720,39,136.7143,2.3453,139.0596,0.5571,1.7949,0.1538,0,0,0,0.0000,0.0,0.0000,0,0.7692,0.2308,0.7949,30,31,39,0.4691,0.4691,3.6352,0.2051,0.375,0.125,0.5,0.625,0,0,0.8889,9,8,0.5538,0.1,0.1026,0.7949,0.0256,0.2308,0.0,0.0,0.8889,0.0,0.0,0.0,0.9743,0.0,completed,,0.36,17.118686
3447,86.0,49.1512,1,6.0,1.0,42,20160,42,138.0,2.4057,140.4057,0.6,1.6667,0.1429,0,0,0,0.0000,0.0,0.0000,0,0.8333,0.1667,0.8333,35,35,42,0.4811,0.4811,3.7288,0.1667,0.4286,0.0,0.5714,0.5714,0,0,0.6429,14,9,0.5661,0.1,0.119,0.8095,0.0476,0.3333,0.0,0.0,0.6429,0.0,0.0,0.0,0.6829,0.0,completed,,0.36,19.739199
3448,86.0,50.4572,1,6.0,1.0,38,18240,38,136.2857,2.0785,138.3642,0.5429,1.8421,0.1579,1,0,1,0.0263,0.0,0.0263,0,0.8158,0.1842,0.8421,31,32,38,0.4157,0.4157,3.2217,0.1579,0.5,0.0,0.5,0.5,0,0,0.8889,9,8,0.5502,0.1,0.0526,0.7632,0.0263,0.2368,0.0,0.0,0.8889,0.0,0.0,0.0,0.6931,0.0,completed,,0.36,18.444936
3449,86.0,53.0254,1,6.0,1.0,38,18240,38,136.2857,0.0,136.2857,0.5429,1.8421,0.1579,0,0,0,0.0000,0.0,0.0000,0,0.8684,0.1316,0.8684,33,33,38,0.0,0.0,0.0,0.1316,0.0,0.2,0.8,1.0,0,0,0.7857,14,11,0.5429,0.1,0.0526,0.8158,0.0,0.3684,0.0,0.0,0.7857,0.0,0.0,0.0,0.5004,0.0,completed,,0.36,19.415616
3450,25.7906,12.5808,0,2.0,0.3333,23,11040,70,150.0,0.8676,150.8676,1.0,1.0145,0.087,1,0,1,0.0435,0.0,0.0435,0,0.8696,0.1304,0.913,20,21,23,0.4338,0.4338,1.3448,0.087,0.5,0.0,0.5,0.5,0,0,0.8182,11,9,0.5577,0.1,0.0435,0.8696,0.0,0.4783,0.0,0.0,0.8182,0.0,0.0,0.0,0.6931,0.0,inner_patrol,obstacle,0.36,20.461861
3451,86.0,50.4003,1,6.0,1.0,39,18720,39,136.7143,1.5617,138.276,0.5571,1.7949,0.1538,1,0,1,0.0256,0.0,0.0256,0,0.8205,0.1795,0.8462,32,33,39,0.3123,0.3123,2.4207,0.1538,0.3333,0.1667,0.5,0.6667,0,0,0.8889,9,8,0.5473,0.1,0.0513,0.7692,0.0256,0.2308,0.0,0.0,0.8889,0.0,0.0,0.0,1.0114,0.0,completed,,0.36,17.810078
3452,4.6993,2.2923,0,1.0,0.1667,14,6720,70,150.0,0.0,150.0,1.0,0.8333,0.0714,1,0,1,0.0714,0.0,0.0714,0,0.8571,0.1429,0.9286,12,13,14,0.0,0.0,0.0,0.0714,0.0,1.0,0.0,1.0,0,0,0.75,4,3,0.5093,0.1,0.0714,0.7857,0.0,0.2857,0.0,0.0,0.75,0.0,0.0,0.0,-0.0,0.0,enter_inner,obstacle,0.36,16.547384
3453,27.8475,13.5841,0,3.0,0.5,23,11040,70,150.0,0.7328,150.7328,1.0,1.5217,0.1304,0,0,0,0.0000,0.0,0.0000,0,0.8261,0.1739,0.8696,19,20,23,0.2443,0.2443,1.1359,0.1304,0.3333,0.3333,0.3333,0.6667,0,0,0.875,8,7,0.5618,0.1,0.087,0.913,0.0435,0.3478,0.0,0.0,0.875,0.0,0.0,0.0,1.0986,0.0,return_outer,obstacle,0.36,14.69493
3454,86.0,48.8182,1,6.0,1.0,41,19680,41,137.5714,2.3633,139.9348,0.5857,1.7073,0.1463,0,0,0,0.0000,0.0,0.0000,0,0.8293,0.1707,0.8293,34,34,41,0.4727,0.4727,3.6632,0.1707,0.4286,0.1429,0.4286,0.5714,0,0,0.6923,13,9,0.5805,0.1,0.122,0.7317,0.0732,0.3171,0.0,0.0,0.6923,0.0,0.0,0.0,1.0042,0.0,completed,,0.36,13.347706
3455,86.0,51.4271,1,6.0,1.0,38,18240,38,136.2857,1.7267,138.0125,0.5429,1.8421,0.1579,1,0,1,0.0263,0.0,0.0263,0,0.8158,0.1842,0.8158,31,31,38,0.3453,0.3453,2.6765,0.1842,0.2857,0.0,0.7143,0.7143,0,0,0.9091,11,10,0.5592,0.1,0.0526,0.7895,0.0263,0.2895,0.0,0.0,0.9091,0.0,0.0,0.0,0.5983,0.0,completed,,0.36,13.079042
3456,5.091,2.4834,0,1.0,0.1667,15,7200,70,150.0,0.0,150.0,1.0,0.7778,0.0667,1,0,1,0.0667,0.0,0.0667,0,0.8667,0.1333,0.9333,13,14,15,0.0,0.0,0.0,0.0667,0.0,0.0,1.0,1.0,0,0,0.4,5,2,0.5186,0.1,0.0667,0.7333,0.0,0.3333,0.0,0.0,0.4,0.0,0.0,0.0,-0.0,0.0,enter_inner,obstacle,0.36,15.079825
3457,53.1231,25.9137,0,4.0,0.6667,30,14400,70,150.0,0.0,150.0,1.0,1.5556,0.1333,1,0,1,0.0333,0.0,0.0333,0,0.8333,0.1667,0.8667,25,26,30,0.0,0.0,0.0,0.1333,0.0,0.0,1.0,1.0,0,0,0.875,8,7,0.5496,0.1,0.0333,0.7667,0.0,0.2667,0.0,0.0,0.875,0.0,0.0,0.0,-0.0,0.0,outer_patrol_b,road_edge,0.36,15.090804
3458,5.3482,2.6089,0,1.0,0.1667,15,7200,70,150.0,0.0,150.0,1.0,0.7778,0.0667,0,0,0,0.0000,0.0,0.0000,0,0.8667,0.1333,0.8667,13,13,15,0.0,0.0,0.0,0.1333,0.0,0.0,1.0,1.0,0,0,0.5,6,3,0.5407,0.1,0.1333,0.7333,0.0,0.4,0.0,0.0,0.5,0.0,0.0,0.0,-0.0,0.0,enter_inner,obstacle,0.36,15.156651
3459,86.0,52.9543,1,6.0,1.0,43,20640,43,138.4286,0.0,138.4286,0.6143,1.6279,0.1395,1,0,1,0.0233,0.0,0.0233,0,0.7907,0.2093,0.8372,34,36,43,0.0,0.0,0.0,0.1628,0.0,0.0,1.0,1.0,0,0,0.4286,14,6,0.5833,0.1,0.1395,0.7442,0.093,0.3256,0.0,0.0,0.4286,0.0,0.0,0.0,-0.0,0.0,completed,,0.36,16.412653
3460,67.2962,32.8274,0,5.0,0.8333,41,19680,70,150.0,0.0,150.0,1.0,1.4228,0.122,1,0,1,0.0244,0.0,0.0244,0,0.7805,0.2195,0.8049,32,33,41,0.0,0.0,0.0,0.1951,0.0,0.25,0.75,1.0,0,0,0.6111,18,11,0.5906,0.1,0.2195,0.8537,0.0976,0.439,0.0,0.0,0.6111,0.0,0.0,0.0,0.5623,0.0,final_park,wall,0.36,14.892612
3461,86.0,53.1295,1,6.0,1.0,39,18720,39,136.7143,0.0,136.7143,0.5571,1.7949,0.1538,1,0,1,0.0256,0.0,0.0256,0,0.8462,0.1538,0.8718,33,34,39,0.0,0.0,0.0,0.1282,0.0,0.0,1.0,1.0,0,0,0.625,8,5,0.5423,0.1,0.0256,0.7179,0.0,0.2051,0.0,0.0,0.625,0.0,0.0,0.0,-0.0,0.0,completed,,0.36,12.614382
3462,86.0,50.2848,1,6.0,1.0,41,19680,41,137.5714,1.5644,139.1358,0.5857,1.7073,0.1463,1,0,1,0.0244,0.0,0.0244,0,0.8293,0.1707,0.8293,34,34,41,0.3129,0.3129,2.4248,0.1707,0.2857,0.2857,0.4286,0.7143,0,0,0.6667,12,8,0.5713,0.1,0.0976,0.878,0.0732,0.2927,0.0,0.0,0.6667,0.0,0.0,0.0,1.079,0.0,completed,,0.36,11.286126
3463,28.8458,14.0711,0,3.0,0.5,26,12480,70,150.0,0.815,150.815,1.0,1.3462,0.1154,1,0,1,0.0385,0.0,0.0385,0,0.7692,0.2308,0.8077,20,21,26,0.2717,0.2717,1.2633,0.1923,0.2,0.0,0.8,0.8,0,0,0.625,8,5,0.5634,0.1,0.1154,0.6923,0.0,0.3077,0.0,0.0,0.625,0.0,0.0,0.0,0.5004,0.0,return_outer,obstacle,0.36,12.428951
3464,29.4483,14.365,0,3.0,0.5,27,12960,70,150.0,0.6011,150.6011,1.0,1.2963,0.1111,1,0,1,0.0370,0.0,0.0370,0,0.7407,0.2593,0.7778,20,21,27,0.2004,0.2004,0.9317,0.2222,0.1667,0.1667,0.6667,0.8333,0,0,0.6,10,6,0.6021,0.1,0.2222,0.8148,0.1111,0.3704,0.0,0.0,0.6,0.0,0.0,0.0,0.8676,0.0,return_outer,obstacle,0.36,13.779028
3465,41.9987,20.4872,0,4.0,0.6667,24,11520,70,150.0,0.0,150.0,1.0,1.9444,0.1667,0,0,0,0.0000,0.0,0.0000,0,0.75,0.25,0.7917,18,19,24,0.0,0.0,0.0,0.2083,0.0,0.4,0.6,1.0,0,0,0.8,5,4,0.564,0.1,0.0833,0.75,0.0833,0.2083,0.0,0.0,0.8,0.0,0.0,0.0,0.673,0.0,outer_patrol_b,road_edge,0.36,13.775585
3466,5.9565,2.9056,0,1.0,0.1667,13,6240,70,150.0,0.0,150.0,1.0,0.8974,0.0769,1,0,1,0.0769,0.0,0.0769,0,0.9231,0.0769,0.9231,12,12,13,0.0,0.0,0.0,0.0769,0.0,0.0,1.0,1.0,0,0,0.6667,3,2,0.5075,0.1,0.0769,0.7692,0.0,0.2308,0.0,0.0,0.6667,0.0,0.0,0.0,-0.0,0.0,enter_inner,obstacle,0.36,12.996548
3467,86.0,50.3825,1,6.0,1.0,43,20640,43,138.4286,1.3407,139.7692,0.6143,1.6279,0.1395,1,0,1,0.0233,0.0,0.0233,0,0.7907,0.2093,0.8372,34,36,43,0.2681,0.2681,2.078,0.1628,0.2857,0.0,0.7143,0.7143,0,0,0.6875,16,11,0.5591,0.1,0.1163,0.7442,0.0465,0.3721,0.0,0.0,0.6875,0.0,0.0,0.0,0.5983,0.0,completed,,0.36,15.204145
3468,86.0,52.7992,1,6.0,1.0,36,17280,36,135.4286,0.7056,136.1342,0.5143,1.9444,0.1667,0,0,0,0.0000,0.0,0.0000,0,0.8333,0.1667,0.8333,30,30,36,0.1411,0.1411,1.0937,0.1667,0.1667,0.1667,0.6667,0.8333,0,0,0.8571,7,6,0.5465,0.1,0.0556,0.75,0.0278,0.1944,0.0,0.0,0.8571,0.0,0.0,0.0,0.8676,0.0,completed,,0.36,13.542736
3469,42.8252,20.8903,0,4.0,0.6667,25,12000,70,150.0,0.0,150.0,1.0,1.8667,0.16,0,0,0,0.0000,0.0,0.0000,0,0.8,0.2,0.8,20,20,25,0.0,0.0,0.0,0.2,0.0,0.0,1.0,1.0,0,0,0.5714,7,4,0.5885,0.1,0.16,0.72,0.08,0.28,0.0,0.0,0.5714,0.0,0.0,0.0,-0.0,0.0,outer_patrol_b,road_edge,0.36,14.44888
3470,86.0,49.0719,1,6.0,1.0,45,21600,45,139.2857,1.6666,140.9524,0.6429,1.5556,0.1333,1,0,1,0.0222,0.0,0.0222,0,0.8222,0.1778,0.8444,37,38,45,0.3333,0.3333,2.5833,0.1556,0.2857,0.1429,0.5714,0.7143,0,0,0.5714,14,8,0.5762,0.1,0.1333,0.8,0.0667,0.3111,0.0,0.0,0.5714,0.0,0.0,0.0,0.9557,0.0,completed,,0.36,10.332059
3471,3.3459,1.6321,0,1.0,0.1667,16,7680,70,150.0,0.0,150.0,1.0,0.7292,0.0625,0,0,0,0.0000,0.0,0.0000,0,0.875,0.125,0.9375,14,15,16,0.0,0.0,0.0,0.0625,0.0,1.0,0.0,1.0,0,0,0.3333,3,1,0.5202,0.1,0.0625,0.5,0.0,0.1875,0.0,0.0,0.3333,0.0,0.0,0.0,-0.0,0.0,enter_inner,obstacle,0.36,13.896732
3472,15.3822,7.5035,0,2.0,0.3333,18,8640,70,150.0,0.8169,150.8169,1.0,1.2963,0.1111,1,0,1,0.0556,0.0,0.0556,0,0.7778,0.2222,0.7778,14,14,18,0.4085,0.4085,1.2662,0.2222,0.25,0.25,0.5,0.75,0,0,0.0,1,0,0.5255,0.1,0.0556,0.6667,0.0,0.0556,0.0,0.0,0.0,0.0,0.0,0.0,1.0397,0.0,inner_patrol,obstacle,0.36,16.597286
3473,86.0,49.253,1,6.0,1.0,41,19680,41,137.5714,3.0156,140.587,0.5857,1.7073,0.1463,0,0,0,0.0000,0.0,0.0000,0,0.7561,0.2439,0.7805,31,32,41,0.6031,0.6031,4.6742,0.2195,0.4444,0.0,0.5556,0.5556,0,0,0.7778,9,7,0.5783,0.1,0.1707,0.878,0.0732,0.2195,0.0,0.0,0.7778,0.0,0.0,0.0,0.687,0.0,completed,,0.36,18.56921
3474,64.8591,31.6386,0,5.0,0.8333,39,18720,70,150.0,0.6879,150.6879,1.0,1.4957,0.1282,0,0,0,0.0000,0.0,0.0000,0,0.8205,0.1795,0.8462,32,33,39,0.1376,0.1376,1.0663,0.1538,0.1667,0.0,0.8333,0.8333,0,0,0.5455,11,6,0.5572,0.1,0.1026,0.6667,0.0256,0.2821,0.0,0.0,0.5455,0.0,0.0,0.0,0.4506,0.0,final_park,wall,0.36,20.022138
3475,86.0,49.5319,1,6.0,1.0,41,19680,41,137.5714,2.1391,139.7105,0.5857,1.7073,0.1463,0,0,0,0.0000,0.0,0.0000,0,0.8049,0.1951,0.8293,33,34,41,0.4278,0.4278,3.3156,0.1707,0.4286,0.0,0.5714,0.5714,0,0,0.7273,11,8,0.5674,0.1,0.0732,0.7317,0.0488,0.2683,0.0,0.0,0.7273,0.0,0.0,0.0,0.6829,0.0,completed,,0.36,19.815287
3476,32.9455,16.071,0,4.0,0.6667,30,14400,70,150.0,2.3568,152.3568,1.0,1.5556,0.1333,0,0,0,0.0000,0.0,0.0000,0,0.8,0.2,0.8,24,24,30,0.5892,0.5892,3.653,0.2,0.5,0.1667,0.3333,0.5,0,0,0.5833,12,7,0.6136,0.1,0.2,0.8667,0.1667,0.4,0.0,0.0,0.5833,0.0,0.0,0.0,1.0114,0.0,outer_patrol_b,road_edge,0.36,18.212953
3477,4.6988,2.2921,0,1.0,0.1667,14,6720,70,150.0,0.0,150.0,1.0,0.8333,0.0714,1,0,1,0.0714,0.0,0.0714,0,0.8571,0.1429,0.9286,12,13,14,0.0,0.0,0.0,0.0714,0.0,1.0,0.0,1.0,0,0,0.75,4,3,0.511,0.1,0.0714,0.8571,0.0,0.2857,0.0,0.0,0.75,0.0,0.0,0.0,-0.0,0.0,enter_inner,obstacle,0.36,16.487555
3478,86.0,52.7615,1,6.0,1.0,36,17280,36,135.4286,0.809,136.2375,0.5143,1.9444,0.1667,0,0,0,0.0000,0.0,0.0000,0,0.8056,0.1944,0.8056,29,29,36,0.1618,0.1618,1.2539,0.1944,0.1429,0.1429,0.7143,0.8571,0,0,0.875,8,7,0.5496,0.1,0.0833,0.8889,0.0278,0.2222,0.0,0.0,0.875,0.0,0.0,0.0,0.7963,0.0,completed,,0.36,15.383548
3479,35.7019,17.4156,0,4.0,0.6667,29,13920,70,150.0,1.649,151.649,1.0,1.6092,0.1379,0,0,0,0.0000,0.0,0.0000,0,0.7931,0.2069,0.7931,23,23,29,0.4123,0.4123,2.556,0.2069,0.3333,0.0,0.6667,0.6667,0,0,0.6429,14,9,0.6193,0.1,0.2414,0.8276,0.1379,0.4828,0.0,0.0,0.6429,0.0,0.0,0.0,0.6365,0.0,outer_patrol_b,road_edge,0.36,14.933401
3480,86.0,53.1208,1,6.0,1.0,38,18240,38,136.2857,0.6545,136.9402,0.5429,1.8421,0.1579,1,0,1,0.0263,0.0,0.0263,0,0.7895,0.2105,0.8158,30,31,38,0.1309,0.1309,1.0145,0.1842,0.1429,0.0,0.8571,0.8571,0,0,0.8333,12,10,0.5538,0.1,0.1053,0.7632,0.0526,0.3158,0.0,0.0,0.8333,0.0,0.0,0.0,0.4101,0.0,completed,,0.36,12.983172
3481,86.0,52.7957,1,6.0,1.0,41,19680,41,137.5714,0.6681,138.2395,0.5857,1.7073,0.1463,1,0,1,0.0244,0.0,0.0244,0,0.7805,0.2195,0.8293,32,34,41,0.1336,0.1336,1.0355,0.1951,0.125,0.0,0.875,0.875,0,0,0.6154,13,8,0.5638,0.1,0.1951,0.7805,0.0488,0.3171,0.0,0.0,0.6154,0.0,0.0,0.0,0.3768,0.0,completed,,0.36,13.891068
3482,86.0,53.3698,1,6.0,1.0,35,16800,35,135.0,0.0,135.0,0.5,2.0,0.1714,1,0,1,0.0286,0.0,0.0286,0,0.8286,0.1714,0.8571,29,30,35,0.0,0.0,0.0,0.1429,0.0,0.4,0.6,1.0,0,0,0.8889,9,8,0.5422,0.1,0.0857,0.8,0.0,0.2571,0.0,0.0,0.8889,0.0,0.0,0.0,0.673,0.0,completed,,0.36,13.896368
3483,67.9692,33.1557,0,4.0,0.6667,34,16320,70,150.0,0.0,150.0,1.0,1.3725,0.1176,1,0,1,0.0294,0.0,0.0294,0,0.8824,0.1176,0.8824,30,30,34,0.0,0.0,0.0,0.1176,0.0,0.0,1.0,1.0,0,0,0.8571,7,6,0.5313,0.1,0.0294,0.7647,0.0,0.2059,0.0,0.0,0.8571,0.0,0.0,0.0,-0.0,0.0,outer_patrol_b,road_edge,0.36,15.278924
3484,86.0,52.4979,1,6.0,1.0,38,18240,38,136.2857,0.0,136.2857,0.5429,1.8421,0.1579,1,0,1,0.0263,0.0,0.0263,0,0.8684,0.1316,0.8684,33,33,38,0.0,0.0,0.0,0.1316,0.0,0.4,0.6,1.0,0,0,0.6923,13,9,0.557,0.1,0.1053,0.8421,0.0263,0.3421,0.0,0.0,0.6923,0.0,0.0,0.0,0.673,0.0,completed,,0.36,12.236142
3485,86.0,51.0271,1,6.0,1.0,42,20160,42,138.0,1.2444,139.2444,0.6,1.6667,0.1429,0,0,0,0.0000,0.0,0.0000,0,0.8333,0.1667,0.8333,35,35,42,0.2489,0.2489,1.9289,0.1667,0.2857,0.1429,0.5714,0.7143,0,0,0.5714,14,8,0.5788,0.1,0.1905,0.8095,0.0714,0.3333,0.0,0.0,0.5714,0.0,0.0,0.0,0.9557,0.0,completed,,0.36,12.266467
3486,12.3491,6.024,0,2.0,0.3333,21,10080,70,150.0,0.0,150.0,1.0,1.1111,0.0952,0,0,0,0.0000,0.0,0.0000,0,0.6667,0.3333,0.8571,14,18,21,0.0,0.0,0.0,0.1429,0.0,0.0,1.0,1.0,0,0,0.2857,7,2,0.5144,0.1,0.0952,0.8571,0.0,0.3333,0.0,0.0,0.2857,0.0,0.0,0.0,-0.0,0.0,inner_patrol,obstacle,0.36,13.378501
3487,68.1307,33.2345,0,5.0,0.8333,36,17280,70,150.0,0.8062,150.8062,1.0,1.6204,0.1389,0,0,0,0.0000,0.0,0.0000,0,0.8333,0.1667,0.8333,30,30,36,0.1612,0.1612,1.2495,0.1667,0.1667,0.0,0.8333,0.8333,0,0,0.9,10,9,0.5492,0.1,0.0556,0.8333,0.0278,0.2778,0.0,0.0,0.9,0.0,0.0,0.0,0.4506,0.0,final_park,wall,0.36,13.725556
3488,86.0,50.9248,1,6.0,1.0,40,19200,40,137.1429,1.4912,138.634,0.5714,1.75,0.15,1,0,1,0.0250,0.0,0.0250,0,0.775,0.225,0.8,31,32,40,0.2982,0.2982,2.3113,0.2,0.25,0.125,0.625,0.75,0,0,0.75,12,9,0.5696,0.1,0.175,0.675,0.075,0.3,0.0,0.0,0.75,0.0,0.0,0.0,0.9003,0.0,completed,,0.36,13.980827
3489,86.0,53.0162,1,6.0,1.0,41,19680,41,137.5714,0.0,137.5714,0.5857,1.7073,0.1463,0,0,0,0.0000,0.0,0.0000,0,0.8293,0.1707,0.8293,34,34,41,0.0,0.0,0.0,0.1707,0.0,0.1429,0.8571,1.0,0,0,0.6667,9,6,0.5499,0.1,0.122,0.8049,0.0488,0.2195,0.0,0.0,0.6667,0.0,0.0,0.0,0.4101,0.0,completed,,0.36,14.369118
3490,16.3182,7.9601,0,2.0,0.3333,15,7200,70,150.0,0.0,150.0,1.0,1.5556,0.1333,0,0,0,0.0000,0.0,0.0000,0,0.8667,0.1333,0.8667,13,13,15,0.0,0.0,0.0,0.1333,0.0,0.0,1.0,1.0,0,0,0.75,4,3,0.5267,0.1,0.0667,0.6667,0.0,0.2667,0.0,0.0,0.75,0.0,0.0,0.0,-0.0,0.0,inner_patrol,obstacle,0.36,15.235447
3491,14.6906,7.1661,0,2.0,0.3333,18,8640,70,150.0,0.0,150.0,1.0,1.2963,0.1111,0,0,0,0.0000,0.0,0.0000,0,0.8333,0.1667,0.8889,15,16,18,0.0,0.0,0.0,0.1111,0.0,0.0,1.0,1.0,0,0,0.6667,3,2,0.5242,0.1,0.0,0.6111,0.0,0.1667,0.0,0.0,0.6667,0.0,0.0,0.0,-0.0,0.0,inner_patrol,obstacle,0.36,16.525007
3492,86.0,51.9563,1,6.0,1.0,38,18240,38,136.2857,0.8465,137.1322,0.5429,1.8421,0.1579,1,0,1,0.0263,0.0,0.0263,0,0.8158,0.1842,0.8158,31,31,38,0.1693,0.1693,1.312,0.1842,0.1429,0.1429,0.7143,0.8571,0,0,0.6,5,3,0.5515,0.1,0.0789,0.8684,0.0263,0.1316,0.0,0.0,0.6,0.0,0.0,0.0,0.7963,0.0,completed,,0.36,13.660135
3493,86.0,50.7586,1,6.0,1.0,42,20160,42,138.0,0.894,138.894,0.6,1.6667,0.1429,1,0,1,0.0238,0.0,0.0238,0,0.8095,0.1905,0.8333,34,35,42,0.1788,0.1788,1.3857,0.1667,0.1429,0.2857,0.5714,0.8571,0,0,0.4444,9,4,0.5602,0.1,0.0952,0.7381,0.0476,0.2143,0.0,0.0,0.4444,0.0,0.0,0.0,0.9557,0.0,completed,,0.36,13.059969
3494,25.3302,12.3562,0,3.0,0.5,25,12000,70,150.0,1.6619,151.6619,1.0,1.4,0.12,1,0,1,0.0400,0.0,0.0400,0,0.72,0.28,0.76,18,19,25,0.554,0.554,2.576,0.24,0.3333,0.1667,0.5,0.6667,0,0,0.75,8,6,0.5979,0.1,0.2,0.92,0.12,0.32,0.0,0.0,0.75,0.0,0.0,0.0,1.0114,0.0,return_outer,obstacle,0.36,14.279419
3495,5.2811,2.5761,0,1.0,0.1667,14,6720,70,150.0,0.0,150.0,1.0,0.8333,0.0714,0,0,0,0.0000,0.0,0.0000,0,0.9286,0.0714,0.9286,13,13,14,0.0,0.0,0.0,0.0714,0.0,0.0,1.0,1.0,0,0,0.0,2,0,0.5124,0.1,0.0714,0.6429,0.0,0.1429,0.0,0.0,0.0,0.0,0.0,0.0,-0.0,0.0,enter_inner,obstacle,0.36,15.186905
3496,86.0,50.6922,1,6.0,1.0,46,22080,46,139.7143,1.3797,141.094,0.6571,1.5217,0.1304,1,0,1,0.0217,0.0,0.0217,0,0.8043,0.1957,0.8043,37,37,46,0.2759,0.2759,2.1386,0.1957,0.2222,0.1111,0.6667,0.7778,0,0,0.4444,18,8,0.6195,0.1,0.2609,0.8696,0.1739,0.3913,0.0,0.0,0.4444,0.0,0.0,0.0,0.8487,0.0,completed,,0.36,18.740986
3497,86.0,51.7516,1,6.0,1.0,39,18720,39,136.7143,0.8654,137.5797,0.5571,1.7949,0.1538,1,0,1,0.0256,0.0,0.0256,0,0.7949,0.2051,0.7949,31,31,39,0.1731,0.1731,1.3413,0.2051,0.125,0.125,0.75,0.875,0,0,0.6923,13,9,0.559,0.1,0.1026,0.8718,0.0513,0.3333,0.0,0.0,0.6923,0.0,0.0,0.0,0.7356,0.0,completed,,0.36,17.915228
3498,5.9331,2.8942,0,1.0,0.1667,14,6720,70,150.0,0.0,150.0,1.0,0.8333,0.0714,1,0,1,0.0714,0.0,0.0714,0,0.9286,0.0714,0.9286,13,13,14,0.0,0.0,0.0,0.0714,0.0,0.0,1.0,1.0,0,0,1.0,3,3,0.5237,0.1,0.0,0.6429,0.0,0.2143,0.0,0.0,1.0,0.0,0.0,0.0,-0.0,0.0,enter_inner,obstacle,0.36,17.445091
3499,70.3299,34.3073,0,5.0,0.8333,35,16800,70,150.0,0.0,150.0,1.0,1.6667,0.1429,1,0,1,0.0286,0.0,0.0286,0,0.8286,0.1714,0.8286,29,29,35,0.0,0.0,0.0,0.1714,0.0,0.0,1.0,1.0,0,0,0.7143,7,5,0.5448,0.1,0.0857,0.6857,0.0,0.2,0.0,0.0,0.7143,0.0,0.0,0.0,-0.0,0.0,final_park,wall,0.36,15.027293
3500,5.9165,2.8861,0,1.0,0.1667,14,6720,70,150.0,0.0,150.0,1.0,0.8333,0.0714,1,0,1,0.0714,0.0,0.0714,0,0.8571,0.1429,0.8571,12,12,14,0.0,0.0,0.0,0.1429,0.0,0.5,0.5,1.0,0,0,0.6,5,3,0.5657,0.1,0.1429,0.7143,0.1429,0.3571,0.0,0.0,0.6,0.0,0.0,0.0,0.6931,0.0,enter_inner,obstacle,0.36,14.957398
3501,86.0,51.2515,1,6.0,1.0,38,18240,38,136.2857,0.8666,137.1523,0.5429,1.8421,0.1579,0,0,0,0.0000,0.0,0.0000,0,0.7895,0.2105,0.8421,30,32,38,0.1733,0.1733,1.3432,0.1579,0.1667,0.1667,0.6667,0.8333,0,0,0.8182,11,9,0.5423,0.1,0.1053,0.8421,0.0,0.2895,0.0,0.0,0.8182,0.0,0.0,0.0,0.8676,0.0,completed,,0.36,14.604213
3502,86.0,51.6873,1,6.0,1.0,39,18720,39,136.7143,0.7523,137.4666,0.5571,1.7949,0.1538,0,0,0,0.0000,0.0,0.0000,0,0.7692,0.2308,0.8205,30,32,39,0.1505,0.1505,1.1661,0.1795,0.1429,0.0,0.8571,0.8571,0,0,0.7778,9,7,0.5488,0.1,0.0769,0.7179,0.0256,0.2308,0.0,0.0,0.7778,0.0,0.0,0.0,0.4101,0.0,completed,,0.36,16.299434
3503,3.9284,1.9163,0,1.0,0.1667,16,7680,70,150.0,0.0,150.0,1.0,0.7292,0.0625,0,0,0,0.0000,0.0,0.0000,0,0.9375,0.0625,0.9375,15,15,16,0.0,0.0,0.0,0.0625,0.0,0.0,1.0,1.0,0,0,0.5,4,2,0.5074,0.1,0.0,0.75,0.0,0.25,0.0,0.0,0.5,0.0,0.0,0.0,-0.0,0.0,enter_inner,obstacle,0.36,15.865071
3504,35.6774,17.4036,0,4.0,0.6667,28,13440,70,150.0,2.4676,152.4676,1.0,1.6667,0.1429,1,0,1,0.0357,0.0,0.0357,0,0.75,0.25,0.7857,21,22,28,0.6169,0.6169,3.8248,0.2143,0.5,0.0,0.5,0.5,0,0,1.0,9,9,0.576,0.1,0.1071,0.8214,0.0714,0.3214,0.0,0.0,1.0,0.0,0.0,0.0,0.6931,0.0,outer_patrol_b,road_edge,0.36,14.952163
3505,86.0,52.1776,1,6.0,1.0,40,19200,40,137.1429,0.7662,137.9091,0.5714,1.75,0.15,0,0,0,0.0000,0.0,0.0000,0,0.825,0.175,0.825,33,33,40,0.1532,0.1532,1.1877,0.175,0.1429,0.1429,0.7143,0.8571,0,0,0.6154,13,8,0.5641,0.1,0.1,0.825,0.05,0.325,0.0,0.0,0.6154,0.0,0.0,0.0,0.7963,0.0,completed,,0.36,13.278024
3506,86.0,52.0412,1,6.0,1.0,40,19200,40,137.1429,0.0,137.1429,0.5714,1.75,0.15,1,0,1,0.0250,0.0,0.0250,0,0.825,0.175,0.875,33,35,40,0.0,0.0,0.0,0.125,0.0,0.2,0.8,1.0,0,0,0.6667,12,8,0.546,0.1,0.075,0.75,0.0,0.3,0.0,0.0,0.6667,0.0,0.0,0.0,0.5004,0.0,completed,,0.36,11.747796
3507,86.0,53.3839,1,6.0,1.0,38,18240,38,136.2857,0.0,136.2857,0.5429,1.8421,0.1579,0,0,0,0.0000,0.0,0.0000,0,0.7632,0.2368,0.8158,29,31,38,0.0,0.0,0.0,0.1842,0.0,0.1429,0.8571,1.0,0,0,0.8,10,8,0.5517,0.1,0.1053,0.8158,0.0263,0.2632,0.0,0.0,0.8,0.0,0.0,0.0,0.4101,0.0,completed,,0.36,14.958036
3508,86.0,52.2127,1,6.0,1.0,43,20640,43,138.4286,0.854,139.2826,0.6143,1.6279,0.1395,1,0,1,0.0233,0.0,0.0233,0,0.814,0.186,0.814,35,35,43,0.1708,0.1708,1.3237,0.186,0.125,0.0,0.875,0.875,0,0,0.5333,15,8,0.5967,0.1,0.2093,0.7442,0.1163,0.3488,0.0,0.0,0.5333,0.0,0.0,0.0,0.3768,0.0,completed,,0.36,13.196687
3509,86.0,53.4557,1,6.0,1.0,38,18240,38,136.2857,0.0,136.2857,0.5429,1.8421,0.1579,1,0,1,0.0263,0.0,0.0263,0,0.8158,0.1842,0.8421,31,32,38,0.0,0.0,0.0,0.1579,0.0,0.1667,0.8333,1.0,0,0,0.625,8,5,0.5514,0.1,0.1053,0.7368,0.0263,0.2105,0.0,0.0,0.625,0.0,0.0,0.0,0.4506,0.0,completed,,0.36,15.73682
3510,86.0,51.5351,1,6.0,1.0,40,19200,40,137.1429,0.6675,137.8104,0.5714,1.75,0.15,1,0,1,0.0250,0.0,0.0250,0,0.8,0.2,0.85,32,34,40,0.1335,0.1335,1.0347,0.15,0.1667,0.0,0.8333,0.8333,0,0,0.7692,13,10,0.5576,0.1,0.15,0.8,0.025,0.325,0.0,0.0,0.7692,0.0,0.0,0.0,0.4506,0.0,completed,,0.36,15.760258
3511,37.7555,18.4173,0,4.0,0.6667,24,11520,70,150.0,1.4539,151.4539,1.0,1.9444,0.1667,0,0,0,0.0000,0.0,0.0000,0,0.75,0.25,0.7917,18,19,24,0.3635,0.3635,2.2535,0.2083,0.4,0.0,0.6,0.6,0,0,1.0,8,8,0.555,0.1,0.0417,0.9583,0.0,0.3333,0.0,0.0,1.0,0.0,0.0,0.0,0.673,0.0,outer_patrol_b,road_edge,0.36,14.924986
3512,3.772,1.84,0,0.0,0.0,12,5760,70,150.0,0.0,150.0,1.0,0.0,0.0,0,0,0,0.0000,0.0,0.0000,0,1.0,0.0,1.0,12,12,12,0.0,0.0,0.0,0.0,0.0,0.0,0.0,0.0,0,0,0.8,5,4,0.5011,0.1,0.0,0.6667,0.0,0.4167,0.0,0.0,0.8,0.0,0.0,0.0,0.0,0.0,outer_patrol_a,road_edge,0.36,15.383397
3513,16.2784,7.9407,0,2.0,0.3333,16,7680,70,150.0,0.0,150.0,1.0,1.4583,0.125,1,0,1,0.0625,0.0,0.0625,0,0.8125,0.1875,0.8125,13,13,16,0.0,0.0,0.0,0.1875,0.0,0.3333,0.6667,1.0,0,0,0.5,4,2,0.5431,0.1,0.125,0.8125,0.0625,0.25,0.0,0.0,0.5,0.0,0.0,0.0,0.6365,0.0,inner_patrol,obstacle,0.36,13.507721
3514,86.0,52.9106,1,6.0,1.0,38,18240,38,136.2857,0.8709,137.1566,0.5429,1.8421,0.1579,0,0,0,0.0000,0.0,0.0000,0,0.7895,0.2105,0.8158,30,31,38,0.1742,0.1742,1.3499,0.1842,0.1429,0.0,0.8571,0.8571,0,0,0.7143,7,5,0.5417,0.1,0.0789,0.6053,0.0263,0.1842,0.0,0.0,0.7143,0.0,0.0,0.0,0.4101,0.0,completed,,0.36,12.327795
3515,18.4976,9.0232,0,2.0,0.3333,19,9120,70,150.0,0.0,150.0,1.0,1.2281,0.1053,1,0,1,0.0526,0.0,0.0526,0,0.7895,0.2105,0.7895,15,15,19,0.0,0.0,0.0,0.2105,0.0,0.25,0.75,1.0,0,0,0.0,3,0,0.5809,0.1,0.1579,0.6842,0.1579,0.1579,0.0,0.0,0.0,0.0,0.0,0.0,0.5623,0.0,inner_patrol,obstacle,0.36,14.548952
3516,86.0,53.1528,1,6.0,1.0,36,17280,36,135.4286,0.8603,136.2889,0.5143,1.9444,0.1667,0,0,0,0.0000,0.0,0.0000,0,0.8333,0.1667,0.8333,30,30,36,0.1721,0.1721,1.3334,0.1667,0.1667,0.0,0.8333,0.8333,0,0,0.8333,6,5,0.5392,0.1,0.0833,0.75,0.0,0.1667,0.0,0.0,0.8333,0.0,0.0,0.0,0.4506,0.0,completed,,0.36,15.994528
3517,61.7657,30.1296,0,4.0,0.6667,40,19200,70,150.0,0.0,150.0,1.0,1.1667,0.1,1,0,1,0.0250,0.0,0.0250,0,0.825,0.175,0.825,33,33,40,0.0,0.0,0.0,0.175,0.0,0.0,1.0,1.0,0,0,0.5,16,8,0.5877,0.1,0.175,0.875,0.1,0.4,0.0,0.0,0.5,0.0,0.0,0.0,-0.0,0.0,outer_patrol_b,road_edge,0.36,17.939856
3518,86.0,53.0001,1,6.0,1.0,40,19200,40,137.1429,0.0,137.1429,0.5714,1.75,0.15,0,0,0,0.0000,0.0,0.0000,0,0.8,0.2,0.825,32,33,40,0.0,0.0,0.0,0.175,0.0,0.2857,0.7143,1.0,0,0,0.6471,17,11,0.5914,0.1,0.225,0.85,0.1,0.425,0.0,0.0,0.6471,0.0,0.0,0.0,0.5983,0.0,completed,,0.36,16.112609
3519,86.0,52.5308,1,6.0,1.0,39,18720,39,136.7143,0.623,137.3373,0.5571,1.7949,0.1538,1,0,1,0.0256,0.0,0.0256,0,0.8462,0.1538,0.8462,33,33,39,0.1246,0.1246,0.9656,0.1538,0.1667,0.0,0.8333,0.8333,0,0,0.7,10,7,0.5524,0.1,0.0769,0.7179,0.0256,0.2564,0.0,0.0,0.7,0.0,0.0,0.0,0.4506,0.0,completed,,0.36,16.800561
3520,-10.0,-6.31,0,0.0,0.0,7,3360,70,150.0,0.0,150.0,1.0,0.0,0.0,0,0,0,0.0000,0.0,0.0000,0,1.0,0.0,1.0,7,7,7,0.0,0.0,0.0,0.0,0.0,0.0,0.0,0.0,0,0,0.0,2,0,0.5047,0.1,0.0,0.8571,0.0,0.2857,0.0,0.0,0.0,0.0,0.0,0.0,0.0,0.0,outer_patrol_a,road_edge,0.36,16.707496
3521,3.8575,1.8817,0,1.0,0.1667,15,7200,70,150.0,0.0,150.0,1.0,0.7778,0.0667,1,0,1,0.0667,0.0,0.0667,0,0.8,0.2,0.9333,12,14,15,0.0,0.0,0.0,0.0667,0.0,1.0,0.0,1.0,0,0,0.0,1,0,0.5341,0.1,0.0667,0.4667,0.0667,0.0667,0.0,0.0,0.0,0.0,0.0,0.0,-0.0,0.0,enter_inner,obstacle,0.36,15.767369
3522,5.6094,2.7363,0,1.0,0.1667,14,6720,70,150.0,0.0,150.0,1.0,0.8333,0.0714,1,0,1,0.0714,0.0,0.0714,0,0.8571,0.1429,0.8571,12,12,14,0.0,0.0,0.0,0.1429,0.0,0.5,0.5,1.0,0,0,0.3333,3,1,0.5339,0.1,0.1429,0.8571,0.0714,0.2143,0.0,0.0,0.3333,0.0,0.0,0.0,0.6931,0.0,enter_inner,obstacle,0.36,14.817211
3523,29.3156,14.3003,0,3.0,0.5,27,12960,70,150.0,0.7339,150.7339,1.0,1.2963,0.1111,1,0,1,0.0370,0.0,0.0370,0,0.7778,0.2222,0.7778,21,21,27,0.2446,0.2446,1.1375,0.2222,0.1667,0.1667,0.6667,0.8333,0,0,0.4545,11,5,0.6356,0.1,0.2593,0.8148,0.1852,0.4074,0.0,0.0,0.4545,0.0,0.0,0.0,0.8676,0.0,return_outer,obstacle,0.36,14.58432
3524,2.8325,1.3817,0,1.0,0.1667,17,8160,70,150.0,0.0,150.0,1.0,0.6863,0.0588,0,0,0,0.0000,0.0,0.0000,0,0.9412,0.0588,0.9412,16,16,17,0.0,0.0,0.0,0.0588,0.0,1.0,0.0,1.0,0,0,0.25,4,1,0.5119,0.1,0.0588,0.6471,0.0,0.2353,0.0,0.0,0.25,0.0,0.0,0.0,-0.0,0.0,enter_inner,obstacle,0.36,14.847755
3525,86.0,54.2952,1,6.0,1.0,35,16800,35,135.0,0.0,135.0,0.5,2.0,0.1714,1,0,1,0.0286,0.0,0.0286,0,0.8,0.2,0.8571,28,30,35,0.0,0.0,0.0,0.1429,0.0,0.0,1.0,1.0,0,0,0.8571,7,6,0.5286,0.1,0.0286,0.7429,0.0,0.2,0.0,0.0,0.8571,0.0,0.0,0.0,-0.0,0.0,completed,,0.36,14.311606
3526,86.0,51.7247,1,6.0,1.0,40,19200,40,137.1429,0.6202,137.763,0.5714,1.75,0.15,0,0,0,0.0000,0.0,0.0000,0,0.85,0.15,0.85,34,34,40,0.124,0.124,0.9613,0.15,0.1667,0.1667,0.6667,0.8333,0,0,0.7273,11,8,0.5601,0.1,0.1,0.65,0.025,0.275,0.0,0.0,0.7273,0.0,0.0,0.0,0.8676,0.0,completed,,0.36,16.686067
3527,86.0,53.6027,1,6.0,1.0,40,19200,40,137.1429,0.0,137.1429,0.5714,1.75,0.15,0,0,0,0.0000,0.0,0.0000,0,0.775,0.225,0.825,31,33,40,0.0,0.0,0.0,0.175,0.0,0.0,1.0,1.0,0,0,0.6875,16,11,0.5689,0.1,0.15,0.75,0.05,0.4,0.0,0.0,0.6875,0.0,0.0,0.0,-0.0,0.0,completed,,0.36,17.630822
3528,28.1476,13.7305,0,3.0,0.5,22,10560,70,150.0,0.8222,150.8222,1.0,1.5909,0.1364,0,0,0,0.0000,0.0,0.0000,0,0.8636,0.1364,0.8636,19,19,22,0.2741,0.2741,1.2745,0.1364,0.3333,0.6667,0.0,0.6667,0,0,0.8571,7,6,0.5757,0.1,0.1364,0.8182,0.0909,0.3182,0.0,0.0,0.8571,0.0,0.0,0.0,0.6365,0.0,return_outer,obstacle,0.36,18.156647
3529,86.0,54.3755,1,6.0,1.0,35,16800,35,135.0,0.0,135.0,0.5,2.0,0.1714,1,0,1,0.0286,0.0,0.0286,0,0.8286,0.1714,0.8571,29,30,35,0.0,0.0,0.0,0.1429,0.0,0.0,1.0,1.0,0,0,1.0,7,7,0.539,0.1,0.0571,0.6286,0.0,0.2,0.0,0.0,1.0,0.0,0.0,0.0,-0.0,0.0,completed,,0.36,17.128101
3530,86.0,52.6952,1,6.0,1.0,35,16800,35,135.0,0.8535,135.8535,0.5,2.0,0.1714,1,0,1,0.0286,0.0,0.0286,0,0.8286,0.1714,0.8286,29,29,35,0.1707,0.1707,1.3229,0.1714,0.1667,0.1667,0.6667,0.8333,0,0,1.0,7,7,0.5383,0.1,0.0571,0.8857,0.0,0.2,0.0,0.0,1.0,0.0,0.0,0.0,0.8676,0.0,completed,,0.36,14.297982
3531,86.0,51.0669,1,6.0,1.0,40,19200,40,137.1429,1.6903,138.8332,0.5714,1.75,0.15,0,0,0,0.0000,0.0,0.0000,0,0.825,0.175,0.825,33,33,40,0.3381,0.3381,2.62,0.175,0.2857,0.0,0.7143,0.7143,0,0,0.8667,15,13,0.5616,0.1,0.125,0.725,0.025,0.375,0.0,0.0,0.8667,0.0,0.0,0.0,0.5983,0.0,completed,,0.36,12.662961
3532,4.8618,2.3716,0,1.0,0.1667,14,6720,70,150.0,0.0,150.0,1.0,0.8333,0.0714,0,0,0,0.0000,0.0,0.0000,0,0.9286,0.0714,0.9286,13,13,14,0.0,0.0,0.0,0.0714,0.0,1.0,0.0,1.0,0,0,0.3333,3,1,0.4961,0.1,0.0714,0.8571,0.0,0.2143,0.0,0.0,0.3333,0.0,0.0,0.0,-0.0,0.0,enter_inner,obstacle,0.36,14.321364
3533,16.1571,7.8815,0,2.0,0.3333,15,7200,70,150.0,0.0,150.0,1.0,1.5556,0.1333,1,0,1,0.0667,0.0,0.0667,0,0.8,0.2,0.8667,12,13,15,0.0,0.0,0.0,0.1333,0.0,0.0,1.0,1.0,0,0,1.0,3,3,0.5162,0.1,0.0,0.6667,0.0,0.2,0.0,0.0,1.0,0.0,0.0,0.0,-0.0,0.0,inner_patrol,obstacle,0.36,14.952126
3534,86.0,52.1107,1,6.0,1.0,39,18720,39,136.7143,1.3693,138.0836,0.5571,1.7949,0.1538,1,0,1,0.0256,0.0,0.0256,0,0.8205,0.1795,0.8205,32,32,39,0.2739,0.2739,2.1224,0.1795,0.2857,0.0,0.7143,0.7143,0,0,0.7273,11,8,0.5681,0.1,0.1282,0.7692,0.0513,0.2821,0.0,0.0,0.7273,0.0,0.0,0.0,0.5983,0.0,completed,,0.36,14.723688
3535,5.2824,2.5768,0,1.0,0.1667,14,6720,70,150.0,0.0,150.0,1.0,0.8333,0.0714,0,0,0,0.0000,0.0,0.0000,0,0.9286,0.0714,0.9286,13,13,14,0.0,0.0,0.0,0.0714,0.0,0.0,1.0,1.0,0,0,0.75,4,3,0.5117,0.1,0.0,0.7857,0.0,0.2857,0.0,0.0,0.75,0.0,0.0,0.0,-0.0,0.0,enter_inner,obstacle,0.36,14.539131
3536,86.0,53.6828,1,6.0,1.0,36,17280,36,135.4286,0.0,135.4286,0.5143,1.9444,0.1667,0,0,0,0.0000,0.0,0.0000,0,0.8611,0.1389,0.8611,31,31,36,0.0,0.0,0.0,0.1389,0.0,0.2,0.8,1.0,0,0,0.8182,11,9,0.5409,0.1,0.0556,0.8611,0.0,0.3056,0.0,0.0,0.8182,0.0,0.0,0.0,0.5004,0.0,completed,,0.36,11.445354
3537,86.0,53.2245,1,6.0,1.0,38,18240,38,136.2857,0.6503,136.9361,0.5429,1.8421,0.1579,1,0,1,0.0263,0.0,0.0263,0,0.7895,0.2105,0.8158,30,31,38,0.1301,0.1301,1.008,0.1842,0.1429,0.0,0.8571,0.8571,0,0,0.7778,9,7,0.5558,0.1,0.0526,0.7895,0.0263,0.2368,0.0,0.0,0.7778,0.0,0.0,0.0,0.4101,0.0,completed,,0.36,9.407084
3538,86.0,50.9296,1,6.0,1.0,39,18720,39,136.7143,1.4839,138.1982,0.5571,1.7949,0.1538,1,0,1,0.0256,0.0,0.0256,0,0.8718,0.1282,0.8718,34,34,39,0.2968,0.2968,2.3,0.1282,0.4,0.0,0.6,0.6,0,0,0.6667,9,6,0.5458,0.1,0.0769,0.7179,0.0,0.2308,0.0,0.0,0.6667,0.0,0.0,0.0,0.673,0.0,completed,,0.36,9.734273
3539,30.7248,14.9877,0,2.0,0.3333,20,9600,70,150.0,0.0,150.0,1.0,1.1667,0.1,0,0,0,0.0000,0.0,0.0000,0,0.9,0.1,0.9,18,18,20,0.0,0.0,0.0,0.1,0.0,0.0,1.0,1.0,0,0,1.0,4,4,0.5329,0.1,0.05,0.75,0.0,0.2,0.0,0.0,1.0,0.0,0.0,0.0,-0.0,0.0,inner_patrol,obstacle,0.36,10.169335
3540,68.7037,33.514,0,5.0,0.8333,39,18720,70,150.0,0.0,150.0,1.0,1.4957,0.1282,0,0,0,0.0000,0.0,0.0000,0,0.8205,0.1795,0.8205,32,32,39,0.0,0.0,0.0,0.1795,0.0,0.0,1.0,1.0,0,0,0.5,10,5,0.5594,0.1,0.1282,0.6667,0.0256,0.2564,0.0,0.0,0.5,0.0,0.0,0.0,-0.0,0.0,final_park,wall,0.36,11.944465
3541,86.0,50.6019,1,6.0,1.0,48,23040,48,140.5714,0.6231,141.1945,0.6857,1.4583,0.125,0,0,0,0.0000,0.0,0.0000,0,0.7917,0.2083,0.8333,38,40,48,0.1246,0.1246,0.9658,0.1667,0.125,0.0,0.875,0.875,0,0,0.375,16,6,0.5721,0.1,0.1875,0.7917,0.0625,0.3333,0.0,0.0,0.375,0.0,0.0,0.0,0.3768,0.0,completed,,0.36,11.829726
3542,28.358,13.8332,0,3.0,0.5,23,11040,70,150.0,0.8785,150.8785,1.0,1.5217,0.1304,1,0,1,0.0435,0.0,0.0435,0,0.8261,0.1739,0.8261,19,19,23,0.2928,0.2928,1.3617,0.1739,0.25,0.25,0.5,0.75,0,0,0.75,8,6,0.5829,0.1,0.2174,0.8696,0.0435,0.3478,0.0,0.0,0.75,0.0,0.0,0.0,1.0397,0.0,return_outer,obstacle,0.36,14.489261
3543,86.0,52.0752,1,6.0,1.0,42,20160,42,138.0,0.7092,138.7092,0.6,1.6667,0.1429,0,0,0,0.0000,0.0,0.0000,0,0.7619,0.2381,0.8095,32,34,42,0.1418,0.1418,1.0993,0.1905,0.125,0.125,0.75,0.875,0,0,0.6923,13,9,0.5825,0.1,0.119,0.8095,0.0952,0.3095,0.0,0.0,0.6923,0.0,0.0,0.0,0.7356,0.0,completed,,0.36,14.432064
3544,86.0,48.8253,1,6.0,1.0,42,20160,42,138.0,1.6598,139.6598,0.6,1.6667,0.1429,1,0,1,0.0238,0.0,0.0238,0,0.8333,0.1667,0.8571,35,36,42,0.332,0.332,2.5727,0.1429,0.3333,0.3333,0.3333,0.6667,0,0,0.7143,14,10,0.5586,0.1,0.0714,0.7143,0.0,0.3333,0.0,0.0,0.7143,0.0,0.0,0.0,1.0986,0.0,completed,,0.36,14.536616
3545,86.0,54.7216,1,6.0,1.0,36,17280,36,135.4286,0.0,135.4286,0.5143,1.9444,0.1667,1,0,1,0.0278,0.0,0.0278,0,0.8333,0.1667,0.8333,30,30,36,0.0,0.0,0.0,0.1667,0.0,0.0,1.0,1.0,0,0,0.7143,7,5,0.5452,0.1,0.1111,0.7222,0.0278,0.1944,0.0,0.0,0.7143,0.0,0.0,0.0,-0.0,0.0,completed,,0.36,13.389724
3546,86.0,48.1813,1,6.0,1.0,43,20640,43,138.4286,2.9687,141.3973,0.6143,1.6279,0.1395,1,0,1,0.0233,0.0,0.0233,0,0.7674,0.2326,0.7907,33,34,43,0.5937,0.5937,4.6016,0.2093,0.4444,0.0,0.5556,0.5556,0,0,0.7895,19,15,0.5717,0.1,0.1628,0.7674,0.0233,0.4419,0.0,0.0,0.7895,0.0,0.0,0.0,0.687,0.0,completed,,0.36,13.787411
3547,86.0,52.9613,1,6.0,1.0,40,19200,40,137.1429,0.0,137.1429,0.5714,1.75,0.15,1,0,1,0.0250,0.0,0.0250,0,0.775,0.225,0.825,31,33,40,0.0,0.0,0.0,0.175,0.0,0.1429,0.8571,1.0,0,0,0.7,10,7,0.5623,0.1,0.125,0.8,0.025,0.25,0.0,0.0,0.7,0.0,0.0,0.0,0.4101,0.0,completed,,0.36,17.274827
3548,86.0,52.5478,1,6.0,1.0,39,18720,39,136.7143,0.7449,137.4592,0.5571,1.7949,0.1538,0,0,0,0.0000,0.0,0.0000,0,0.7436,0.2564,0.7949,29,31,39,0.149,0.149,1.1546,0.2051,0.125,0.0,0.875,0.875,0,0,0.75,12,9,0.5528,0.1,0.2051,0.7436,0.0256,0.3077,0.0,0.0,0.75,0.0,0.0,0.0,0.3768,0.0,completed,,0.36,13.919344
3549,86.0,53.7334,1,6.0,1.0,35,16800,35,135.0,0.0,135.0,0.5,2.0,0.1714,1,0,1,0.0286,0.0,0.0286,0,0.8571,0.1429,0.8571,30,30,35,0.0,0.0,0.0,0.1429,0.0,0.2,0.8,1.0,0,0,1.0,6,6,0.5316,0.1,0.0571,0.8857,0.0,0.1714,0.0,0.0,1.0,0.0,0.0,0.0,0.5004,0.0,completed,,0.36,14.626442
3550,5.5381,2.7015,0,1.0,0.1667,13,6240,70,150.0,0.0,150.0,1.0,0.8974,0.0769,0,0,0,0.0000,0.0,0.0000,0,0.9231,0.0769,0.9231,12,12,13,0.0,0.0,0.0,0.0769,0.0,1.0,0.0,1.0,0,0,0.5,2,1,0.5075,0.1,0.0769,0.6923,0.0,0.1538,0.0,0.0,0.5,0.0,0.0,0.0,-0.0,0.0,enter_inner,obstacle,0.36,13.601464
3551,86.0,52.2452,1,6.0,1.0,40,19200,40,137.1429,0.7228,137.8657,0.5714,1.75,0.15,0,0,0,0.0000,0.0,0.0000,0,0.825,0.175,0.825,33,33,40,0.1446,0.1446,1.1204,0.175,0.1429,0.0,0.8571,0.8571,0,0,0.75,16,12,0.5637,0.1,0.125,0.825,0.025,0.4,0.0,0.0,0.75,0.0,0.0,0.0,0.4101,0.0,completed,,0.36,11.757233
3552,86.0,50.7565,1,6.0,1.0,41,19680,41,137.5714,0.7261,138.2976,0.5857,1.7073,0.1463,0,0,0,0.0000,0.0,0.0000,0,0.8537,0.1463,0.878,35,36,41,0.1452,0.1452,1.1255,0.122,0.2,0.2,0.6,0.8,0,0,0.6667,15,10,0.5537,0.1,0.0976,0.8049,0.0,0.3659,0.0,0.0,0.6667,0.0,0.0,0.0,0.9503,0.0,completed,,0.36,15.370489
3553,86.0,52.7121,1,6.0,1.0,39,18720,39,136.7143,0.7714,137.4857,0.5571,1.7949,0.1538,1,0,1,0.0256,0.0,0.0256,0,0.7949,0.2051,0.8205,31,32,39,0.1543,0.1543,1.1956,0.1795,0.1429,0.0,0.8571,0.8571,0,0,0.75,8,6,0.5473,0.1,0.0513,0.7436,0.0256,0.2051,0.0,0.0,0.75,0.0,0.0,0.0,0.4101,0.0,completed,,0.36,16.308227
3554,42.4561,20.7103,0,4.0,0.6667,27,12960,70,150.0,0.0,150.0,1.0,1.7284,0.1481,0,0,0,0.0000,0.0,0.0000,0,0.7407,0.2593,0.7778,20,21,27,0.0,0.0,0.0,0.2222,0.0,0.0,1.0,1.0,0,0,0.5455,11,6,0.5916,0.1,0.1111,0.8148,0.0741,0.4074,0.0,0.0,0.5455,0.0,0.0,0.0,-0.0,0.0,outer_patrol_b,road_edge,0.36,17.399641
3555,86.0,47.8036,1,6.0,1.0,42,20160,42,138.0,3.4826,141.4826,0.6,1.6667,0.1429,0,0,0,0.0000,0.0,0.0000,0,0.7619,0.2381,0.7857,32,33,42,0.6965,0.6965,5.398,0.2143,0.5556,0.0,0.4444,0.4444,0,0,0.8667,15,13,0.5625,0.1,0.1667,0.881,0.0238,0.3571,0.0,0.0,0.8667,0.0,0.0,0.0,0.687,0.0,completed,,0.36,14.558675
3556,30.8837,15.0652,0,3.0,0.5,24,11520,70,150.0,0.0,150.0,1.0,1.4583,0.125,1,0,1,0.0417,0.0,0.0417,0,0.875,0.125,0.875,21,21,24,0.0,0.0,0.0,0.125,0.0,0.0,1.0,1.0,0,0,0.4,5,2,0.5513,0.1,0.0,0.75,0.0,0.2083,0.0,0.0,0.4,0.0,0.0,0.0,-0.0,0.0,return_outer,obstacle,0.36,17.458775
3557,38.387,18.7254,0,4.0,0.6667,25,12000,70,150.0,0.8046,150.8046,1.0,1.8667,0.16,0,0,0,0.0000,0.0,0.0000,0,0.76,0.24,0.8,19,20,25,0.2012,0.2012,1.2472,0.2,0.2,0.4,0.4,0.8,0,0,0.875,8,7,0.5808,0.1,0.16,0.76,0.08,0.32,0.0,0.0,0.875,0.0,0.0,0.0,1.0549,0.0,outer_patrol_b,road_edge,0.36,15.472378
3558,86.0,51.2954,1,6.0,1.0,42,20160,42,138.0,0.8633,138.8633,0.6,1.6667,0.1429,1,0,1,0.0238,0.0,0.0238,0,0.7857,0.2143,0.8095,33,34,42,0.1727,0.1727,1.3381,0.1905,0.125,0.125,0.75,0.875,0,0,0.5333,15,8,0.5791,0.1,0.1905,0.881,0.0476,0.3571,0.0,0.0,0.5333,0.0,0.0,0.0,0.7356,0.0,completed,,0.36,19.390891
3559,32.5609,15.8833,0,3.0,0.5,22,10560,70,150.0,0.0,150.0,1.0,1.5909,0.1364,0,0,0,0.0000,0.0,0.0000,0,0.8182,0.1818,0.8636,18,19,22,0.0,0.0,0.0,0.1364,0.0,0.0,1.0,1.0,0,0,1.0,4,4,0.5485,0.1,0.0,0.8636,0.0,0.1818,0.0,0.0,1.0,0.0,0.0,0.0,-0.0,0.0,return_outer,obstacle,0.36,18.951193
3560,47.4071,23.1254,0,4.0,0.6667,33,15840,70,150.0,1.6603,151.6603,1.0,1.4141,0.1212,0,0,0,0.0000,0.0,0.0000,0,0.7879,0.2121,0.7879,26,26,33,0.4151,0.4151,2.5734,0.2121,0.2857,0.1429,0.5714,0.7143,0,0,0.6923,13,9,0.5808,0.1,0.1818,0.9394,0.0909,0.3939,0.0,0.0,0.6923,0.0,0.0,0.0,0.9557,0.0,outer_patrol_b,road_edge,0.36,18.026219
3561,55.5304,27.088,0,4.0,0.6667,41,19680,70,150.0,0.0,150.0,1.0,1.1382,0.0976,1,0,1,0.0244,0.0,0.0244,0,0.7805,0.2195,0.8293,32,34,41,0.0,0.0,0.0,0.1707,0.0,0.0,1.0,1.0,0,0,0.2778,18,5,0.6192,0.1,0.2683,0.7561,0.1951,0.439,0.0,0.0,0.2778,0.0,0.0,0.0,-0.0,0.0,outer_patrol_b,road_edge,0.36,16.472813
3562,86.0,53.8352,1,6.0,1.0,41,19680,41,137.5714,0.0,137.5714,0.5857,1.7073,0.1463,0,0,0,0.0000,0.0,0.0000,0,0.8049,0.1951,0.8049,33,33,41,0.0,0.0,0.0,0.1951,0.0,0.0,1.0,1.0,0,0,0.5714,14,8,0.5833,0.1,0.1707,0.8049,0.0732,0.3415,0.0,0.0,0.5714,0.0,0.0,0.0,-0.0,0.0,completed,,0.36,15.151044
3563,86.0,52.9982,1,6.0,1.0,36,17280,36,135.4286,0.8587,136.2873,0.5143,1.9444,0.1667,0,0,0,0.0000,0.0,0.0000,0,0.8056,0.1944,0.8333,29,30,36,0.1717,0.1717,1.3311,0.1667,0.1667,0.0,0.8333,0.8333,0,0,1.0,5,5,0.5409,0.1,0.0556,0.75,0.0278,0.1389,0.0,0.0,1.0,0.0,0.0,0.0,0.4506,0.0,completed,,0.36,16.322403
3564,28.6454,13.9734,0,3.0,0.5,24,11520,70,150.0,0.7018,150.7018,1.0,1.4583,0.125,0,0,0,0.0000,0.0,0.0000,0,0.7917,0.2083,0.8333,19,20,24,0.2339,0.2339,1.0878,0.1667,0.25,0.25,0.5,0.75,0,0,0.8889,9,8,0.5692,0.1,0.0833,0.9167,0.0417,0.375,0.0,0.0,0.8889,0.0,0.0,0.0,1.0397,0.0,return_outer,obstacle,0.36,14.813444
3565,25.5401,12.4586,0,2.0,0.3333,21,10080,70,150.0,0.0,150.0,1.0,1.1111,0.0952,1,0,1,0.0476,0.0,0.0476,0,0.9048,0.0952,0.9048,19,19,21,0.0,0.0,0.0,0.0952,0.0,0.5,0.5,1.0,0,0,0.7,10,7,0.5639,0.1,0.0476,0.7143,0.0476,0.4762,0.0,0.0,0.7,0.0,0.0,0.0,0.6931,0.0,inner_patrol,obstacle,0.36,14.359141
3566,86.0,49.4129,1,6.0,1.0,42,20160,42,138.0,1.5158,139.5158,0.6,1.6667,0.1429,0,0,0,0.0000,0.0,0.0000,0,0.8571,0.1429,0.881,36,37,42,0.3032,0.3032,2.3496,0.119,0.4,0.0,0.6,0.6,0,0,0.6364,11,7,0.5458,0.1,0.0714,0.7857,0.0,0.2619,0.0,0.0,0.6364,0.0,0.0,0.0,0.673,0.0,completed,,0.36,15.009201
3567,86.0,49.6497,1,6.0,1.0,43,20640,43,138.4286,0.6839,139.1124,0.6143,1.6279,0.1395,1,0,1,0.0233,0.0,0.0233,0,0.7442,0.2558,0.8605,32,37,43,0.1368,0.1368,1.06,0.1395,0.1667,0.1667,0.6667,0.8333,0,0,0.8,10,8,0.5456,0.1,0.093,0.7674,0.0,0.2326,0.0,0.0,0.8,0.0,0.0,0.0,0.8676,0.0,completed,,0.36,12.984987
3568,86.0,52.9443,1,6.0,1.0,37,17760,37,135.8571,0.784,136.6412,0.5286,1.8919,0.1622,0,0,0,0.0000,0.0,0.0000,0,0.8378,0.1622,0.8378,31,31,37,0.1568,0.1568,1.2152,0.1622,0.1667,0.0,0.8333,0.8333,0,0,0.9167,12,11,0.553,0.1,0.0811,0.7568,0.027,0.3243,0.0,0.0,0.9167,0.0,0.0,0.0,0.4506,0.0,completed,,0.36,13.250207
3569,86.0,51.2657,1,6.0,1.0,43,20640,43,138.4286,0.802,139.2306,0.6143,1.6279,0.1395,1,0,1,0.0233,0.0,0.0233,0,0.814,0.186,0.8372,35,36,43,0.1604,0.1604,1.2432,0.1628,0.1429,0.0,0.8571,0.8571,0,0,0.6667,15,10,0.5755,0.1,0.1395,0.7907,0.0465,0.3488,0.0,0.0,0.6667,0.0,0.0,0.0,0.4101,0.0,completed,,0.36,16.356007
3570,86.0,52.3791,1,6.0,1.0,36,17280,36,135.4286,0.6857,136.1143,0.5143,1.9444,0.1667,0,0,0,0.0000,0.0,0.0000,0,0.8333,0.1667,0.8333,30,30,36,0.1371,0.1371,1.0628,0.1667,0.1667,0.3333,0.5,0.8333,0,0,1.0,9,9,0.5504,0.1,0.0833,0.6944,0.0,0.25,0.0,0.0,1.0,0.0,0.0,0.0,1.0114,0.0,completed,,0.36,15.941504
3571,86.0,52.8674,1,6.0,1.0,39,18720,39,136.7143,0.6965,137.4107,0.5571,1.7949,0.1538,1,0,1,0.0256,0.0,0.0256,0,0.8205,0.1795,0.8205,32,32,39,0.1393,0.1393,1.0795,0.1795,0.1429,0.0,0.8571,0.8571,0,0,0.7143,14,10,0.5698,0.1,0.1282,0.8462,0.0513,0.359,0.0,0.0,0.7143,0.0,0.0,0.0,0.4101,0.0,completed,,0.36,18.081936
3572,86.0,53.0433,1,6.0,1.0,38,18240,38,136.2857,0.7753,137.061,0.5429,1.8421,0.1579,1,0,1,0.0263,0.0,0.0263,0,0.8158,0.1842,0.8158,31,31,38,0.1551,0.1551,1.2018,0.1842,0.1429,0.0,0.8571,0.8571,0,0,0.75,12,9,0.5607,0.1,0.0526,0.7105,0.0,0.3158,0.0,0.0,0.75,0.0,0.0,0.0,0.4101,0.0,completed,,0.36,16.840642
3573,-10.0,-5.98,0,0.0,0.0,6,2880,70,150.0,0.0,150.0,1.0,0.0,0.0,1,0,1,0.1667,0.0,0.1667,0,1.0,0.0,1.0,6,6,6,0.0,0.0,0.0,0.0,0.0,0.0,0.0,0.0,0,0,0.6667,3,2,0.5191,0.1,0.0,1.0,0.0,0.5,0.0,0.0,0.6667,0.0,0.0,0.0,0.0,0.0,outer_patrol_a,road_edge,0.36,16.302483
3574,25.1036,12.2457,0,3.0,0.5,25,12000,70,150.0,1.5572,151.5572,1.0,1.4,0.12,0,0,0,0.0000,0.0,0.0000,0,0.8,0.2,0.84,20,21,25,0.5191,0.5191,2.4137,0.16,0.5,0.25,0.25,0.5,0,0,0.625,8,5,0.5799,0.1,0.12,0.96,0.08,0.32,0.0,0.0,0.625,0.0,0.0,0.0,1.0397,0.0,return_outer,obstacle,0.36,15.027958
3575,64.7795,31.5998,0,5.0,0.8333,39,18720,70,150.0,0.8194,150.8194,1.0,1.4957,0.1282,0,0,0,0.0000,0.0,0.0000,0,0.7949,0.2051,0.8462,31,33,39,0.1639,0.1639,1.2701,0.1538,0.1667,0.0,0.8333,0.8333,0,0,0.8,10,8,0.55,0.1,0.1026,0.7436,0.0256,0.2564,0.0,0.0,0.8,0.0,0.0,0.0,0.4506,0.0,final_park,wall,0.36,16.49587
3576,86.0,51.8471,1,6.0,1.0,39,18720,39,136.7143,1.5609,138.2752,0.5571,1.7949,0.1538,1,0,1,0.0256,0.0,0.0256,0,0.7949,0.2051,0.7949,31,31,39,0.3122,0.3122,2.4195,0.2051,0.25,0.0,0.75,0.75,0,0,0.75,12,9,0.5686,0.1,0.1795,0.7692,0.0769,0.3077,0.0,0.0,0.75,0.0,0.0,0.0,0.5623,0.0,completed,,0.36,15.374984
3577,86.0,52.8882,1,6.0,1.0,36,17280,36,135.4286,0.827,136.2555,0.5143,1.9444,0.1667,1,0,1,0.0278,0.0,0.0278,0,0.7778,0.2222,0.8333,28,30,36,0.1654,0.1654,1.2818,0.1667,0.1667,0.0,0.8333,0.8333,0,0,1.0,11,11,0.5577,0.1,0.1111,0.8611,0.0278,0.3056,0.0,0.0,1.0,0.0,0.0,0.0,0.4506,0.0,completed,,0.36,14.834792
3578,86.0,52.6821,1,6.0,1.0,40,19200,40,137.1429,0.0,137.1429,0.5714,1.75,0.15,1,0,1,0.0250,0.0,0.0250,0,0.8,0.2,0.85,32,34,40,0.0,0.0,0.0,0.15,0.0,0.1667,0.8333,1.0,0,0,0.6667,12,8,0.5507,0.1,0.1,0.725,0.025,0.3,0.0,0.0,0.6667,0.0,0.0,0.0,0.4506,0.0,completed,,0.36,17.849557
3579,86.0,51.8918,1,6.0,1.0,38,18240,38,136.2857,0.6772,136.9629,0.5429,1.8421,0.1579,1,0,1,0.0263,0.0,0.0263,0,0.7895,0.2105,0.8158,30,31,38,0.1354,0.1354,1.0496,0.1842,0.1429,0.2857,0.5714,0.8571,0,0,0.8333,12,10,0.5712,0.1,0.1053,0.7895,0.0789,0.3158,0.0,0.0,0.8333,0.0,0.0,0.0,0.9557,0.0,completed,,0.36,17.207366
3580,22.3603,10.9075,0,2.0,0.3333,19,9120,70,150.0,0.0,150.0,1.0,1.2281,0.1053,0,0,0,0.0000,0.0,0.0000,0,0.7895,0.2105,0.7895,15,15,19,0.0,0.0,0.0,0.2105,0.0,0.0,1.0,1.0,0,0,0.4,5,2,0.5865,0.1,0.1579,0.8947,0.1579,0.2632,0.0,0.0,0.4,0.0,0.0,0.0,-0.0,0.0,inner_patrol,obstacle,0.36,16.664288
3581,86.0,47.8018,1,6.0,1.0,45,21600,45,139.2857,2.1155,141.4012,0.6429,1.5556,0.1333,1,0,1,0.0222,0.0,0.0222,0,0.8,0.2,0.8222,36,37,45,0.4231,0.4231,3.279,0.1778,0.375,0.125,0.5,0.625,0,0,0.7059,17,12,0.5591,0.1,0.1556,0.8222,0.0222,0.3778,0.0,0.0,0.7059,0.0,0.0,0.0,0.9743,0.0,completed,,0.36,14.207352
3582,86.0,47.528,1,6.0,1.0,49,23520,49,141.0,1.7799,142.7799,0.7,1.4286,0.1224,1,0,1,0.0204,0.0,0.0204,0,0.8163,0.1837,0.8367,40,41,49,0.356,0.356,2.7589,0.1633,0.25,0.125,0.625,0.75,0,0,0.3077,13,4,0.5804,0.1,0.1633,0.7143,0.0816,0.2653,0.0,0.0,0.3077,0.0,0.0,0.0,0.9003,0.0,completed,,0.36,14.609326
3583,86.0,52.6142,1,6.0,1.0,40,19200,40,137.1429,0.6397,137.7826,0.5714,1.75,0.15,0,0,0,0.0000,0.0,0.0000,0,0.8,0.2,0.825,32,33,40,0.1279,0.1279,0.9915,0.175,0.1429,0.0,0.8571,0.8571,0,0,0.6667,12,8,0.5641,0.1,0.15,0.75,0.05,0.3,0.0,0.0,0.6667,0.0,0.0,0.0,0.4101,0.0,completed,,0.36,11.94345
3584,58.2108,28.3955,0,4.0,0.6667,30,14400,70,150.0,0.0,150.0,1.0,1.5556,0.1333,1,0,1,0.0333,0.0,0.0333,0,0.8667,0.1333,0.8667,26,26,30,0.0,0.0,0.0,0.1333,0.0,0.25,0.75,1.0,0,0,0.9167,12,11,0.5354,0.1,0.0667,0.8,0.0,0.4,0.0,0.0,0.9167,0.0,0.0,0.0,0.5623,0.0,outer_patrol_b,road_edge,0.36,11.457306
3585,86.0,52.2988,1,6.0,1.0,39,18720,39,136.7143,0.6987,137.413,0.5571,1.7949,0.1538,0,0,0,0.0000,0.0,0.0000,0,0.7692,0.2308,0.8205,30,32,39,0.1397,0.1397,1.083,0.1795,0.1429,0.0,0.8571,0.8571,0,0,0.8667,15,13,0.5711,0.1,0.1026,0.7692,0.0513,0.3846,0.0,0.0,0.8667,0.0,0.0,0.0,0.4101,0.0,completed,,0.36,11.565192
3586,86.0,51.5471,1,6.0,1.0,40,19200,40,137.1429,0.736,137.8789,0.5714,1.75,0.15,0,0,0,0.0000,0.0,0.0000,0,0.75,0.25,0.825,30,33,40,0.1472,0.1472,1.1408,0.175,0.1429,0.0,0.8571,0.8571,0,0,0.8333,12,10,0.5574,0.1,0.025,0.675,0.025,0.3,0.0,0.0,0.8333,0.0,0.0,0.0,0.4101,0.0,completed,,0.36,13.242972
3587,86.0,51.2628,1,6.0,1.0,40,19200,40,137.1429,0.6139,137.7567,0.5714,1.75,0.15,0,0,0,0.0000,0.0,0.0000,0,0.825,0.175,0.85,33,34,40,0.1228,0.1228,0.9515,0.15,0.1667,0.1667,0.6667,0.8333,0,0,0.6667,15,10,0.548,0.1,0.075,0.725,0.025,0.375,0.0,0.0,0.6667,0.0,0.0,0.0,0.8676,0.0,completed,,0.36,18.174732
3588,-8.5485,-4.17,0,0.0,0.0,9,4320,70,150.0,0.0,150.0,1.0,0.0,0.0,0,0,0,0.0000,0.0,0.0000,0,1.0,0.0,1.0,9,9,9,0.0,0.0,0.0,0.0,0.0,0.0,0.0,0.0,0,0,0.5,2,1,0.5164,0.1,0.0,0.4444,0.0,0.2222,0.0,0.0,0.5,0.0,0.0,0.0,0.0,0.0,outer_patrol_a,road_edge,0.36,17.772176
3589,86.0,54.3948,1,6.0,1.0,37,17760,37,135.8571,0.0,135.8571,0.5286,1.8919,0.1622,0,0,0,0.0000,0.0,0.0000,0,0.8378,0.1622,0.8378,31,31,37,0.0,0.0,0.0,0.1622,0.0,0.0,1.0,1.0,0,0,0.7,10,7,0.5556,0.1,0.0811,0.7297,0.027,0.2703,0.0,0.0,0.7,0.0,0.0,0.0,-0.0,0.0,completed,,0.36,18.297375
3590,14.9695,7.3022,0,2.0,0.3333,17,8160,70,150.0,0.0,150.0,1.0,1.3725,0.1176,0,0,0,0.0000,0.0,0.0000,0,0.7059,0.2941,0.8235,12,14,17,0.0,0.0,0.0,0.1765,0.0,0.3333,0.6667,1.0,0,0,0.8,5,4,0.5257,0.1,0.0588,0.7647,0.0,0.2941,0.0,0.0,0.8,0.0,0.0,0.0,0.6365,0.0,inner_patrol,obstacle,0.36,17.951423
3591,64.9569,31.6863,0,5.0,0.8333,38,18240,70,150.0,0.8014,150.8014,1.0,1.5351,0.1316,1,0,1,0.0263,0.0,0.0263,0,0.8158,0.1842,0.8421,31,32,38,0.1603,0.1603,1.2421,0.1579,0.1667,0.1667,0.6667,0.8333,0,0,0.7143,7,5,0.549,0.1,0.1053,0.6842,0.0263,0.1842,0.0,0.0,0.7143,0.0,0.0,0.0,0.8676,0.0,final_park,wall,0.36,13.773178
3592,5.5001,2.683,0,1.0,0.1667,15,7200,70,150.0,0.0,150.0,1.0,0.7778,0.0667,0,0,0,0.0000,0.0,0.0000,0,0.8,0.2,0.8667,12,13,15,0.0,0.0,0.0,0.1333,0.0,0.0,1.0,1.0,0,0,0.5,4,2,0.5552,0.1,0.1333,0.6667,0.1333,0.2667,0.0,0.0,0.5,0.0,0.0,0.0,-0.0,0.0,enter_inner,obstacle,0.36,14.012996
3593,86.0,49.979,1,6.0,1.0,42,20160,42,138.0,2.4479,140.4479,0.6,1.6667,0.1429,1,0,1,0.0238,0.0,0.0238,0,0.8095,0.1905,0.8095,34,34,42,0.4896,0.4896,3.7943,0.1905,0.375,0.0,0.625,0.625,0,0,0.7059,17,12,0.5849,0.1,0.2143,0.8333,0.0714,0.4048,0.0,0.0,0.7059,0.0,0.0,0.0,0.6616,0.0,completed,,0.36,11.624236
3594,86.0,52.5381,1,6.0,1.0,41,19680,41,137.5714,0.0,137.5714,0.5857,1.7073,0.1463,0,0,0,0.0000,0.0,0.0000,0,0.8293,0.1707,0.8293,34,34,41,0.0,0.0,0.0,0.1707,0.0,0.2857,0.7143,1.0,0,0,0.6,15,9,0.5704,0.1,0.122,0.8049,0.0488,0.3659,0.0,0.0,0.6,0.0,0.0,0.0,0.5983,0.0,completed,,0.36,12.282304
3595,65.6583,32.0284,0,5.0,0.8333,41,19680,70,150.0,0.7648,150.7648,1.0,1.4228,0.122,1,0,1,0.0244,0.0,0.0244,0,0.7561,0.2439,0.8049,31,33,41,0.153,0.153,1.1855,0.1951,0.125,0.0,0.875,0.875,0,0,0.5714,7,4,0.5441,0.1,0.0976,0.8293,0.0,0.1707,0.0,0.0,0.5714,0.0,0.0,0.0,0.3768,0.0,final_park,wall,0.36,13.059555
3596,17.6804,8.6246,0,2.0,0.3333,16,7680,70,150.0,0.0,150.0,1.0,1.4583,0.125,0,0,0,0.0000,0.0,0.0000,0,0.8125,0.1875,0.8125,13,13,16,0.0,0.0,0.0,0.1875,0.0,0.0,1.0,1.0,0,0,0.5,4,2,0.5722,0.1,0.1875,0.5,0.125,0.25,0.0,0.0,0.5,0.0,0.0,0.0,-0.0,0.0,inner_patrol,obstacle,0.36,13.871375
3597,86.0,52.5091,1,6.0,1.0,42,20160,42,138.0,0.7193,138.7193,0.6,1.6667,0.1429,1,0,1,0.0238,0.0,0.0238,0,0.7857,0.2143,0.8095,33,34,42,0.1439,0.1439,1.1149,0.1905,0.125,0.0,0.875,0.875,0,0,0.5833,12,7,0.578,0.1,0.119,0.7143,0.0714,0.2857,0.0,0.0,0.5833,0.0,0.0,0.0,0.3768,0.0,completed,,0.36,13.235686
3598,86.0,51.489,1,6.0,1.0,40,19200,40,137.1429,0.7747,137.9176,0.5714,1.75,0.15,1,0,1,0.0250,0.0,0.0250,0,0.775,0.225,0.8,31,32,40,0.1549,0.1549,1.2008,0.2,0.125,0.125,0.75,0.875,0,0,0.75,8,6,0.5649,0.1,0.1,0.725,0.075,0.2,0.0,0.0,0.75,0.0,0.0,0.0,0.7356,0.0,completed,,0.36,14.744088
3599,-9.389,-4.58,0,0.0,0.0,6,2880,70,150.0,0.0,150.0,1.0,0.0,0.0,0,0,0,0.0000,0.0,0.0000,0,1.0,0.0,1.0,6,6,6,0.0,0.0,0.0,0.0,0.0,0.0,0.0,0.0,0,0,0.0,0,0,0.4937,0.1,0.0,0.5,0.0,0.0,0.0,0.0,0.0,0.0,0.0,0.0,0.0,0.0,outer_patrol_a,road_edge,0.36,14.023407
3600,86.0,54.2454,1,6.0,1.0,37,17760,37,135.8571,0.0,135.8571,0.5286,1.8919,0.1622,0,0,0,0.0000,0.0,0.0000,0,0.8378,0.1622,0.8378,31,31,37,0.0,0.0,0.0,0.1622,0.0,0.0,1.0,1.0,0,0,0.7273,11,8,0.5432,0.1,0.1081,0.7838,0.0,0.2973,0.0,0.0,0.7273,0.0,0.0,0.0,-0.0,0.0,completed,,0.36,11.995768
3601,30.7696,15.0095,0,3.0,0.5,26,12480,70,150.0,0.0,150.0,1.0,1.3462,0.1154,1,0,1,0.0385,0.0,0.0385,0,0.7692,0.2308,0.8077,20,21,26,0.0,0.0,0.0,0.1923,0.0,0.2,0.8,1.0,0,0,0.5,10,5,0.5725,0.1,0.1923,0.8462,0.0385,0.3846,0.0,0.0,0.5,0.0,0.0,0.0,0.5004,0.0,return_outer,obstacle,0.36,14.372358
3602,28.5872,13.945,0,3.0,0.5,27,12960,70,150.0,0.6208,150.6208,1.0,1.2963,0.1111,0,0,0,0.0000,0.0,0.0000,0,0.7778,0.2222,0.8148,21,22,27,0.2069,0.2069,0.9622,0.1852,0.2,0.2,0.6,0.8,0,0,0.4545,11,5,0.5975,0.1,0.1852,0.8519,0.1111,0.4074,0.0,0.0,0.4545,0.0,0.0,0.0,0.9503,0.0,return_outer,obstacle,0.36,17.793989
3603,86.0,52.8268,1,6.0,1.0,42,20160,42,138.0,0.615,138.615,0.6,1.6667,0.1429,1,0,1,0.0238,0.0,0.0238,0,0.7381,0.2619,0.7857,31,33,42,0.123,0.123,0.9532,0.2143,0.1111,0.0,0.8889,0.8889,0,0,0.7059,17,12,0.5797,0.1,0.1667,0.7619,0.0714,0.4048,0.0,0.0,0.7059,0.0,0.0,0.0,0.3488,0.0,completed,,0.36,18.073026
3604,19.5948,9.5584,0,2.0,0.3333,18,8640,70,150.0,0.0,150.0,1.0,1.2963,0.1111,0,0,0,0.0000,0.0,0.0000,0,0.7222,0.2778,0.7778,13,14,18,0.0,0.0,0.0,0.2222,0.0,0.0,1.0,1.0,0,0,0.5,6,3,0.5695,0.1,0.1111,0.6667,0.1111,0.3333,0.0,0.0,0.5,0.0,0.0,0.0,-0.0,0.0,inner_patrol,obstacle,0.36,17.846957
3605,19.5188,9.5214,0,2.0,0.3333,20,9600,70,150.0,0.8229,150.8229,1.0,1.1667,0.1,1,0,1,0.0500,0.0,0.0500,0,0.9,0.1,0.9,18,18,20,0.4114,0.4114,1.2754,0.1,0.5,0.0,0.5,0.5,0,0,0.8,5,4,0.5404,0.1,0.0,0.85,0.0,0.25,0.0,0.0,0.8,0.0,0.0,0.0,0.6931,0.0,inner_patrol,obstacle,0.36,13.948328
3606,86.0,51.0255,1,6.0,1.0,40,19200,40,137.1429,1.3348,138.4777,0.5714,1.75,0.15,0,0,0,0.0000,0.0,0.0000,0,0.775,0.225,0.825,31,33,40,0.267,0.267,2.069,0.175,0.2857,0.0,0.7143,0.7143,0,0,0.75,8,6,0.5687,0.1,0.125,0.75,0.075,0.2,0.0,0.0,0.75,0.0,0.0,0.0,0.5983,0.0,completed,,0.36,11.515144
3607,36.0143,17.5679,0,4.0,0.6667,28,13440,70,150.0,1.3714,151.3714,1.0,1.6667,0.1429,1,0,1,0.0357,0.0,0.0357,0,0.6786,0.3214,0.7143,19,20,28,0.3429,0.3429,2.1257,0.25,0.2857,0.2857,0.4286,0.7143,0,0,0.7,10,7,0.6004,0.1,0.1786,0.8571,0.1071,0.3571,0.0,0.0,0.7,0.0,0.0,0.0,1.079,0.0,outer_patrol_b,road_edge,0.36,9.744212
3608,56.9148,27.7633,0,4.0,0.6667,37,17760,70,150.0,0.8463,150.8463,1.0,1.2613,0.1081,0,0,0,0.0000,0.0,0.0000,0,0.7838,0.2162,0.8108,29,30,37,0.2116,0.2116,1.3118,0.1892,0.1429,0.0,0.8571,0.8571,0,0,0.4444,9,4,0.5598,0.1,0.1351,0.7568,0.027,0.2432,0.0,0.0,0.4444,0.0,0.0,0.0,0.4101,0.0,outer_patrol_b,road_edge,0.36,13.310454
3609,64.231,31.3322,0,4.0,0.6667,35,16800,70,150.0,0.6345,150.6345,1.0,1.3333,0.1143,1,0,1,0.0286,0.0,0.0286,0,0.8857,0.1143,0.8857,31,31,35,0.1586,0.1586,0.9835,0.1143,0.25,0.25,0.5,0.75,0,0,0.75,8,6,0.5339,0.1,0.0571,0.8571,0.0,0.2286,0.0,0.0,0.75,0.0,0.0,0.0,1.0397,0.0,outer_patrol_b,road_edge,0.36,11.14917
3610,86.0,48.2004,1,6.0,1.0,46,22080,46,139.7143,2.261,141.9753,0.6571,1.5217,0.1304,1,0,1,0.0217,0.0,0.0217,0,0.7826,0.2174,0.8043,36,37,46,0.4522,0.4522,3.5046,0.1957,0.3333,0.1111,0.5556,0.6667,0,0,0.6842,19,13,0.5928,0.1,0.1522,0.7391,0.1087,0.413,0.0,0.0,0.6842,0.0,0.0,0.0,0.9369,0.0,completed,,0.36,12.776259
3611,50.2406,24.5076,0,4.0,0.6667,40,19200,70,150.0,2.127,152.127,1.0,1.1667,0.1,0,0,0,0.0000,0.0,0.0000,0,0.825,0.175,0.85,33,34,40,0.5318,0.5318,3.2969,0.15,0.5,0.0,0.5,0.5,0,0,0.5714,14,8,0.595,0.1,0.175,0.775,0.1,0.35,0.0,0.0,0.5714,0.0,0.0,0.0,0.6931,0.0,outer_patrol_b,road_edge,0.36,14.097394
3612,86.0,50.3661,1,6.0,1.0,42,20160,42,138.0,0.8638,138.8638,0.6,1.6667,0.1429,0,0,0,0.0000,0.0,0.0000,0,0.8095,0.1905,0.8571,34,36,42,0.1728,0.1728,1.3389,0.1429,0.1667,0.1667,0.6667,0.8333,0,0,0.6923,13,9,0.5541,0.1,0.1429,0.8571,0.0,0.3095,0.0,0.0,0.6923,0.0,0.0,0.0,0.8676,0.0,completed,,0.36,16.523119
3613,86.0,53.9282,1,6.0,1.0,37,17760,37,135.8571,0.0,135.8571,0.5286,1.8919,0.1622,1,0,1,0.0270,0.0,0.0270,0,0.8378,0.1622,0.8378,31,31,37,0.0,0.0,0.0,0.1622,0.0,0.0,1.0,1.0,0,0,0.7273,11,8,0.552,0.1,0.1081,0.7838,0.027,0.2973,0.0,0.0,0.7273,0.0,0.0,0.0,-0.0,0.0,completed,,0.36,21.507935
3614,4.8609,2.3711,0,1.0,0.1667,14,6720,70,150.0,0.0,150.0,1.0,0.8333,0.0714,0,0,0,0.0000,0.0,0.0000,0,0.9286,0.0714,0.9286,13,13,14,0.0,0.0,0.0,0.0714,0.0,1.0,0.0,1.0,0,0,0.5,4,2,0.5322,0.1,0.0714,0.6429,0.0714,0.2857,0.0,0.0,0.5,0.0,0.0,0.0,-0.0,0.0,enter_inner,obstacle,0.36,20.849072
3615,86.0,50.2192,1,6.0,1.0,44,21120,44,138.8571,1.7249,140.5821,0.6286,1.5909,0.1364,0,0,0,0.0000,0.0,0.0000,0,0.7955,0.2045,0.8409,35,37,44,0.345,0.345,2.6737,0.1591,0.2857,0.0,0.7143,0.7143,0,0,0.5625,16,9,0.5963,0.1,0.1818,0.9091,0.1364,0.3636,0.0,0.0,0.5625,0.0,0.0,0.0,0.5983,0.0,completed,,0.36,17.454065
3616,86.0,49.9132,1,6.0,1.0,37,17760,37,135.8571,2.5887,138.4459,0.5286,1.8919,0.1622,1,0,1,0.0270,0.0,0.0270,0,0.8108,0.1892,0.8108,30,30,37,0.5177,0.5177,4.0126,0.1892,0.4286,0.1429,0.4286,0.5714,0,0,1.0,8,8,0.5529,0.1,0.0811,0.7568,0.027,0.2162,0.0,0.0,1.0,0.0,0.0,0.0,1.0042,0.0,completed,,0.36,14.153154
3617,86.0,49.7017,1,6.0,1.0,38,18240,38,136.2857,2.3331,138.6188,0.5429,1.8421,0.1579,1,0,1,0.0263,0.0,0.0263,0,0.8421,0.1579,0.8421,32,32,38,0.4666,0.4666,3.6163,0.1579,0.5,0.1667,0.3333,0.5,0,0,1.0,8,8,0.557,0.1,0.0526,0.7368,0.0263,0.2105,0.0,0.0,1.0,0.0,0.0,0.0,1.0114,0.0,completed,,0.36,17.905424
3618,41.2728,20.1331,0,4.0,0.6667,23,11040,70,150.0,0.8176,150.8176,1.0,2.029,0.1739,1,0,1,0.0435,0.0,0.0435,0,0.8261,0.1739,0.8261,19,19,23,0.2044,0.2044,1.2673,0.1739,0.25,0.0,0.75,0.75,0,0,1.0,7,7,0.544,0.1,0.0,0.8261,0.0,0.3043,0.0,0.0,1.0,0.0,0.0,0.0,0.5623,0.0,outer_patrol_b,road_edge,0.36,17.008446
3619,86.0,54.2485,1,6.0,1.0,36,17280,36,135.4286,0.0,135.4286,0.5143,1.9444,0.1667,1,0,1,0.0278,0.0,0.0278,0,0.8056,0.1944,0.8333,29,30,36,0.0,0.0,0.0,0.1667,0.0,0.0,1.0,1.0,0,0,0.8889,9,8,0.5602,0.1,0.0833,0.6944,0.0556,0.25,0.0,0.0,0.8889,0.0,0.0,0.0,-0.0,0.0,completed,,0.36,16.390365
3620,86.0,54.0161,1,6.0,1.0,35,16800,35,135.0,0.0,135.0,0.5,2.0,0.1714,1,0,1,0.0286,0.0,0.0286,0,0.8571,0.1429,0.8571,30,30,35,0.0,0.0,0.0,0.1429,0.0,0.2,0.8,1.0,0,0,0.8889,9,8,0.5319,0.1,0.0571,0.8,0.0,0.2571,0.0,0.0,0.8889,0.0,0.0,0.0,0.5004,0.0,completed,,0.36,13.660845
3621,4.8608,2.3711,0,1.0,0.1667,14,6720,70,150.0,0.0,150.0,1.0,0.8333,0.0714,0,0,0,0.0000,0.0,0.0000,0,0.9286,0.0714,0.9286,13,13,14,0.0,0.0,0.0,0.0714,0.0,1.0,0.0,1.0,0,0,0.6667,3,2,0.5281,0.1,0.0714,0.7143,0.0714,0.2143,0.0,0.0,0.6667,0.0,0.0,0.0,-0.0,0.0,enter_inner,obstacle,0.36,13.95468
3622,63.3446,30.8998,0,5.0,0.8333,42,20160,70,150.0,0.855,150.855,1.0,1.3889,0.119,1,0,1,0.0238,0.0,0.0238,0,0.8095,0.1905,0.8333,34,35,42,0.171,0.171,1.3252,0.1667,0.1429,0.1429,0.7143,0.8571,0,0,0.4615,13,6,0.5607,0.1,0.119,0.8095,0.0476,0.3095,0.0,0.0,0.4615,0.0,0.0,0.0,0.7963,0.0,final_park,wall,0.36,12.739373
3623,17.0018,8.2935,0,2.0,0.3333,14,6720,70,150.0,0.0,150.0,1.0,1.6667,0.1429,0,0,0,0.0000,0.0,0.0000,0,0.8571,0.1429,0.8571,12,12,14,0.0,0.0,0.0,0.1429,0.0,0.0,1.0,1.0,0,0,1.0,3,3,0.5155,0.1,0.0714,0.7857,0.0,0.2143,0.0,0.0,1.0,0.0,0.0,0.0,-0.0,0.0,inner_patrol,obstacle,0.36,14.65002
3624,26.7462,13.0469,0,3.0,0.5,25,12000,70,150.0,0.7485,150.7485,1.0,1.4,0.12,0,0,0,0.0000,0.0,0.0000,0,0.8,0.2,0.84,20,21,25,0.2495,0.2495,1.1602,0.16,0.25,0.5,0.25,0.75,0,0,0.625,8,5,0.5581,0.1,0.16,0.72,0.04,0.32,0.0,0.0,0.625,0.0,0.0,0.0,1.0397,0.0,return_outer,obstacle,0.36,15.666233
3625,86.0,53.5981,1,6.0,1.0,40,19200,40,137.1429,0.7286,137.8714,0.5714,1.75,0.15,1,0,1,0.0250,0.0,0.0250,0,0.775,0.225,0.775,31,31,40,0.1457,0.1457,1.1293,0.225,0.1111,0.0,0.8889,0.8889,0,0,0.5833,12,7,0.5663,0.1,0.15,0.8,0.075,0.3,0.0,0.0,0.5833,0.0,0.0,0.0,0.3488,0.0,completed,,0.36,15.108495
3626,3.7675,1.8378,0,1.0,0.1667,16,7680,70,150.0,0.0,150.0,1.0,0.7292,0.0625,1,0,1,0.0625,0.0,0.0625,0,0.875,0.125,0.9375,14,15,16,0.0,0.0,0.0,0.0625,0.0,0.0,1.0,1.0,0,0,0.25,4,1,0.507,0.1,0.0625,0.75,0.0,0.25,0.0,0.0,0.25,0.0,0.0,0.0,-0.0,0.0,enter_inner,obstacle,0.36,15.713966
3627,86.0,52.4163,1,6.0,1.0,37,17760,37,135.8571,1.2831,137.1403,0.5286,1.8919,0.1622,1,0,1,0.0270,0.0,0.0270,0,0.8108,0.1892,0.8108,30,30,37,0.2566,0.2566,1.9889,0.1892,0.2857,0.0,0.7143,0.7143,0,0,0.8571,7,6,0.5456,0.1,0.1351,0.8108,0.027,0.1892,0.0,0.0,0.8571,0.0,0.0,0.0,0.5983,0.0,completed,,0.36,15.879424
3628,86.0,54.2021,1,6.0,1.0,36,17280,36,135.4286,0.0,135.4286,0.5143,1.9444,0.1667,0,0,0,0.0000,0.0,0.0000,0,0.8333,0.1667,0.8333,30,30,36,0.0,0.0,0.0,0.1667,0.0,0.1667,0.8333,1.0,0,0,0.8333,6,5,0.553,0.1,0.0833,0.6667,0.0556,0.1667,0.0,0.0,0.8333,0.0,0.0,0.0,0.4506,0.0,completed,,0.36,15.724044
3629,86.0,50.9962,1,6.0,1.0,39,18720,39,136.7143,0.6951,137.4094,0.5571,1.7949,0.1538,1,0,1,0.0256,0.0,0.0256,0,0.8205,0.1795,0.8718,32,34,39,0.139,0.139,1.0775,0.1282,0.2,0.2,0.6,0.8,0,0,0.8182,11,9,0.5487,0.1,0.0769,0.7692,0.0,0.2821,0.0,0.0,0.8182,0.0,0.0,0.0,0.9503,0.0,completed,,0.36,16.510976
3630,-10.0,-4.99,0,0.0,0.0,7,3360,70,150.0,0.0,150.0,1.0,0.0,0.0,0,0,0,0.0000,0.0,0.0000,0,0.8571,0.1429,1.0,6,7,7,0.0,0.0,0.0,0.0,0.0,0.0,0.0,0.0,0,0,0.0,0,0,0.506,0.1,0.0,0.2857,0.0,0.0,0.0,0.0,0.0,0.0,0.0,0.0,0.0,0.0,outer_patrol_a,road_edge,0.36,15.019284
3631,-10.0,-7.79,0,0.0,0.0,3,1440,70,150.0,0.0,150.0,1.0,0.0,0.0,0,0,0,0.0000,0.0,0.0000,0,1.0,0.0,1.0,3,3,3,0.0,0.0,0.0,0.0,0.0,0.0,0.0,0.0,0,0,0.0,1,0,0.5107,0.1,0.0,1.0,0.0,0.3333,0.0,0.0,0.0,0.0,0.0,0.0,0.0,0.0,outer_patrol_a,road_edge,0.36,15.019284
3632,86.0,53.0612,1,6.0,1.0,39,18720,39,136.7143,0.0,136.7143,0.5571,1.7949,0.1538,0,0,0,0.0000,0.0,0.0000,0,0.8462,0.1538,0.8718,33,34,39,0.0,0.0,0.0,0.1282,0.0,0.0,1.0,1.0,0,0,0.6667,12,8,0.5459,0.1,0.0513,0.7179,0.0,0.3077,0.0,0.0,0.6667,0.0,0.0,0.0,-0.0,0.0,completed,,0.36,12.687919
3633,86.0,51.619,1,6.0,1.0,38,18240,38,136.2857,0.6799,136.9656,0.5429,1.8421,0.1579,0,0,0,0.0000,0.0,0.0000,0,0.8158,0.1842,0.8421,31,32,38,0.136,0.136,1.0538,0.1579,0.1667,0.3333,0.5,0.8333,0,0,0.7778,9,7,0.5458,0.1,0.1053,0.7895,0.0,0.2368,0.0,0.0,0.7778,0.0,0.0,0.0,1.0114,0.0,completed,,0.36,11.242767
3634,86.0,53.9723,1,6.0,1.0,36,17280,36,135.4286,0.0,135.4286,0.5143,1.9444,0.1667,0,0,0,0.0000,0.0,0.0000,0,0.8056,0.1944,0.8333,29,30,36,0.0,0.0,0.0,0.1667,0.0,0.1667,0.8333,1.0,0,0,0.8889,9,8,0.5431,0.1,0.0556,0.8333,0.0,0.25,0.0,0.0,0.8889,0.0,0.0,0.0,0.4506,0.0,completed,,0.36,12.597784
3635,55.4246,27.0364,0,4.0,0.6667,35,16800,70,150.0,0.6142,150.6142,1.0,1.3333,0.1143,0,0,0,0.0000,0.0,0.0000,0,0.8286,0.1714,0.8286,29,29,35,0.1535,0.1535,0.952,0.1714,0.1667,0.0,0.8333,0.8333,0,0,0.5556,9,5,0.556,0.1,0.0571,0.7429,0.0286,0.2571,0.0,0.0,0.5556,0.0,0.0,0.0,0.4506,0.0,outer_patrol_b,road_edge,0.36,14.643506
3636,13.3652,6.5196,0,2.0,0.3333,21,10080,70,150.0,0.0,150.0,1.0,1.1111,0.0952,0,0,0,0.0000,0.0,0.0000,0,0.8095,0.1905,0.8571,17,18,21,0.0,0.0,0.0,0.1429,0.0,0.0,1.0,1.0,0,0,0.25,8,2,0.5655,0.1,0.1905,0.7619,0.0476,0.381,0.0,0.0,0.25,0.0,0.0,0.0,-0.0,0.0,inner_patrol,obstacle,0.36,14.222628
3637,57.799,28.1946,0,5.0,0.8333,47,22560,70,150.0,1.5527,151.5527,1.0,1.2411,0.1064,0,0,0,0.0000,0.0,0.0000,0,0.7447,0.2553,0.8298,35,39,47,0.3105,0.3105,2.4067,0.1702,0.25,0.0,0.75,0.75,0,0,0.6316,19,12,0.5765,0.1,0.1702,0.766,0.0426,0.4043,0.0,0.0,0.6316,0.0,0.0,0.0,0.5623,0.0,final_park,wall,0.36,15.986634
3638,86.0,50.4065,1,6.0,1.0,43,20640,43,138.4286,1.6096,140.0382,0.6143,1.6279,0.1395,0,0,0,0.0000,0.0,0.0000,0,0.7907,0.2093,0.814,34,35,43,0.3219,0.3219,2.4949,0.186,0.25,0.0,0.75,0.75,0,0,0.5385,13,7,0.5777,0.1,0.1628,0.7907,0.093,0.3023,0.0,0.0,0.5385,0.0,0.0,0.0,0.5623,0.0,completed,,0.36,17.639794
3639,86.0,52.9586,1,6.0,1.0,37,17760,37,135.8571,0.0,135.8571,0.5286,1.8919,0.1622,1,0,1,0.0270,0.0,0.0270,0,0.8378,0.1622,0.8649,31,32,37,0.0,0.0,0.0,0.1351,0.0,0.2,0.8,1.0,0,0,0.875,16,14,0.549,0.1,0.027,0.8649,0.0,0.4324,0.0,0.0,0.875,0.0,0.0,0.0,0.5004,0.0,completed,,0.36,15.322824
3640,0.4854,0.2368,0,1.0,0.1667,19,9120,70,150.0,0.8388,150.8388,1.0,0.614,0.0526,0,0,0,0.0000,0.0,0.0000,0,0.7895,0.2105,0.8421,15,16,19,0.8388,0.8388,1.3002,0.1053,0.5,0.0,0.5,0.5,0,0,0.5455,11,6,0.5821,0.1,0.2105,0.8421,0.1579,0.5789,0.0,0.0,0.5455,0.0,0.0,0.0,0.6931,0.0,enter_inner,red_light,0.36,14.903399
3641,16.9593,8.2728,0,2.0,0.3333,15,7200,70,150.0,0.0,150.0,1.0,1.5556,0.1333,1,0,1,0.0667,0.0,0.0667,0,0.8,0.2,0.8,12,12,15,0.0,0.0,0.0,0.2,0.0,0.3333,0.6667,1.0,0,0,0.7778,9,7,0.5758,0.1,0.1333,0.8,0.0667,0.6,0.0,0.0,0.7778,0.0,0.0,0.0,0.6365,0.0,inner_patrol,obstacle,0.36,14.971189
3642,5.6108,2.737,0,1.0,0.1667,14,6720,70,150.0,0.0,150.0,1.0,0.8333,0.0714,0,0,0,0.0000,0.0,0.0000,0,0.8571,0.1429,0.8571,12,12,14,0.0,0.0,0.0,0.1429,0.0,0.5,0.5,1.0,0,0,0.5,4,2,0.5286,0.1,0.1429,0.7143,0.0,0.2857,0.0,0.0,0.5,0.0,0.0,0.0,0.6931,0.0,enter_inner,obstacle,0.36,12.466179
3643,86.0,52.6745,1,6.0,1.0,38,18240,38,136.2857,0.8039,137.0896,0.5429,1.8421,0.1579,1,0,1,0.0263,0.0,0.0263,0,0.8421,0.1579,0.8421,32,32,38,0.1608,0.1608,1.2461,0.1579,0.1667,0.0,0.8333,0.8333,0,0,0.8333,12,10,0.5433,0.1,0.0789,0.7632,0.0,0.3158,0.0,0.0,0.8333,0.0,0.0,0.0,0.4506,0.0,completed,,0.36,14.504497
3644,32.8754,16.0368,0,3.0,0.5,22,10560,70,150.0,0.0,150.0,1.0,1.5909,0.1364,0,0,0,0.0000,0.0,0.0000,0,0.8182,0.1818,0.8182,18,18,22,0.0,0.0,0.0,0.1818,0.0,0.25,0.75,1.0,0,0,0.75,4,3,0.558,0.1,0.0909,0.8182,0.0455,0.1818,0.0,0.0,0.75,0.0,0.0,0.0,0.5623,0.0,return_outer,obstacle,0.36,14.597057
3645,4.8606,2.371,0,1.0,0.1667,14,6720,70,150.0,0.0,150.0,1.0,0.8333,0.0714,0,0,0,0.0000,0.0,0.0000,0,0.9286,0.0714,0.9286,13,13,14,0.0,0.0,0.0,0.0714,0.0,1.0,0.0,1.0,0,0,0.6667,6,4,0.5262,0.1,0.0714,0.7857,0.0,0.4286,0.0,0.0,0.6667,0.0,0.0,0.0,-0.0,0.0,enter_inner,obstacle,0.36,15.337223
3646,86.0,52.3246,1,6.0,1.0,44,21120,44,138.8571,0.0,138.8571,0.6286,1.5909,0.1364,1,0,1,0.0227,0.0,0.0227,0,0.8409,0.1591,0.8409,37,37,44,0.0,0.0,0.0,0.1591,0.0,0.1429,0.8571,1.0,0,0,0.5263,19,10,0.5853,0.1,0.1591,0.7727,0.0682,0.4318,0.0,0.0,0.5263,0.0,0.0,0.0,0.4101,0.0,completed,,0.36,16.727434
3647,86.0,50.9841,1,6.0,1.0,39,18720,39,136.7143,0.8715,137.5858,0.5571,1.7949,0.1538,1,0,1,0.0256,0.0,0.0256,0,0.8205,0.1795,0.8462,32,33,39,0.1743,0.1743,1.3508,0.1538,0.1667,0.3333,0.5,0.8333,0,0,0.6667,9,6,0.5498,0.1,0.1026,0.6667,0.0256,0.2308,0.0,0.0,0.6667,0.0,0.0,0.0,1.0114,0.0,completed,,0.36,15.828915
3648,3.3044,1.6119,0,1.0,0.1667,20,9600,70,150.0,0.0,150.0,1.0,0.5833,0.05,0,0,0,0.0000,0.0,0.0000,0,0.8,0.2,0.85,16,17,20,0.0,0.0,0.0,0.1,0.0,0.0,1.0,1.0,0,0,0.0,7,0,0.6374,0.1,0.35,0.75,0.25,0.35,0.0,0.0,0.0,0.0,0.0,0.0,-0.0,0.0,enter_inner,red_light,0.36,14.868005
3649,2.5378,1.2379,0,1.0,0.1667,16,7680,70,150.0,0.8574,150.8574,1.0,0.7292,0.0625,0,0,0,0.0000,0.0,0.0000,0,0.875,0.125,0.875,14,14,16,0.8574,0.8574,1.329,0.125,0.5,0.0,0.5,0.5,0,0,0.5,2,1,0.5505,0.1,0.125,0.625,0.0625,0.125,0.0,0.0,0.5,0.0,0.0,0.0,0.6931,0.0,enter_inner,obstacle,0.36,13.294006
3650,2.8843,1.407,0,1.0,0.1667,18,8640,70,150.0,0.0,150.0,1.0,0.6481,0.0556,1,0,1,0.0556,0.0,0.0556,0,0.7778,0.2222,0.8889,14,16,18,0.0,0.0,0.0,0.1111,0.0,0.5,0.5,1.0,0,0,0.4286,7,3,0.5455,0.1,0.1111,0.6667,0.0556,0.3889,0.0,0.0,0.4286,0.0,0.0,0.0,0.6931,0.0,enter_inner,obstacle,0.36,13.742488
3651,-10.0,-5.65,0,0.0,0.0,5,2400,70,150.0,0.0,150.0,1.0,0.0,0.0,0,0,0,0.0000,0.0,0.0000,0,1.0,0.0,1.0,5,5,5,0.0,0.0,0.0,0.0,0.0,0.0,0.0,0.0,0,0,0.0,0,0,0.4981,0.1,0.0,1.0,0.0,0.0,0.0,0.0,0.0,0.0,0.0,0.0,0.0,0.0,outer_patrol_a,road_edge,0.36,14.647368
3652,86.0,54.5538,1,6.0,1.0,34,16320,34,134.5714,0.0,134.5714,0.4857,2.0588,0.1765,1,0,1,0.0294,0.0,0.0294,0,0.8529,0.1471,0.8529,29,29,34,0.0,0.0,0.0,0.1471,0.0,0.0,1.0,1.0,0,0,1.0,4,4,0.5411,0.1,0.0588,0.6471,0.0294,0.1176,0.0,0.0,1.0,0.0,0.0,0.0,-0.0,0.0,completed,,0.36,17.129882
3653,86.0,51.1777,1,6.0,1.0,43,20640,43,138.4286,0.7046,139.1332,0.6143,1.6279,0.1395,1,0,1,0.0233,0.0,0.0233,0,0.7674,0.2326,0.814,33,35,43,0.1409,0.1409,1.0922,0.186,0.125,0.125,0.75,0.875,0,0,0.6429,14,9,0.5557,0.1,0.1163,0.7209,0.0233,0.3256,0.0,0.0,0.6429,0.0,0.0,0.0,0.7356,0.0,completed,,0.36,17.562836
3654,50.5166,24.6422,0,4.0,0.6667,34,16320,70,150.0,1.7811,151.7811,1.0,1.3725,0.1176,0,0,0,0.0000,0.0,0.0000,0,0.8235,0.1765,0.8235,28,28,34,0.4453,0.4453,2.7607,0.1765,0.3333,0.1667,0.5,0.6667,0,0,0.7,10,7,0.5811,0.1,0.1471,0.7353,0.0588,0.2941,0.0,0.0,0.7,0.0,0.0,0.0,1.0114,0.0,outer_patrol_b,road_edge,0.36,18.095651
3655,5.1209,2.498,0,1.0,0.1667,14,6720,70,150.0,0.0,150.0,1.0,0.8333,0.0714,1,0,1,0.0714,0.0,0.0714,0,0.8571,0.1429,0.9286,12,13,14,0.0,0.0,0.0,0.0714,0.0,0.0,1.0,1.0,0,0,0.75,4,3,0.5054,0.1,0.0714,0.8571,0.0,0.2857,0.0,0.0,0.75,0.0,0.0,0.0,-0.0,0.0,enter_inner,obstacle,0.36,15.487064
3656,16.5762,8.086,0,2.0,0.3333,19,9120,70,150.0,0.0,150.0,1.0,1.2281,0.1053,1,0,1,0.0526,0.0,0.0526,0,0.8421,0.1579,0.8421,16,16,19,0.0,0.0,0.0,0.1579,0.0,0.0,1.0,1.0,0,0,0.4545,11,5,0.6295,0.1,0.2632,0.8421,0.2105,0.5789,0.0,0.0,0.4545,0.0,0.0,0.0,-0.0,0.0,inner_patrol,obstacle,0.36,14.092544
3657,86.0,52.8909,1,6.0,1.0,40,19200,40,137.1429,0.0,137.1429,0.5714,1.75,0.15,0,0,0,0.0000,0.0,0.0000,0,0.75,0.25,0.825,30,33,40,0.0,0.0,0.0,0.175,0.0,0.1429,0.8571,1.0,0,0,0.7,10,7,0.5401,0.1,0.075,0.825,0.025,0.25,0.0,0.0,0.7,0.0,0.0,0.0,0.4101,0.0,completed,,0.36,17.181564
3658,86.0,53.142,1,6.0,1.0,39,18720,39,136.7143,0.0,136.7143,0.5571,1.7949,0.1538,1,0,1,0.0256,0.0,0.0256,0,0.8462,0.1538,0.8718,33,34,39,0.0,0.0,0.0,0.1282,0.0,0.0,1.0,1.0,0,0,0.7273,11,8,0.5428,0.1,0.0513,0.7692,0.0,0.2821,0.0,0.0,0.7273,0.0,0.0,0.0,-0.0,0.0,completed,,0.36,22.641873
3659,86.0,51.545,1,6.0,1.0,40,19200,40,137.1429,1.5374,138.6802,0.5714,1.75,0.15,0,0,0,0.0000,0.0,0.0000,0,0.8,0.2,0.8,32,32,40,0.3075,0.3075,2.3829,0.2,0.25,0.0,0.75,0.75,0,0,0.8333,12,10,0.5681,0.1,0.125,0.675,0.05,0.3,0.0,0.0,0.8333,0.0,0.0,0.0,0.5623,0.0,completed,,0.36,20.732769
3660,86.0,50.3896,1,6.0,1.0,47,22560,47,140.1429,0.7344,140.8773,0.6714,1.4894,0.1277,0,0,0,0.0000,0.0,0.0000,0,0.7872,0.2128,0.8085,37,38,47,0.1469,0.1469,1.1384,0.1915,0.1111,0.1111,0.7778,0.8889,0,0,0.4,15,6,0.5925,0.1,0.234,0.8298,0.0638,0.3191,0.0,0.0,0.4,0.0,0.0,0.0,0.6837,0.0,completed,,0.36,15.40545
3661,11.942,5.8254,0,2.0,0.3333,19,9120,70,150.0,0.6404,150.6404,1.0,1.2281,0.1053,1,0,1,0.0526,0.0,0.0526,0,0.8421,0.1579,0.8421,16,16,19,0.3202,0.3202,0.9926,0.1579,0.3333,0.3333,0.3333,0.6667,0,0,0.625,8,5,0.5729,0.1,0.2105,0.6842,0.0526,0.4211,0.0,0.0,0.625,0.0,0.0,0.0,1.0986,0.0,inner_patrol,obstacle,0.36,11.620543
3662,86.0,54.2381,1,6.0,1.0,37,17760,37,135.8571,0.0,135.8571,0.5286,1.8919,0.1622,1,0,1,0.0270,0.0,0.0270,0,0.8108,0.1892,0.8378,30,31,37,0.0,0.0,0.0,0.1622,0.0,0.0,1.0,1.0,0,0,0.625,8,5,0.5448,0.1,0.0811,0.7027,0.027,0.2162,0.0,0.0,0.625,0.0,0.0,0.0,-0.0,0.0,completed,,0.36,10.418223
3663,86.0,53.5241,1,6.0,1.0,40,19200,40,137.1429,0.0,137.1429,0.5714,1.75,0.15,1,0,1,0.0250,0.0,0.0250,0,0.775,0.225,0.825,31,33,40,0.0,0.0,0.0,0.175,0.0,0.0,1.0,1.0,0,0,0.6667,12,8,0.5574,0.1,0.125,0.825,0.075,0.3,0.0,0.0,0.6667,0.0,0.0,0.0,-0.0,0.0,completed,,0.36,13.690273
3664,86.0,49.0648,1,6.0,1.0,45,21600,45,139.2857,1.6963,140.9821,0.6429,1.5556,0.1333,0,0,0,0.0000,0.0,0.0000,0,0.7111,0.2889,0.8,32,36,45,0.3393,0.3393,2.6293,0.2,0.2222,0.0,0.7778,0.7778,0,0,0.6875,16,11,0.5759,0.1,0.1333,0.8667,0.0889,0.3556,0.0,0.0,0.6875,0.0,0.0,0.0,0.5297,0.0,completed,,0.36,18.858615
3665,5.7729,2.816,0,1.0,0.1667,14,6720,70,150.0,0.0,150.0,1.0,0.8333,0.0714,1,0,1,0.0714,0.0,0.0714,0,0.8571,0.1429,0.9286,12,13,14,0.0,0.0,0.0,0.0714,0.0,0.0,1.0,1.0,0,0,0.0,1,0,0.5139,0.1,0.0714,0.7857,0.0,0.0714,0.0,0.0,0.0,0.0,0.0,0.0,-0.0,0.0,enter_inner,obstacle,0.36,18.769462
3666,86.0,51.4883,1,6.0,1.0,38,18240,38,136.2857,0.7921,137.0778,0.5429,1.8421,0.1579,0,0,0,0.0000,0.0,0.0000,0,0.8684,0.1316,0.8684,33,33,38,0.1584,0.1584,1.2277,0.1316,0.2,0.2,0.6,0.8,0,0,0.625,8,5,0.5402,0.1,0.0789,0.7632,0.0,0.2105,0.0,0.0,0.625,0.0,0.0,0.0,0.9503,0.0,completed,,0.36,20.487381
3667,15.2254,7.427,0,2.0,0.3333,16,7680,70,150.0,0.0,150.0,1.0,1.4583,0.125,0,0,0,0.0000,0.0,0.0000,0,0.875,0.125,0.875,14,14,16,0.0,0.0,0.0,0.125,0.0,0.5,0.5,1.0,0,0,0.6,5,3,0.5265,0.1,0.0,0.8125,0.0,0.3125,0.0,0.0,0.6,0.0,0.0,0.0,0.6931,0.0,inner_patrol,obstacle,0.36,19.818844
3668,86.0,50.2159,1,6.0,1.0,43,20640,43,138.4286,1.5544,139.9829,0.6143,1.6279,0.1395,0,0,0,0.0000,0.0,0.0000,0,0.814,0.186,0.814,35,35,43,0.3109,0.3109,2.4093,0.186,0.25,0.125,0.625,0.75,0,0,0.5333,15,8,0.5752,0.1,0.1628,0.814,0.0698,0.3488,0.0,0.0,0.5333,0.0,0.0,0.0,0.9003,0.0,completed,,0.36,17.320366
3669,86.0,51.2939,1,6.0,1.0,38,18240,38,136.2857,0.6859,136.9716,0.5429,1.8421,0.1579,0,0,0,0.0000,0.0,0.0000,0,0.8421,0.1579,0.8684,32,33,38,0.1372,0.1372,1.0631,0.1316,0.2,0.4,0.4,0.8,0,0,0.7778,9,7,0.5492,0.1,0.0526,0.8421,0.0,0.2368,0.0,0.0,0.7778,0.0,0.0,0.0,1.0549,0.0,completed,,0.36,12.125186
3670,15.9019,7.757,0,2.0,0.3333,15,7200,70,150.0,0.0,150.0,1.0,1.5556,0.1333,0,0,0,0.0000,0.0,0.0000,0,0.8667,0.1333,0.8667,13,13,15,0.0,0.0,0.0,0.1333,0.0,0.5,0.5,1.0,0,0,0.5,4,2,0.5149,0.1,0.0667,0.7333,0.0,0.2667,0.0,0.0,0.5,0.0,0.0,0.0,0.6931,0.0,inner_patrol,obstacle,0.36,13.3429
3671,31.7281,15.4771,0,3.0,0.5,23,11040,70,150.0,0.0,150.0,1.0,1.5217,0.1304,0,0,0,0.0000,0.0,0.0000,0,0.7826,0.2174,0.8261,18,19,23,0.0,0.0,0.0,0.1739,0.0,0.25,0.75,1.0,0,0,0.6667,6,4,0.5599,0.1,0.087,0.8696,0.0435,0.2609,0.0,0.0,0.6667,0.0,0.0,0.0,0.5623,0.0,return_outer,obstacle,0.36,11.970764
3672,86.0,52.391,1,6.0,1.0,38,18240,38,136.2857,0.7253,137.0111,0.5429,1.8421,0.1579,0,0,0,0.0000,0.0,0.0000,0,0.8421,0.1579,0.8421,32,32,38,0.1451,0.1451,1.1243,0.1579,0.1667,0.0,0.8333,0.8333,0,0,0.7692,13,10,0.5555,0.1,0.1053,0.8158,0.0,0.3421,0.0,0.0,0.7692,0.0,0.0,0.0,0.4506,0.0,completed,,0.36,13.348994
3673,86.0,48.2545,1,6.0,1.0,42,20160,42,138.0,2.3862,140.3862,0.6,1.6667,0.1429,0,0,0,0.0000,0.0,0.0000,0,0.8095,0.1905,0.8095,34,34,42,0.4772,0.4772,3.6986,0.1905,0.375,0.25,0.375,0.625,0,0,0.6364,11,7,0.5753,0.1,0.1429,0.7857,0.0714,0.2619,0.0,0.0,0.6364,0.0,0.0,0.0,1.0822,0.0,completed,,0.36,11.762652
3674,86.0,53.7342,1,6.0,1.0,38,18240,38,136.2857,0.0,136.2857,0.5429,1.8421,0.1579,0,0,0,0.0000,0.0,0.0000,0,0.8158,0.1842,0.8158,31,31,38,0.0,0.0,0.0,0.1842,0.0,0.2857,0.7143,1.0,0,0,0.7,10,7,0.5722,0.1,0.1316,0.7632,0.0789,0.2632,0.0,0.0,0.7,0.0,0.0,0.0,0.5983,0.0,completed,,0.36,12.022661
3675,36.6961,17.9005,0,4.0,0.6667,27,12960,70,150.0,0.83,150.83,1.0,1.7284,0.1481,1,0,1,0.0370,0.0,0.0370,0,0.7407,0.2593,0.8148,20,22,27,0.2075,0.2075,1.2865,0.1852,0.2,0.4,0.4,0.8,0,0,0.7143,7,5,0.5633,0.1,0.1111,0.7407,0.037,0.2593,0.0,0.0,0.7143,0.0,0.0,0.0,1.0549,0.0,outer_patrol_b,road_edge,0.36,14.020711
3676,86.0,51.4892,1,6.0,1.0,41,19680,41,137.5714,1.5698,139.1412,0.5857,1.7073,0.1463,0,0,0,0.0000,0.0,0.0000,0,0.7805,0.2195,0.8049,32,33,41,0.314,0.314,2.4331,0.1951,0.25,0.0,0.75,0.75,0,0,0.6875,16,11,0.5794,0.1,0.1463,0.8537,0.0732,0.3902,0.0,0.0,0.6875,0.0,0.0,0.0,0.5623,0.0,completed,,0.36,14.272748
3677,15.3999,7.5121,0,2.0,0.3333,16,7680,70,150.0,0.0,150.0,1.0,1.4583,0.125,0,0,0,0.0000,0.0,0.0000,0,0.8125,0.1875,0.875,13,14,16,0.0,0.0,0.0,0.125,0.0,0.0,1.0,1.0,0,0,0.7143,7,5,0.5295,0.1,0.0625,0.8125,0.0,0.4375,0.0,0.0,0.7143,0.0,0.0,0.0,-0.0,0.0,inner_patrol,obstacle,0.36,14.810115
3678,86.0,49.5361,1,6.0,1.0,41,19680,41,137.5714,2.0788,139.6502,0.5857,1.7073,0.1463,0,0,0,0.0000,0.0,0.0000,0,0.7805,0.2195,0.8049,32,33,41,0.4158,0.4158,3.2221,0.1951,0.375,0.125,0.5,0.625,0,0,0.8125,16,13,0.5837,0.1,0.0976,0.8537,0.0488,0.3902,0.0,0.0,0.8125,0.0,0.0,0.0,0.9743,0.0,completed,,0.36,14.444453
3679,29.6532,14.465,0,4.0,0.6667,32,15360,70,150.0,3.2007,153.2007,1.0,1.4583,0.125,0,0,0,0.0000,0.0,0.0000,0,0.7812,0.2188,0.7812,25,25,32,0.8002,0.8002,4.9611,0.2188,0.5714,0.0,0.4286,0.4286,0,0,0.5,14,7,0.643,0.1,0.3438,0.875,0.1875,0.4375,0.0,0.0,0.5,0.0,0.0,0.0,0.6829,0.0,outer_patrol_b,road_edge,0.36,13.057891
3680,86.0,49.6512,1,6.0,1.0,42,20160,42,138.0,1.5672,139.5672,0.6,1.6667,0.1429,0,0,0,0.0000,0.0,0.0000,0,0.8333,0.1667,0.8571,35,36,42,0.3134,0.3134,2.4291,0.1429,0.3333,0.0,0.6667,0.6667,0,0,0.6923,13,9,0.5516,0.1,0.0714,0.8571,0.0,0.3095,0.0,0.0,0.6923,0.0,0.0,0.0,0.6365,0.0,completed,,0.36,12.805318
3681,31.5664,15.3983,0,3.0,0.5,23,11040,70,150.0,0.0,150.0,1.0,1.5217,0.1304,1,0,1,0.0435,0.0,0.0435,0,0.8696,0.1304,0.8696,20,20,23,0.0,0.0,0.0,0.1304,0.0,0.0,1.0,1.0,0,0,0.5714,7,4,0.5397,0.1,0.087,0.913,0.0,0.3043,0.0,0.0,0.5714,0.0,0.0,0.0,-0.0,0.0,return_outer,obstacle,0.36,13.321223
3682,86.0,51.2214,1,6.0,1.0,38,18240,38,136.2857,1.5083,137.794,0.5429,1.8421,0.1579,1,0,1,0.0263,0.0,0.0263,0,0.7895,0.2105,0.8158,30,31,38,0.3017,0.3017,2.3378,0.1842,0.2857,0.1429,0.5714,0.7143,0,0,0.8889,9,8,0.5539,0.1,0.0526,0.7368,0.0263,0.2368,0.0,0.0,0.8889,0.0,0.0,0.0,0.9557,0.0,completed,,0.36,12.874324
3683,69.459,33.8824,0,5.0,0.8333,37,17760,70,150.0,0.0,150.0,1.0,1.5766,0.1351,1,0,1,0.0270,0.0,0.0270,0,0.8649,0.1351,0.8649,32,32,37,0.0,0.0,0.0,0.1351,0.0,0.0,1.0,1.0,0,0,0.8333,12,10,0.5374,0.1,0.0811,0.7297,0.0,0.3243,0.0,0.0,0.8333,0.0,0.0,0.0,-0.0,0.0,final_park,wall,0.36,12.575092
3684,86.0,54.0566,1,6.0,1.0,40,19200,40,137.1429,0.0,137.1429,0.5714,1.75,0.15,0,0,0,0.0000,0.0,0.0000,0,0.825,0.175,0.825,33,33,40,0.0,0.0,0.0,0.175,0.0,0.0,1.0,1.0,0,0,0.6154,13,8,0.5866,0.1,0.15,0.85,0.1,0.325,0.0,0.0,0.6154,0.0,0.0,0.0,-0.0,0.0,completed,,0.36,16.718635
3685,16.9599,8.2731,0,2.0,0.3333,15,7200,70,150.0,0.0,150.0,1.0,1.5556,0.1333,0,0,0,0.0000,0.0,0.0000,0,0.8,0.2,0.8,12,12,15,0.0,0.0,0.0,0.2,0.0,0.3333,0.6667,1.0,0,0,0.5,4,2,0.5459,0.1,0.1333,0.6667,0.0667,0.2667,0.0,0.0,0.5,0.0,0.0,0.0,0.6365,0.0,inner_patrol,obstacle,0.36,16.225644
3686,86.0,51.3767,1,6.0,1.0,40,19200,40,137.1429,0.8197,137.9626,0.5714,1.75,0.15,0,0,0,0.0000,0.0,0.0000,0,0.825,0.175,0.825,33,33,40,0.1639,0.1639,1.2706,0.175,0.1429,0.2857,0.5714,0.8571,0,0,0.6364,11,7,0.5612,0.1,0.1,0.775,0.05,0.275,0.0,0.0,0.6364,0.0,0.0,0.0,0.9557,0.0,completed,,0.36,18.458182
3687,86.0,53.0422,1,6.0,1.0,37,17760,37,135.8571,0.8795,136.7367,0.5286,1.8919,0.1622,1,0,1,0.0270,0.0,0.0270,0,0.8378,0.1622,0.8378,31,31,37,0.1759,0.1759,1.3633,0.1622,0.1667,0.0,0.8333,0.8333,0,0,0.8889,9,8,0.55,0.1,0.0811,0.8108,0.027,0.2432,0.0,0.0,0.8889,0.0,0.0,0.0,0.4506,0.0,completed,,0.36,17.618266
3688,86.0,53.4586,1,6.0,1.0,39,18720,39,136.7143,0.0,136.7143,0.5571,1.7949,0.1538,0,0,0,0.0000,0.0,0.0000,0,0.8462,0.1538,0.8462,33,33,39,0.0,0.0,0.0,0.1538,0.0,0.0,1.0,1.0,0,0,0.5455,11,6,0.5467,0.1,0.1282,0.7949,0.0256,0.2821,0.0,0.0,0.5455,0.0,0.0,0.0,-0.0,0.0,completed,,0.36,14.969353
3689,86.0,51.6746,1,6.0,1.0,38,18240,38,136.2857,1.454,137.7397,0.5429,1.8421,0.1579,1,0,1,0.0263,0.0,0.0263,0,0.8421,0.1579,0.8421,32,32,38,0.2908,0.2908,2.2537,0.1579,0.3333,0.0,0.6667,0.6667,0,0,0.7143,7,5,0.5455,0.1,0.0263,0.8158,0.0,0.1842,0.0,0.0,0.7143,0.0,0.0,0.0,0.6365,0.0,completed,,0.36,13.881048
3690,86.0,51.7109,1,6.0,1.0,43,20640,43,138.4286,0.7824,139.211,0.6143,1.6279,0.1395,0,0,0,0.0000,0.0,0.0000,0,0.8372,0.1628,0.8372,36,36,43,0.1565,0.1565,1.2127,0.1628,0.1429,0.0,0.8571,0.8571,0,0,0.4615,13,6,0.5804,0.1,0.1628,0.7442,0.0698,0.3023,0.0,0.0,0.4615,0.0,0.0,0.0,0.4101,0.0,completed,,0.36,15.952831
3691,15.0615,7.3471,0,2.0,0.3333,16,7680,70,150.0,0.0,150.0,1.0,1.4583,0.125,1,0,1,0.0625,0.0,0.0625,0,0.8125,0.1875,0.875,13,14,16,0.0,0.0,0.0,0.125,0.0,0.5,0.5,1.0,0,0,0.6667,3,2,0.5228,0.1,0.0,0.6875,0.0,0.1875,0.0,0.0,0.6667,0.0,0.0,0.0,0.6931,0.0,inner_patrol,obstacle,0.36,17.350332
3692,86.0,53.5178,1,6.0,1.0,37,17760,37,135.8571,0.7251,136.5822,0.5286,1.8919,0.1622,0,0,0,0.0000,0.0,0.0000,0,0.8108,0.1892,0.8108,30,30,37,0.145,0.145,1.1238,0.1892,0.1429,0.0,0.8571,0.8571,0,0,0.8889,9,8,0.5621,0.1,0.0811,0.7838,0.0541,0.2432,0.0,0.0,0.8889,0.0,0.0,0.0,0.4101,0.0,completed,,0.36,16.617988
3693,86.0,52.0166,1,6.0,1.0,44,21120,44,138.8571,0.8576,139.7147,0.6286,1.5909,0.1364,1,0,1,0.0227,0.0,0.0227,0,0.7955,0.2045,0.7955,35,35,44,0.1715,0.1715,1.3292,0.2045,0.1111,0.0,0.8889,0.8889,0,0,0.6,20,12,0.6064,0.1,0.2045,0.9091,0.1136,0.4545,0.0,0.0,0.6,0.0,0.0,0.0,0.3488,0.0,completed,,0.36,16.162128
3694,86.0,50.5296,1,6.0,1.0,41,19680,41,137.5714,1.4644,139.0358,0.5857,1.7073,0.1463,0,0,0,0.0000,0.0,0.0000,0,0.7561,0.2439,0.8049,31,33,41,0.2929,0.2929,2.2698,0.1951,0.25,0.125,0.625,0.75,0,0,0.6364,11,7,0.5758,0.1,0.122,0.7317,0.0976,0.2683,0.0,0.0,0.6364,0.0,0.0,0.0,0.9003,0.0,completed,,0.36,15.724416
3695,86.0,54.8726,1,6.0,1.0,34,16320,34,134.5714,0.0,134.5714,0.4857,2.0588,0.1765,1,0,1,0.0294,0.0,0.0294,0,0.8529,0.1471,0.8529,29,29,34,0.0,0.0,0.0,0.1471,0.0,0.0,1.0,1.0,0,0,1.0,8,8,0.5324,0.1,0.0588,0.7941,0.0,0.2353,0.0,0.0,1.0,0.0,0.0,0.0,-0.0,0.0,completed,,0.36,13.521336
3696,86.0,53.5646,1,6.0,1.0,37,17760,37,135.8571,0.0,135.8571,0.5286,1.8919,0.1622,0,0,0,0.0000,0.0,0.0000,0,0.8649,0.1351,0.8649,32,32,37,0.0,0.0,0.0,0.1351,0.0,0.0,1.0,1.0,0,0,0.8889,9,8,0.5486,0.1,0.0541,0.7297,0.027,0.2432,0.0,0.0,0.8889,0.0,0.0,0.0,-0.0,0.0,completed,,0.36,15.407255
3697,86.0,53.7387,1,6.0,1.0,39,18720,39,136.7143,0.0,136.7143,0.5571,1.7949,0.1538,0,0,0,0.0000,0.0,0.0000,0,0.8462,0.1538,0.8462,33,33,39,0.0,0.0,0.0,0.1538,0.0,0.0,1.0,1.0,0,0,0.75,12,9,0.5522,0.1,0.1026,0.7179,0.0256,0.3077,0.0,0.0,0.75,0.0,0.0,0.0,-0.0,0.0,completed,,0.36,15.706261
3698,59.3772,28.9645,0,4.0,0.6667,34,16320,70,150.0,0.0,150.0,1.0,1.3725,0.1176,0,0,0,0.0000,0.0,0.0000,0,0.8824,0.1176,0.8824,30,30,34,0.0,0.0,0.0,0.1176,0.0,0.0,1.0,1.0,0,0,0.4286,7,3,0.5379,0.1,0.0294,0.7353,0.0,0.2059,0.0,0.0,0.4286,0.0,0.0,0.0,-0.0,0.0,outer_patrol_b,road_edge,0.36,15.502014
3699,16.1627,7.8842,0,2.0,0.3333,15,7200,70,150.0,0.0,150.0,1.0,1.5556,0.1333,1,0,1,0.0667,0.0,0.0667,0,0.8,0.2,0.8667,12,13,15,0.0,0.0,0.0,0.1333,0.0,0.0,1.0,1.0,0,0,1.0,2,2,0.5109,0.1,0.0667,0.7333,0.0,0.1333,0.0,0.0,1.0,0.0,0.0,0.0,-0.0,0.0,inner_patrol,obstacle,0.36,15.527986
3700,31.9291,15.5752,0,3.0,0.5,21,10080,70,150.0,0.0,150.0,1.0,1.6667,0.1429,0,0,0,0.0000,0.0,0.0000,0,0.8571,0.1429,0.8571,18,18,21,0.0,0.0,0.0,0.1429,0.0,0.3333,0.6667,1.0,0,0,0.6667,3,2,0.5442,0.1,0.0952,0.8095,0.0476,0.1429,0.0,0.0,0.6667,0.0,0.0,0.0,0.6365,0.0,return_outer,obstacle,0.36,16.3729
3701,86.0,53.2176,1,6.0,1.0,38,18240,38,136.2857,0.7975,137.0832,0.5429,1.8421,0.1579,0,0,0,0.0000,0.0,0.0000,0,0.8158,0.1842,0.8158,31,31,38,0.1595,0.1595,1.2361,0.1842,0.1429,0.0,0.8571,0.8571,0,0,0.7,10,7,0.5579,0.1,0.1316,0.7895,0.0263,0.2632,0.0,0.0,0.7,0.0,0.0,0.0,0.4101,0.0,completed,,0.36,13.629773
3702,86.0,50.9217,1,6.0,1.0,40,19200,40,137.1429,1.514,138.6568,0.5714,1.75,0.15,1,0,1,0.0250,0.0,0.0250,0,0.85,0.15,0.85,34,34,40,0.3028,0.3028,2.3467,0.15,0.3333,0.0,0.6667,0.6667,0,0,0.6667,9,6,0.5517,0.1,0.1,0.65,0.0,0.225,0.0,0.0,0.6667,0.0,0.0,0.0,0.6365,0.0,completed,,0.36,16.334597
3703,-10.0,-9.93,0,0.0,0.0,1,480,70,150.0,0.0,150.0,1.0,0.0,0.0,1,0,1,1.0000,0.0,1.0000,0,1.0,0.0,1.0,1,1,1,0.0,0.0,0.0,0.0,0.0,0.0,0.0,0.0,0,0,0.0,0,0,0.4904,0.1,0.0,0.0,0.0,0.0,0.0,0.0,0.0,0.0,0.0,0.0,0.0,0.0,outer_patrol_a,road_edge,0.36,16.334597
3704,18.8898,9.2145,0,2.0,0.3333,18,8640,70,150.0,0.0,150.0,1.0,1.2963,0.1111,1,0,1,0.0556,0.0,0.0556,0,0.7778,0.2222,0.7778,14,14,18,0.0,0.0,0.0,0.2222,0.0,0.0,1.0,1.0,0,0,0.4,5,2,0.5453,0.1,0.1667,0.7778,0.0556,0.2778,0.0,0.0,0.4,0.0,0.0,0.0,-0.0,0.0,inner_patrol,obstacle,0.36,16.110392
3705,86.0,51.9967,1,6.0,1.0,39,18720,39,136.7143,0.6921,137.4064,0.5571,1.7949,0.1538,0,0,0,0.0000,0.0,0.0000,0,0.8462,0.1538,0.8718,33,34,39,0.1384,0.1384,1.0727,0.1282,0.2,0.0,0.8,0.8,0,0,0.8182,11,9,0.5449,0.1,0.0769,0.641,0.0,0.2821,0.0,0.0,0.8182,0.0,0.0,0.0,0.5004,0.0,completed,,0.36,17.849733
3706,86.0,53.6966,1,6.0,1.0,36,17280,36,135.4286,0.0,135.4286,0.5143,1.9444,0.1667,0,0,0,0.0000,0.0,0.0000,0,0.8056,0.1944,0.8611,29,31,36,0.0,0.0,0.0,0.1389,0.0,0.0,1.0,1.0,0,0,0.875,8,7,0.5367,0.1,0.0556,0.75,0.0,0.2222,0.0,0.0,0.875,0.0,0.0,0.0,-0.0,0.0,completed,,0.36,14.024482
3707,86.0,54.0972,1,6.0,1.0,41,19680,41,137.5714,0.0,137.5714,0.5857,1.7073,0.1463,0,0,0,0.0000,0.0,0.0000,0,0.7805,0.2195,0.7805,32,32,41,0.0,0.0,0.0,0.2195,0.0,0.0,1.0,1.0,0,0,0.5,12,6,0.5638,0.1,0.122,0.8049,0.0244,0.2927,0.0,0.0,0.5,0.0,0.0,0.0,-0.0,0.0,completed,,0.36,13.894083
3708,20.3099,9.9073,0,2.0,0.3333,19,9120,70,150.0,0.787,150.787,1.0,1.2281,0.1053,1,0,1,0.0526,0.0,0.0526,0,0.8947,0.1053,0.8947,17,17,19,0.3935,0.3935,1.2198,0.1053,0.5,0.0,0.5,0.5,0,0,0.8333,6,5,0.5367,0.1,0.0526,0.8421,0.0,0.3158,0.0,0.0,0.8333,0.0,0.0,0.0,0.6931,0.0,inner_patrol,obstacle,0.36,14.201237
3709,86.0,51.9274,1,6.0,1.0,41,19680,41,137.5714,1.3674,138.9388,0.5857,1.7073,0.1463,1,0,1,0.0244,0.0,0.0244,0,0.7805,0.2195,0.7805,32,32,41,0.2735,0.2735,2.1194,0.2195,0.2222,0.0,0.7778,0.7778,0,0,0.7059,17,12,0.5814,0.1,0.1707,0.8293,0.0732,0.4146,0.0,0.0,0.7059,0.0,0.0,0.0,0.5297,0.0,completed,,0.36,20.016434
3710,86.0,51.4988,1,6.0,1.0,41,19680,41,137.5714,0.6625,138.2339,0.5857,1.7073,0.1463,0,0,0,0.0000,0.0,0.0000,0,0.8537,0.1463,0.8537,35,35,41,0.1325,0.1325,1.0268,0.1463,0.1667,0.0,0.8333,0.8333,0,0,0.5385,13,7,0.555,0.1,0.0976,0.6829,0.0244,0.3171,0.0,0.0,0.5385,0.0,0.0,0.0,0.4506,0.0,completed,,0.36,21.522281
3711,86.0,52.5314,1,6.0,1.0,39,18720,39,136.7143,0.6002,137.3145,0.5571,1.7949,0.1538,0,0,0,0.0000,0.0,0.0000,0,0.7692,0.2308,0.8205,30,32,39,0.12,0.12,0.9303,0.1795,0.1429,0.0,0.8571,0.8571,0,0,0.6364,11,7,0.5555,0.1,0.0769,0.7692,0.0513,0.2821,0.0,0.0,0.6364,0.0,0.0,0.0,0.4101,0.0,completed,,0.36,17.575753
3712,41.8985,20.4383,0,4.0,0.6667,31,14880,70,150.0,1.9619,151.9619,1.0,1.5054,0.129,0,0,0,0.0000,0.0,0.0000,0,0.7742,0.2258,0.7742,24,24,31,0.4905,0.4905,3.041,0.2258,0.4286,0.0,0.5714,0.5714,0,0,0.75,12,9,0.5893,0.1,0.1613,0.8387,0.0968,0.3871,0.0,0.0,0.75,0.0,0.0,0.0,0.6829,0.0,outer_patrol_b,road_edge,0.36,16.058769
3713,86.0,52.1436,1,6.0,1.0,37,17760,37,135.8571,1.4515,137.3087,0.5286,1.8919,0.1622,1,0,1,0.0270,0.0,0.0270,0,0.7838,0.2162,0.7838,29,29,37,0.2903,0.2903,2.2499,0.2162,0.25,0.125,0.625,0.75,0,0,0.9167,12,11,0.568,0.1,0.1351,0.8378,0.0541,0.3243,0.0,0.0,0.9167,0.0,0.0,0.0,0.9003,0.0,completed,,0.36,11.759844
3714,86.0,52.5643,1,6.0,1.0,40,19200,40,137.1429,0.8907,138.0335,0.5714,1.75,0.15,1,0,1,0.0250,0.0,0.0250,0,0.775,0.225,0.775,31,31,40,0.1781,0.1781,1.3805,0.225,0.1111,0.1111,0.7778,0.8889,0,0,0.5833,12,7,0.5901,0.1,0.175,0.825,0.1,0.3,0.0,0.0,0.5833,0.0,0.0,0.0,0.6837,0.0,completed,,0.36,14.535657
3715,32.495,15.8512,0,3.0,0.5,21,10080,70,150.0,0.0,150.0,1.0,1.6667,0.1429,0,0,0,0.0000,0.0,0.0000,0,0.8571,0.1429,0.8571,18,18,21,0.0,0.0,0.0,0.1429,0.0,0.3333,0.6667,1.0,0,0,0.8571,7,6,0.5665,0.1,0.0476,0.8571,0.0476,0.3333,0.0,0.0,0.8571,0.0,0.0,0.0,0.6365,0.0,return_outer,obstacle,0.36,13.302284
3716,86.0,54.5788,1,6.0,1.0,36,17280,36,135.4286,0.0,135.4286,0.5143,1.9444,0.1667,0,0,0,0.0000,0.0,0.0000,0,0.8333,0.1667,0.8333,30,30,36,0.0,0.0,0.0,0.1667,0.0,0.0,1.0,1.0,0,0,0.8,10,8,0.5492,0.1,0.0556,0.6667,0.0,0.2778,0.0,0.0,0.8,0.0,0.0,0.0,-0.0,0.0,completed,,0.36,13.295765
3717,86.0,54.0688,1,6.0,1.0,38,18240,38,136.2857,0.0,136.2857,0.5429,1.8421,0.1579,0,0,0,0.0000,0.0,0.0000,0,0.8421,0.1579,0.8421,32,32,38,0.0,0.0,0.0,0.1579,0.0,0.0,1.0,1.0,0,0,0.75,12,9,0.5513,0.1,0.0526,0.7368,0.0263,0.3158,0.0,0.0,0.75,0.0,0.0,0.0,-0.0,0.0,completed,,0.36,14.571364
3718,86.0,51.6541,1,6.0,1.0,37,17760,37,135.8571,0.8001,136.6572,0.5286,1.8919,0.1622,1,0,1,0.0270,0.0,0.0270,0,0.8378,0.1622,0.8649,31,32,37,0.16,0.16,1.2402,0.1351,0.2,0.2,0.6,0.8,0,0,0.8571,14,12,0.5435,0.1,0.0541,0.8108,0.0,0.3784,0.0,0.0,0.8571,0.0,0.0,0.0,0.9503,0.0,completed,,0.36,16.996067
3719,86.0,52.5643,1,6.0,1.0,37,17760,37,135.8571,0.0,135.8571,0.5286,1.8919,0.1622,0,0,0,0.0000,0.0,0.0000,0,0.8649,0.1351,0.8649,32,32,37,0.0,0.0,0.0,0.1351,0.0,0.4,0.6,1.0,0,0,0.6667,9,6,0.5348,0.1,0.027,0.8108,0.0,0.2432,0.0,0.0,0.6667,0.0,0.0,0.0,0.673,0.0,completed,,0.36,16.897692
3720,86.0,52.0583,1,6.0,1.0,38,18240,38,136.2857,0.6271,136.9128,0.5429,1.8421,0.1579,1,0,1,0.0263,0.0,0.0263,0,0.8684,0.1316,0.8684,33,33,38,0.1254,0.1254,0.972,0.1316,0.2,0.2,0.6,0.8,0,0,0.75,8,6,0.5325,0.1,0.0526,0.6316,0.0263,0.2105,0.0,0.0,0.75,0.0,0.0,0.0,0.9503,0.0,completed,,0.36,15.315103
3721,86.0,51.4914,1,6.0,1.0,42,20160,42,138.0,0.7434,138.7434,0.6,1.6667,0.1429,0,0,0,0.0000,0.0,0.0000,0,0.8095,0.1905,0.8333,34,35,42,0.1487,0.1487,1.1523,0.1667,0.1429,0.0,0.8571,0.8571,0,0,0.6364,11,7,0.5623,0.1,0.119,0.7619,0.0476,0.2619,0.0,0.0,0.6364,0.0,0.0,0.0,0.4101,0.0,completed,,0.36,14.345498
3722,86.0,51.8173,1,6.0,1.0,38,18240,38,136.2857,0.7065,136.9922,0.5429,1.8421,0.1579,1,0,1,0.0263,0.0,0.0263,0,0.8421,0.1579,0.8684,32,33,38,0.1413,0.1413,1.095,0.1316,0.2,0.2,0.6,0.8,0,0,0.9091,11,10,0.542,0.1,0.0526,0.8158,0.0,0.2895,0.0,0.0,0.9091,0.0,0.0,0.0,0.9503,0.0,completed,,0.36,17.08451
3723,86.0,49.984,1,6.0,1.0,46,22080,46,139.7143,1.3493,141.0636,0.6571,1.5217,0.1304,0,0,0,0.0000,0.0,0.0000,0,0.7826,0.2174,0.8261,36,38,46,0.2699,0.2699,2.0915,0.1739,0.25,0.125,0.625,0.75,0,0,0.6667,18,12,0.6011,0.1,0.1739,0.8261,0.1304,0.3913,0.0,0.0,0.6667,0.0,0.0,0.0,0.9003,0.0,completed,,0.36,17.391832
3724,86.0,51.8277,1,6.0,1.0,37,17760,37,135.8571,0.7392,136.5964,0.5286,1.8919,0.1622,0,0,0,0.0000,0.0,0.0000,0,0.8649,0.1351,0.8649,32,32,37,0.1478,0.1478,1.1458,0.1351,0.2,0.0,0.8,0.8,0,0,0.7143,7,5,0.5433,0.1,0.0541,0.8378,0.0,0.1892,0.0,0.0,0.7143,0.0,0.0,0.0,0.5004,0.0,completed,,0.36,16.996671
3725,86.0,49.6683,1,6.0,1.0,43,20640,43,138.4286,2.0678,140.4964,0.6143,1.6279,0.1395,1,0,1,0.0233,0.0,0.0233,0,0.814,0.186,0.814,35,35,43,0.4136,0.4136,3.2051,0.186,0.375,0.0,0.625,0.625,0,0,0.6,10,6,0.5677,0.1,0.093,0.7674,0.0698,0.2326,0.0,0.0,0.6,0.0,0.0,0.0,0.6616,0.0,completed,,0.36,11.619336
3726,86.0,54.3475,1,6.0,1.0,34,16320,34,134.5714,0.0,134.5714,0.4857,2.0588,0.1765,0,0,0,0.0000,0.0,0.0000,0,0.8529,0.1471,0.8529,29,29,34,0.0,0.0,0.0,0.1471,0.0,0.2,0.8,1.0,0,0,1.0,10,10,0.5488,0.1,0.0882,0.7647,0.0,0.2941,0.0,0.0,1.0,0.0,0.0,0.0,0.5004,0.0,completed,,0.36,13.89374
3727,86.0,51.5716,1,6.0,1.0,39,18720,39,136.7143,0.7012,137.4155,0.5571,1.7949,0.1538,1,0,1,0.0256,0.0,0.0256,0,0.7949,0.2051,0.8718,31,34,39,0.1402,0.1402,1.0868,0.1538,0.1667,0.1667,0.6667,0.8333,0,0,0.8571,14,12,0.5722,0.1,0.1538,0.7436,0.0513,0.359,0.0,0.0,0.8571,0.0,0.0,0.0,0.8676,0.0,completed,,0.36,14.538866
3728,39.6374,19.3353,0,4.0,0.6667,25,12000,70,150.0,0.0,150.0,1.0,1.8667,0.16,1,0,1,0.0400,0.0,0.0400,0,0.84,0.16,0.84,21,21,25,0.0,0.0,0.0,0.16,0.0,0.25,0.75,1.0,0,0,0.6,5,3,0.5496,0.1,0.08,0.8,0.0,0.2,0.0,0.0,0.6,0.0,0.0,0.0,0.5623,0.0,outer_patrol_b,road_edge,0.36,13.614565
3729,86.0,52.684,1,6.0,1.0,39,18720,39,136.7143,0.7586,137.4728,0.5571,1.7949,0.1538,1,0,1,0.0256,0.0,0.0256,0,0.7692,0.2308,0.8205,30,32,39,0.1517,0.1517,1.1758,0.1795,0.1429,0.0,0.8571,0.8571,0,0,0.875,16,14,0.5702,0.1,0.1538,0.7949,0.0513,0.4103,0.0,0.0,0.875,0.0,0.0,0.0,0.4101,0.0,completed,,0.36,12.042462
3730,86.0,47.8246,1,6.0,1.0,42,20160,42,138.0,3.1493,141.1493,0.6,1.6667,0.1429,0,0,0,0.0000,0.0,0.0000,0,0.7857,0.2143,0.7857,33,33,42,0.6299,0.6299,4.8814,0.2143,0.4444,0.2222,0.3333,0.5556,0,0,0.7143,14,10,0.5917,0.1,0.1429,0.8571,0.0952,0.3333,0.0,0.0,0.7143,0.0,0.0,0.0,1.0609,0.0,completed,,0.36,12.707423
3731,64.4301,31.4293,0,5.0,0.8333,39,18720,70,150.0,1.6009,151.6009,1.0,1.4957,0.1282,0,0,0,0.0000,0.0,0.0000,0,0.7692,0.2308,0.7949,30,31,39,0.3202,0.3202,2.4814,0.2051,0.25,0.0,0.75,0.75,0,0,0.7,10,7,0.5608,0.1,0.1026,0.7692,0.0513,0.2564,0.0,0.0,0.7,0.0,0.0,0.0,0.5623,0.0,final_park,wall,0.36,15.199737
3732,24.5143,11.9582,0,3.0,0.5,29,13920,70,150.0,1.4929,151.4929,1.0,1.2069,0.1034,0,0,0,0.0000,0.0,0.0000,0,0.8276,0.1724,0.8276,24,24,29,0.4976,0.4976,2.3139,0.1379,0.5,0.0,0.5,0.5,0,0,0.3333,9,3,0.5963,0.1,0.2069,0.8966,0.1034,0.3103,0.0,0.0,0.3333,0.0,0.0,0.0,0.6931,0.0,return_outer,red_light,0.36,14.961708
3733,86.0,54.3308,1,6.0,1.0,36,17280,36,135.4286,0.0,135.4286,0.5143,1.9444,0.1667,0,0,0,0.0000,0.0,0.0000,0,0.8056,0.1944,0.8333,29,30,36,0.0,0.0,0.0,0.1667,0.0,0.0,1.0,1.0,0,0,0.8,5,4,0.552,0.1,0.0556,0.6944,0.0556,0.1389,0.0,0.0,0.8,0.0,0.0,0.0,-0.0,0.0,completed,,0.36,14.578411
3734,0.6505,0.3173,0,1.0,0.1667,18,8640,70,150.0,0.7882,150.7882,1.0,0.6481,0.0556,1,0,1,0.0556,0.0,0.0556,0,0.8889,0.1111,0.8889,16,16,18,0.7882,0.7882,1.2218,0.1111,0.5,0.0,0.5,0.5,0,0,0.4444,9,4,0.5523,0.1,0.1111,0.7222,0.0556,0.5,0.0,0.0,0.4444,0.0,0.0,0.0,0.6931,0.0,enter_inner,obstacle,0.36,14.980925
3735,65.4367,31.9203,0,5.0,0.8333,38,18240,70,150.0,0.6975,150.6975,1.0,1.5351,0.1316,1,0,1,0.0263,0.0,0.0263,0,0.8158,0.1842,0.8684,31,33,38,0.1395,0.1395,1.0811,0.1316,0.2,0.0,0.8,0.8,0,0,0.7,10,7,0.5498,0.1,0.0789,0.6842,0.0263,0.2632,0.0,0.0,0.7,0.0,0.0,0.0,0.5004,0.0,final_park,wall,0.36,13.041497
3736,86.0,50.6295,1,6.0,1.0,46,22080,46,139.7143,0.8156,140.5299,0.6571,1.5217,0.1304,1,0,1,0.0217,0.0,0.0217,0,0.8043,0.1957,0.8478,37,39,46,0.1631,0.1631,1.2642,0.1522,0.1429,0.0,0.8571,0.8571,0,0,0.5263,19,10,0.5897,0.1,0.2174,0.7391,0.0652,0.413,0.0,0.0,0.5263,0.0,0.0,0.0,0.4101,0.0,completed,,0.36,12.661968
3737,-10.0,-7.05,0,0.0,0.0,5,2400,70,150.0,0.0,150.0,1.0,0.0,0.0,0,0,0,0.0000,0.0,0.0000,0,1.0,0.0,1.0,5,5,5,0.0,0.0,0.0,0.0,0.0,0.0,0.0,0.0,0,0,0.0,1,0,0.5175,0.1,0.0,0.8,0.0,0.2,0.0,0.0,0.0,0.0,0.0,0.0,0.0,0.0,outer_patrol_a,road_edge,0.36,12.947252
3738,86.0,53.7751,1,6.0,1.0,40,19200,40,137.1429,0.0,137.1429,0.5714,1.75,0.15,0,0,0,0.0000,0.0,0.0000,0,0.775,0.225,0.8,31,32,40,0.0,0.0,0.0,0.2,0.0,0.0,1.0,1.0,0,0,0.6875,16,11,0.5748,0.1,0.15,0.775,0.075,0.4,0.0,0.0,0.6875,0.0,0.0,0.0,-0.0,0.0,completed,,0.36,13.486816
3739,42.0059,20.4907,0,4.0,0.6667,26,12480,70,150.0,0.0,150.0,1.0,1.7949,0.1538,0,0,0,0.0000,0.0,0.0000,0,0.8077,0.1923,0.8462,21,22,26,0.0,0.0,0.0,0.1923,0.0,0.0,1.0,1.0,0,0,0.6,10,6,0.5457,0.1,0.1154,0.9615,0.0,0.3846,0.0,0.0,0.6,0.0,0.0,0.0,-0.0,0.0,outer_patrol_b,road_edge,0.36,13.696582
3740,26.4501,12.9025,0,3.0,0.5,23,11040,70,150.0,1.5907,151.5907,1.0,1.5217,0.1304,1,0,1,0.0435,0.0,0.0435,0,0.8261,0.1739,0.8261,19,19,23,0.5302,0.5302,2.4656,0.1739,0.5,0.0,0.5,0.5,0,0,1.0,6,6,0.5839,0.1,0.087,0.8261,0.087,0.2609,0.0,0.0,1.0,0.0,0.0,0.0,0.6931,0.0,return_outer,obstacle,0.36,14.818386
3741,86.0,52.0197,1,6.0,1.0,43,20640,43,138.4286,0.0,138.4286,0.6143,1.6279,0.1395,0,0,0,0.0000,0.0,0.0000,0,0.7674,0.2326,0.8372,33,36,43,0.0,0.0,0.0,0.1628,0.0,0.1429,0.8571,1.0,0,0,0.5625,16,9,0.5565,0.1,0.093,0.7907,0.0233,0.3721,0.0,0.0,0.5625,0.0,0.0,0.0,0.4101,0.0,completed,,0.36,15.363638
3742,86.0,49.8973,1,6.0,1.0,41,19680,41,137.5714,2.0852,139.6566,0.5857,1.7073,0.1463,1,0,1,0.0244,0.0,0.0244,0,0.8049,0.1951,0.8293,33,34,41,0.417,0.417,3.232,0.1707,0.4286,0.0,0.5714,0.5714,0,0,0.9167,12,11,0.5764,0.1,0.122,0.6585,0.0488,0.2927,0.0,0.0,0.9167,0.0,0.0,0.0,0.6829,0.0,completed,,0.36,13.476486
3743,86.0,52.3817,1,6.0,1.0,38,18240,38,136.2857,0.7115,136.9973,0.5429,1.8421,0.1579,0,0,0,0.0000,0.0,0.0000,0,0.7895,0.2105,0.8158,30,31,38,0.1423,0.1423,1.1029,0.1842,0.1429,0.1429,0.7143,0.8571,0,0,0.8462,13,11,0.5449,0.1,0.1053,0.7632,0.0,0.3421,0.0,0.0,0.8462,0.0,0.0,0.0,0.7963,0.0,completed,,0.36,18.346965
3744,-10.0,-4.91,0,0.0,0.0,7,3360,70,150.0,0.0,150.0,1.0,0.0,0.0,1,0,1,0.1429,0.0,0.1429,0,1.0,0.0,1.0,7,7,7,0.0,0.0,0.0,0.0,0.0,0.0,0.0,0.0,0,0,0.0,2,0,0.5052,0.1,0.0,0.4286,0.0,0.2857,0.0,0.0,0.0,0.0,0.0,0.0,0.0,0.0,outer_patrol_a,road_edge,0.36,18.807991
3745,86.0,53.0355,1,6.0,1.0,38,18240,38,136.2857,0.0,136.2857,0.5429,1.8421,0.1579,0,0,0,0.0000,0.0,0.0000,0,0.8684,0.1316,0.8684,33,33,38,0.0,0.0,0.0,0.1316,0.0,0.2,0.8,1.0,0,0,0.6,10,6,0.5391,0.1,0.0789,0.7632,0.0,0.2632,0.0,0.0,0.6,0.0,0.0,0.0,0.5004,0.0,completed,,0.36,18.046589
3746,86.0,53.6069,1,6.0,1.0,41,19680,41,137.5714,0.0,137.5714,0.5857,1.7073,0.1463,1,0,1,0.0244,0.0,0.0244,0,0.8293,0.1707,0.8293,34,34,41,0.0,0.0,0.0,0.1707,0.0,0.0,1.0,1.0,0,0,0.4,10,4,0.5693,0.1,0.1707,0.7073,0.0488,0.2439,0.0,0.0,0.4,0.0,0.0,0.0,-0.0,0.0,completed,,0.36,14.917362
3747,86.0,52.8347,1,6.0,1.0,38,18240,38,136.2857,0.0,136.2857,0.5429,1.8421,0.1579,0,0,0,0.0000,0.0,0.0000,0,0.7895,0.2105,0.8684,30,33,38,0.0,0.0,0.0,0.1316,0.0,0.0,1.0,1.0,0,0,0.875,8,7,0.5388,0.1,0.0789,0.9211,0.0,0.2105,0.0,0.0,0.875,0.0,0.0,0.0,-0.0,0.0,completed,,0.36,11.822945
3748,6.0357,2.9443,0,1.0,0.1667,14,6720,70,150.0,0.0,150.0,1.0,0.8333,0.0714,0,0,0,0.0000,0.0,0.0000,0,0.8571,0.1429,0.8571,12,12,14,0.0,0.0,0.0,0.1429,0.0,0.0,1.0,1.0,0,0,0.6,5,3,0.5322,0.1,0.1429,0.7143,0.0,0.3571,0.0,0.0,0.6,0.0,0.0,0.0,-0.0,0.0,enter_inner,obstacle,0.36,11.917726
3749,31.8925,15.5573,0,3.0,0.5,23,11040,70,150.0,0.0,150.0,1.0,1.5217,0.1304,1,0,1,0.0435,0.0,0.0435,0,0.8261,0.1739,0.8261,19,19,23,0.0,0.0,0.0,0.1739,0.0,0.25,0.75,1.0,0,0,0.6667,9,6,0.5463,0.1,0.087,0.8261,0.0,0.3913,0.0,0.0,0.6667,0.0,0.0,0.0,0.5623,0.0,return_outer,obstacle,0.36,12.276062
3750,86.0,51.7846,1,6.0,1.0,41,19680,41,137.5714,0.8162,138.3876,0.5857,1.7073,0.1463,1,0,1,0.0244,0.0,0.0244,0,0.8049,0.1951,0.8293,33,34,41,0.1632,0.1632,1.2651,0.1707,0.1429,0.0,0.8571,0.8571,0,0,0.5556,9,5,0.5551,0.1,0.122,0.6585,0.0,0.2195,0.0,0.0,0.5556,0.0,0.0,0.0,0.4101,0.0,completed,,0.36,10.792829
3751,86.0,51.3885,1,6.0,1.0,43,20640,43,138.4286,0.7949,139.2235,0.6143,1.6279,0.1395,0,0,0,0.0000,0.0,0.0000,0,0.7907,0.2093,0.814,34,35,43,0.159,0.159,1.2321,0.186,0.125,0.125,0.75,0.875,0,0,0.5625,16,9,0.5965,0.1,0.1628,0.7442,0.1163,0.3721,0.0,0.0,0.5625,0.0,0.0,0.0,0.7356,0.0,completed,,0.36,12.00498
3752,15.902,7.7571,0,2.0,0.3333,15,7200,70,150.0,0.0,150.0,1.0,1.5556,0.1333,0,0,0,0.0000,0.0,0.0000,0,0.8667,0.1333,0.8667,13,13,15,0.0,0.0,0.0,0.1333,0.0,0.5,0.5,1.0,0,0,0.6667,3,2,0.5218,0.1,0.0667,0.8,0.0,0.2,0.0,0.0,0.6667,0.0,0.0,0.0,0.6931,0.0,inner_patrol,obstacle,0.36,11.419094
3753,86.0,51.8216,1,6.0,1.0,38,18240,38,136.2857,1.6135,137.8992,0.5429,1.8421,0.1579,0,0,0,0.0000,0.0,0.0000,0,0.8158,0.1842,0.8158,31,31,38,0.3227,0.3227,2.501,0.1842,0.2857,0.0,0.7143,0.7143,0,0,0.75,8,6,0.5599,0.1,0.1316,0.7895,0.0263,0.2105,0.0,0.0,0.75,0.0,0.0,0.0,0.5983,0.0,completed,,0.36,13.318309
3754,-9.389,-4.58,0,0.0,0.0,6,2880,70,150.0,0.0,150.0,1.0,0.0,0.0,0,0,0,0.0000,0.0,0.0000,0,1.0,0.0,1.0,6,6,6,0.0,0.0,0.0,0.0,0.0,0.0,0.0,0.0,0,0,1.0,2,2,0.4836,0.1,0.0,0.6667,0.0,0.3333,0.0,0.0,1.0,0.0,0.0,0.0,0.0,0.0,outer_patrol_a,road_edge,0.36,14.675374
3755,86.0,49.2529,1,6.0,1.0,43,20640,43,138.4286,1.6545,140.0831,0.6143,1.6279,0.1395,0,0,0,0.0000,0.0,0.0000,0,0.814,0.186,0.8372,35,36,43,0.3309,0.3309,2.5645,0.1628,0.2857,0.1429,0.5714,0.7143,0,0,0.7143,14,10,0.5664,0.1,0.1163,0.8605,0.0233,0.3256,0.0,0.0,0.7143,0.0,0.0,0.0,0.9557,0.0,completed,,0.36,18.529514
3756,86.0,50.2711,1,6.0,1.0,44,21120,44,138.8571,1.6139,140.4711,0.6286,1.5909,0.1364,1,0,1,0.0227,0.0,0.0227,0,0.7727,0.2273,0.8182,34,36,44,0.3228,0.3228,2.5016,0.1818,0.25,0.0,0.75,0.75,0,0,0.5,14,7,0.58,0.1,0.1818,0.7273,0.0909,0.3182,0.0,0.0,0.5,0.0,0.0,0.0,0.5623,0.0,completed,,0.36,15.419824
3757,86.0,53.1228,1,6.0,1.0,38,18240,38,136.2857,0.0,136.2857,0.5429,1.8421,0.1579,0,0,0,0.0000,0.0,0.0000,0,0.8158,0.1842,0.8421,31,32,38,0.0,0.0,0.0,0.1579,0.0,0.0,1.0,1.0,0,0,0.7778,9,7,0.5428,0.1,0.1316,0.7105,0.0263,0.2368,0.0,0.0,0.7778,0.0,0.0,0.0,-0.0,0.0,completed,,0.36,13.433061
3758,86.0,52.3279,1,6.0,1.0,42,20160,42,138.0,0.6522,138.6522,0.6,1.6667,0.1429,1,0,1,0.0238,0.0,0.0238,0,0.7857,0.2143,0.7857,33,33,42,0.1304,0.1304,1.0109,0.2143,0.1111,0.1111,0.7778,0.8889,0,0,0.6111,18,11,0.5947,0.1,0.2143,0.7619,0.0714,0.4286,0.0,0.0,0.6111,0.0,0.0,0.0,0.6837,0.0,completed,,0.36,11.698752
3759,86.0,52.8129,1,6.0,1.0,42,20160,42,138.0,0.0,138.0,0.6,1.6667,0.1429,0,0,0,0.0000,0.0,0.0000,0,0.8095,0.1905,0.8333,34,35,42,0.0,0.0,0.0,0.1667,0.0,0.0,1.0,1.0,0,0,0.4,10,4,0.5562,0.1,0.0952,0.7619,0.0,0.2381,0.0,0.0,0.4,0.0,0.0,0.0,-0.0,0.0,completed,,0.36,15.078967
3760,86.0,53.5564,1,6.0,1.0,36,17280,36,135.4286,0.0,135.4286,0.5143,1.9444,0.1667,0,0,0,0.0000,0.0,0.0000,0,0.8056,0.1944,0.8611,29,31,36,0.0,0.0,0.0,0.1667,0.0,0.3333,0.6667,1.0,0,0,0.9,10,9,0.5571,0.1,0.0556,0.7778,0.0556,0.2778,0.0,0.0,0.9,0.0,0.0,0.0,0.6365,0.0,completed,,0.36,13.97112
3761,16.4271,8.0132,0,2.0,0.3333,17,8160,70,150.0,0.0,150.0,1.0,1.3725,0.1176,1,0,1,0.0588,0.0,0.0588,0,0.8235,0.1765,0.8235,14,14,17,0.0,0.0,0.0,0.1765,0.0,0.3333,0.6667,1.0,0,0,0.5,6,3,0.5912,0.1,0.1765,0.8235,0.1765,0.3529,0.0,0.0,0.5,0.0,0.0,0.0,0.6365,0.0,inner_patrol,obstacle,0.36,14.275914
3762,86.0,51.9782,1,6.0,1.0,42,20160,42,138.0,0.7855,138.7855,0.6,1.6667,0.1429,0,0,0,0.0000,0.0,0.0000,0,0.8095,0.1905,0.8333,34,35,42,0.1571,0.1571,1.2175,0.1667,0.1429,0.0,0.8571,0.8571,0,0,0.5714,14,8,0.572,0.1,0.1429,0.8095,0.0476,0.3333,0.0,0.0,0.5714,0.0,0.0,0.0,0.4101,0.0,completed,,0.36,12.765905
3763,86.0,52.8803,1,6.0,1.0,36,17280,36,135.4286,0.0,135.4286,0.5143,1.9444,0.1667,1,0,1,0.0278,0.0,0.0278,0,0.8056,0.1944,0.8611,29,31,36,0.0,0.0,0.0,0.1389,0.0,0.4,0.6,1.0,0,0,0.7143,7,5,0.5438,0.1,0.0833,0.7778,0.0,0.1944,0.0,0.0,0.7143,0.0,0.0,0.0,0.673,0.0,completed,,0.36,10.725371
3764,86.0,49.6129,1,6.0,1.0,44,21120,44,138.8571,1.7649,140.622,0.6286,1.5909,0.1364,0,0,0,0.0000,0.0,0.0000,0,0.8182,0.1818,0.8409,36,37,44,0.353,0.353,2.7356,0.1591,0.2857,0.0,0.7143,0.7143,0,0,0.7647,17,13,0.5841,0.1,0.1364,0.7727,0.0909,0.3864,0.0,0.0,0.7647,0.0,0.0,0.0,0.5983,0.0,completed,,0.36,10.18509
3765,86.0,53.1416,1,6.0,1.0,39,18720,39,136.7143,0.0,136.7143,0.5571,1.7949,0.1538,0,0,0,0.0000,0.0,0.0000,0,0.8205,0.1795,0.8462,32,33,39,0.0,0.0,0.0,0.1538,0.0,0.1667,0.8333,1.0,0,0,0.5556,9,5,0.5542,0.1,0.1026,0.6923,0.0256,0.2308,0.0,0.0,0.5556,0.0,0.0,0.0,0.4506,0.0,completed,,0.36,11.591864
3766,3.7786,1.8432,0,1.0,0.1667,15,7200,70,150.0,0.6799,150.6799,1.0,0.7778,0.0667,0,0,0,0.0000,0.0,0.0000,0,0.8667,0.1333,0.8667,13,13,15,0.6799,0.6799,1.0538,0.1333,0.5,0.0,0.5,0.5,0,0,0.6,5,3,0.532,0.1,0.2,0.8667,0.0,0.3333,0.0,0.0,0.6,0.0,0.0,0.0,0.6931,0.0,enter_inner,obstacle,0.36,10.575951
3767,86.0,48.9911,1,6.0,1.0,45,21600,45,139.2857,1.4363,140.7221,0.6429,1.5556,0.1333,0,0,0,0.0000,0.0,0.0000,0,0.7778,0.2222,0.8222,35,37,45,0.2873,0.2873,2.2263,0.1778,0.25,0.125,0.625,0.75,0,0,0.625,16,10,0.5593,0.1,0.1111,0.8,0.0222,0.3556,0.0,0.0,0.625,0.0,0.0,0.0,0.9003,0.0,completed,,0.36,13.696045
3768,27.0335,13.1871,0,2.0,0.3333,24,11520,70,150.0,0.0,150.0,1.0,0.9722,0.0833,1,0,1,0.0417,0.0,0.0417,0,0.9167,0.0833,0.9167,22,22,24,0.0,0.0,0.0,0.0833,0.0,0.5,0.5,1.0,0,0,0.6667,9,6,0.5582,0.1,0.0833,0.7083,0.0,0.375,0.0,0.0,0.6667,0.0,0.0,0.0,0.6931,0.0,inner_patrol,obstacle,0.36,13.189735
3769,28.7352,14.0171,0,3.0,0.5,22,10560,70,150.0,0.7696,150.7696,1.0,1.5909,0.1364,1,0,1,0.0455,0.0,0.0455,0,0.8636,0.1364,0.8636,19,19,22,0.2565,0.2565,1.1929,0.1364,0.3333,0.3333,0.3333,0.6667,0,0,0.6667,3,2,0.5705,0.1,0.0909,0.7727,0.0909,0.1364,0.0,0.0,0.6667,0.0,0.0,0.0,1.0986,0.0,return_outer,obstacle,0.36,13.847313
3770,86.0,50.2335,1,6.0,1.0,41,19680,41,137.5714,2.1755,139.7469,0.5857,1.7073,0.1463,1,0,1,0.0244,0.0,0.0244,0,0.8049,0.1951,0.8049,33,33,41,0.4351,0.4351,3.372,0.1951,0.375,0.0,0.625,0.625,0,0,0.8125,16,13,0.5724,0.1,0.1463,0.7805,0.0488,0.3902,0.0,0.0,0.8125,0.0,0.0,0.0,0.6616,0.0,completed,,0.36,11.321247
3771,86.0,51.7616,1,6.0,1.0,43,20640,43,138.4286,0.682,139.1106,0.6143,1.6279,0.1395,0,0,0,0.0000,0.0,0.0000,0,0.7907,0.2093,0.814,34,35,43,0.1364,0.1364,1.0571,0.186,0.125,0.125,0.75,0.875,0,0,0.6111,18,11,0.5814,0.1,0.186,0.8605,0.0698,0.4186,0.0,0.0,0.6111,0.0,0.0,0.0,0.7356,0.0,completed,,0.36,14.850429
3772,86.0,54.2488,1,6.0,1.0,37,17760,37,135.8571,0.0,135.8571,0.5286,1.8919,0.1622,1,0,1,0.0270,0.0,0.0270,0,0.8378,0.1622,0.8378,31,31,37,0.0,0.0,0.0,0.1622,0.0,0.0,1.0,1.0,0,0,0.8,15,12,0.5598,0.1,0.1081,0.8108,0.0,0.4054,0.0,0.0,0.8,0.0,0.0,0.0,-0.0,0.0,completed,,0.36,17.449915
3773,86.0,53.773,1,6.0,1.0,35,16800,35,135.0,0.6778,135.6778,0.5,2.0,0.1714,1,0,1,0.0286,0.0,0.0286,0,0.8286,0.1714,0.8286,29,29,35,0.1356,0.1356,1.0506,0.1714,0.1667,0.0,0.8333,0.8333,0,0,1.0,12,12,0.5564,0.1,0.0857,0.8,0.0286,0.3429,0.0,0.0,1.0,0.0,0.0,0.0,0.4506,0.0,completed,,0.36,17.522215
3774,86.0,53.6388,1,6.0,1.0,38,18240,38,136.2857,0.0,136.2857,0.5429,1.8421,0.1579,1,0,1,0.0263,0.0,0.0263,0,0.8421,0.1579,0.8421,32,32,38,0.0,0.0,0.0,0.1579,0.0,0.0,1.0,1.0,0,0,0.6,10,6,0.5405,0.1,0.1053,0.8158,0.0,0.2632,0.0,0.0,0.6,0.0,0.0,0.0,-0.0,0.0,completed,,0.36,18.311406
3775,86.0,49.9154,1,6.0,1.0,41,19680,41,137.5714,1.3742,138.9456,0.5857,1.7073,0.1463,0,0,0,0.0000,0.0,0.0000,0,0.8049,0.1951,0.8293,33,34,41,0.2748,0.2748,2.1299,0.1707,0.2857,0.1429,0.5714,0.7143,0,0,0.7143,14,10,0.5748,0.1,0.1707,0.7561,0.0732,0.3415,0.0,0.0,0.7143,0.0,0.0,0.0,0.9557,0.0,completed,,0.36,17.911093
3776,4.1839,2.0409,0,1.0,0.1667,15,7200,70,150.0,0.0,150.0,1.0,0.7778,0.0667,1,0,1,0.0667,0.0,0.0667,0,0.9333,0.0667,0.9333,14,14,15,0.0,0.0,0.0,0.0667,0.0,1.0,0.0,1.0,0,0,0.6,5,3,0.5083,0.1,0.0,0.8,0.0,0.3333,0.0,0.0,0.6,0.0,0.0,0.0,-0.0,0.0,enter_inner,obstacle,0.36,17.742226
3777,14.9426,7.2891,0,2.0,0.3333,18,8640,70,150.0,1.2136,151.2136,1.0,1.2963,0.1111,0,0,0,0.0000,0.0,0.0000,0,0.7778,0.2222,0.7778,14,14,18,0.6068,0.6068,1.8811,0.2222,0.5,0.0,0.5,0.5,0,0,1.0,4,4,0.5625,0.1,0.1667,0.7778,0.0556,0.2222,0.0,0.0,1.0,0.0,0.0,0.0,0.6931,0.0,inner_patrol,obstacle,0.36,15.531127
3778,86.0,51.9146,1,6.0,1.0,37,17760,37,135.8571,1.4553,137.3125,0.5286,1.8919,0.1622,1,0,1,0.0270,0.0,0.0270,0,0.8378,0.1622,0.8378,31,31,37,0.2911,0.2911,2.2558,0.1622,0.3333,0.0,0.6667,0.6667,0,0,0.9333,15,14,0.5462,0.1,0.0811,0.7838,0.0,0.4054,0.0,0.0,0.9333,0.0,0.0,0.0,0.6365,0.0,completed,,0.36,17.768976
3779,86.0,50.6164,1,6.0,1.0,38,18240,38,136.2857,1.6037,137.8894,0.5429,1.8421,0.1579,0,0,0,0.0000,0.0,0.0000,0,0.8158,0.1842,0.8158,31,31,38,0.3207,0.3207,2.4857,0.1842,0.2857,0.2857,0.4286,0.7143,0,0,0.8462,13,11,0.5448,0.1,0.0789,0.8421,0.0,0.3421,0.0,0.0,0.8462,0.0,0.0,0.0,1.079,0.0,completed,,0.36,19.003138
3780,64.4115,31.4203,0,5.0,0.8333,39,18720,70,150.0,0.702,150.702,1.0,1.4957,0.1282,0,0,0,0.0000,0.0,0.0000,0,0.8205,0.1795,0.8462,32,33,39,0.1404,0.1404,1.0881,0.1538,0.1667,0.1667,0.6667,0.8333,0,0,0.6667,12,8,0.5505,0.1,0.1282,0.6667,0.0,0.3077,0.0,0.0,0.6667,0.0,0.0,0.0,0.8676,0.0,final_park,wall,0.36,18.240292
3781,86.0,52.7327,1,6.0,1.0,40,19200,40,137.1429,0.0,137.1429,0.5714,1.75,0.15,0,0,0,0.0000,0.0,0.0000,0,0.85,0.15,0.875,34,35,40,0.0,0.0,0.0,0.125,0.0,0.0,1.0,1.0,0,0,0.7143,14,10,0.5519,0.1,0.05,0.8,0.0,0.35,0.0,0.0,0.7143,0.0,0.0,0.0,-0.0,0.0,completed,,0.36,13.887662
3782,86.0,53.6875,1,6.0,1.0,36,17280,36,135.4286,0.0,135.4286,0.5143,1.9444,0.1667,1,0,1,0.0278,0.0,0.0278,0,0.8611,0.1389,0.8611,31,31,36,0.0,0.0,0.0,0.1389,0.0,0.2,0.8,1.0,0,0,0.75,8,6,0.5429,0.1,0.0833,0.6944,0.0278,0.2222,0.0,0.0,0.75,0.0,0.0,0.0,0.5004,0.0,completed,,0.36,12.844885
3783,29.4016,14.3423,0,2.0,0.3333,21,10080,70,150.0,0.0,150.0,1.0,1.1111,0.0952,0,0,0,0.0000,0.0,0.0000,0,0.9048,0.0952,0.9048,19,19,21,0.0,0.0,0.0,0.0952,0.0,0.0,1.0,1.0,0,0,0.8333,6,5,0.5415,0.1,0.0476,0.8571,0.0,0.2857,0.0,0.0,0.8333,0.0,0.0,0.0,-0.0,0.0,inner_patrol,obstacle,0.36,12.382494
3784,86.0,52.6876,1,6.0,1.0,37,17760,37,135.8571,0.7669,136.6241,0.5286,1.8919,0.1622,0,0,0,0.0000,0.0,0.0000,0,0.8378,0.1622,0.8378,31,31,37,0.1534,0.1534,1.1888,0.1622,0.1667,0.1667,0.6667,0.8333,0,0,0.8,10,8,0.5476,0.1,0.0811,0.8649,0.027,0.2703,0.0,0.0,0.8,0.0,0.0,0.0,0.8676,0.0,completed,,0.36,13.916589
3785,86.0,50.2778,1,6.0,1.0,44,21120,44,138.8571,2.0992,140.9564,0.6286,1.5909,0.1364,1,0,1,0.0227,0.0,0.0227,0,0.7955,0.2045,0.7955,35,35,44,0.4198,0.4198,3.2538,0.2045,0.3333,0.0,0.6667,0.6667,0,0,0.5714,14,8,0.589,0.1,0.1591,0.7955,0.0909,0.3182,0.0,0.0,0.5714,0.0,0.0,0.0,0.6365,0.0,completed,,0.36,13.236775
3786,-5.002,-2.44,0,0.0,0.0,8,3840,70,150.0,0.0,150.0,1.0,0.0,0.0,1,0,1,0.1250,0.0,0.1250,0,1.0,0.0,1.0,8,8,8,0.0,0.0,0.0,0.0,0.0,0.0,0.0,0.0,0,0,0.0,1,0,0.5062,0.1,0.0,0.625,0.0,0.125,0.0,0.0,0.0,0.0,0.0,0.0,0.0,0.0,outer_patrol_a,road_edge,0.36,12.024575
3787,86.0,53.2429,1,6.0,1.0,41,19680,41,137.5714,0.0,137.5714,0.5857,1.7073,0.1463,0,0,0,0.0000,0.0,0.0000,0,0.8049,0.1951,0.8293,33,34,41,0.0,0.0,0.0,0.1707,0.0,0.0,1.0,1.0,0,0,0.7059,17,12,0.5631,0.1,0.122,0.878,0.0244,0.4146,0.0,0.0,0.7059,0.0,0.0,0.0,-0.0,0.0,completed,,0.36,10.192128
3788,1.7753,0.866,0,1.0,0.1667,16,7680,70,150.0,0.8601,150.8601,1.0,0.7292,0.0625,1,0,1,0.0625,0.0,0.0625,0,0.875,0.125,0.875,14,14,16,0.8601,0.8601,1.3331,0.125,0.5,0.0,0.5,0.5,0,0,0.4,5,2,0.5608,0.1,0.125,0.5,0.0625,0.3125,0.0,0.0,0.4,0.0,0.0,0.0,0.6931,0.0,enter_inner,obstacle,0.36,11.088948
3789,65.9922,32.1913,0,5.0,0.8333,38,18240,70,150.0,0.8743,150.8743,1.0,1.5351,0.1316,0,0,0,0.0000,0.0,0.0000,0,0.8421,0.1579,0.8421,32,32,38,0.1749,0.1749,1.3551,0.1579,0.1667,0.1667,0.6667,0.8333,0,0,0.6667,9,6,0.552,0.1,0.1053,0.8421,0.0263,0.2368,0.0,0.0,0.6667,0.0,0.0,0.0,0.8676,0.0,final_park,wall,0.36,12.828184
3790,64.8562,31.6372,0,5.0,0.8333,44,21120,70,150.0,0.8739,150.8739,1.0,1.3258,0.1136,1,0,1,0.0227,0.0,0.0227,0,0.8182,0.1818,0.8409,36,37,44,0.1748,0.1748,1.3546,0.1591,0.1429,0.0,0.8571,0.8571,0,0,0.3571,14,5,0.6032,0.1,0.2273,0.8864,0.1364,0.3182,0.0,0.0,0.3571,0.0,0.0,0.0,0.4101,0.0,final_park,wall,0.36,17.413234
3791,86.0,54.5769,1,6.0,1.0,37,17760,37,135.8571,0.0,135.8571,0.5286,1.8919,0.1622,1,0,1,0.0270,0.0,0.0270,0,0.8108,0.1892,0.8108,30,30,37,0.0,0.0,0.0,0.1892,0.0,0.0,1.0,1.0,0,0,0.7,10,7,0.5469,0.1,0.1351,0.7027,0.0,0.2703,0.0,0.0,0.7,0.0,0.0,0.0,-0.0,0.0,completed,,0.36,18.326325
3792,86.0,46.6428,1,6.0,1.0,49,23520,49,141.0,3.1674,144.1674,0.7,1.4286,0.1224,0,0,0,0.0000,0.0,0.0000,0,0.7959,0.2041,0.8367,39,41,49,0.6335,0.6335,4.9095,0.1633,0.5,0.0,0.5,0.5,0,0,0.4444,18,8,0.6032,0.1,0.1633,0.8571,0.102,0.3673,0.0,0.0,0.4444,0.0,0.0,0.0,0.6931,0.0,completed,,0.36,13.324332
3793,57.6284,28.1114,0,4.0,0.6667,38,18240,70,150.0,1.5102,151.5102,1.0,1.2281,0.1053,0,0,0,0.0000,0.0,0.0000,0,0.8684,0.1316,0.8684,33,33,38,0.3776,0.3776,2.3409,0.1316,0.4,0.0,0.6,0.6,0,0,0.6923,13,9,0.5414,0.1,0.0526,0.8421,0.0,0.3421,0.0,0.0,0.6923,0.0,0.0,0.0,0.673,0.0,outer_patrol_b,road_edge,0.36,13.549959
3794,86.0,52.2083,1,6.0,1.0,38,18240,38,136.2857,0.6892,136.9749,0.5429,1.8421,0.1579,1,0,1,0.0263,0.0,0.0263,0,0.8158,0.1842,0.8158,31,31,38,0.1378,0.1378,1.0682,0.1842,0.1429,0.1429,0.7143,0.8571,0,0,0.8,15,12,0.5627,0.1,0.1579,0.8158,0.0263,0.3947,0.0,0.0,0.8,0.0,0.0,0.0,0.7963,0.0,completed,,0.36,10.425895
3795,86.0,51.1142,1,6.0,1.0,40,19200,40,137.1429,1.353,138.4958,0.5714,1.75,0.15,0,0,0,0.0000,0.0,0.0000,0,0.8,0.2,0.825,32,33,40,0.2706,0.2706,2.0971,0.175,0.2857,0.1429,0.5714,0.7143,0,0,0.6,10,6,0.5672,0.1,0.1,0.85,0.05,0.25,0.0,0.0,0.6,0.0,0.0,0.0,0.9557,0.0,completed,,0.36,12.617506
3796,86.0,51.5339,1,6.0,1.0,41,19680,41,137.5714,1.2378,138.8093,0.5857,1.7073,0.1463,0,0,0,0.0000,0.0,0.0000,0,0.8049,0.1951,0.8293,33,34,41,0.2476,0.2476,1.9186,0.1707,0.2857,0.0,0.7143,0.7143,0,0,0.6667,15,10,0.5692,0.1,0.1463,0.7805,0.0488,0.3659,0.0,0.0,0.6667,0.0,0.0,0.0,0.5983,0.0,completed,,0.36,14.738185
3797,86.0,52.0671,1,6.0,1.0,39,18720,39,136.7143,0.6184,137.3327,0.5571,1.7949,0.1538,0,0,0,0.0000,0.0,0.0000,0,0.8205,0.1795,0.8462,32,33,39,0.1237,0.1237,0.9585,0.1538,0.1667,0.0,0.8333,0.8333,0,0,0.6923,13,9,0.5582,0.1,0.0769,0.8205,0.0513,0.3333,0.0,0.0,0.6923,0.0,0.0,0.0,0.4506,0.0,completed,,0.36,15.483548
3798,86.0,53.8829,1,6.0,1.0,40,19200,40,137.1429,0.0,137.1429,0.5714,1.75,0.15,0,0,0,0.0000,0.0,0.0000,0,0.825,0.175,0.825,33,33,40,0.0,0.0,0.0,0.175,0.0,0.0,1.0,1.0,0,0,0.5556,9,5,0.563,0.1,0.075,0.725,0.05,0.225,0.0,0.0,0.5556,0.0,0.0,0.0,-0.0,0.0,completed,,0.36,16.086229
3799,30.4887,14.8725,0,3.0,0.5,28,13440,70,150.0,0.0,150.0,1.0,1.25,0.1071,0,0,0,0.0000,0.0,0.0000,0,0.8214,0.1786,0.8214,23,23,28,0.0,0.0,0.0,0.1429,0.0,0.0,1.0,1.0,0,0,0.3,10,3,0.6104,0.1,0.1786,0.75,0.1429,0.3571,0.0,0.0,0.3,0.0,0.0,0.0,-0.0,0.0,return_outer,red_light,0.36,11.849172
3800,86.0,51.5679,1,6.0,1.0,40,19200,40,137.1429,1.5257,138.6685,0.5714,1.75,0.15,0,0,0,0.0000,0.0,0.0000,0,0.8,0.2,0.8,32,32,40,0.3051,0.3051,2.3648,0.2,0.25,0.0,0.75,0.75,0,0,0.7273,11,8,0.5715,0.1,0.125,0.7,0.075,0.275,0.0,0.0,0.7273,0.0,0.0,0.0,0.5623,0.0,completed,,0.36,13.171898
3801,51.2858,25.0175,0,4.0,0.6667,28,13440,70,150.0,0.0,150.0,1.0,1.6667,0.1429,1,0,1,0.0357,0.0,0.0357,0,0.8214,0.1786,0.8214,23,23,28,0.0,0.0,0.0,0.1786,0.0,0.2,0.8,1.0,0,0,0.7143,7,5,0.5637,0.1,0.0714,0.7857,0.0357,0.25,0.0,0.0,0.7143,0.0,0.0,0.0,0.5004,0.0,outer_patrol_b,road_edge,0.36,13.179539
3802,5.2606,2.5661,0,1.0,0.1667,15,7200,70,150.0,0.0,150.0,1.0,0.7778,0.0667,1,0,1,0.0667,0.0,0.0667,0,0.9333,0.0667,0.9333,14,14,15,0.0,0.0,0.0,0.0667,0.0,0.0,1.0,1.0,0,0,0.5,6,3,0.515,0.1,0.0667,0.7333,0.0,0.4,0.0,0.0,0.5,0.0,0.0,0.0,-0.0,0.0,enter_inner,obstacle,0.36,16.975151
3803,86.0,51.5957,1,6.0,1.0,37,17760,37,135.8571,0.8571,136.7143,0.5286,1.8919,0.1622,0,0,0,0.0000,0.0,0.0000,0,0.8378,0.1622,0.8649,31,32,37,0.1714,0.1714,1.3285,0.1351,0.2,0.2,0.6,0.8,0,0,0.9091,11,10,0.5438,0.1,0.0541,0.8649,0.0,0.2973,0.0,0.0,0.9091,0.0,0.0,0.0,0.9503,0.0,completed,,0.36,17.691835
3804,86.0,52.8476,1,6.0,1.0,36,17280,36,135.4286,0.8568,136.2854,0.5143,1.9444,0.1667,0,0,0,0.0000,0.0,0.0000,0,0.8333,0.1667,0.8333,30,30,36,0.1714,0.1714,1.328,0.1667,0.1667,0.0,0.8333,0.8333,0,0,0.8571,7,6,0.5475,0.1,0.0833,0.7222,0.0278,0.1944,0.0,0.0,0.8571,0.0,0.0,0.0,0.4506,0.0,completed,,0.36,16.029211
3805,61.6319,30.0644,0,5.0,0.8333,40,19200,70,150.0,2.3685,152.3685,1.0,1.4583,0.125,1,0,1,0.0250,0.0,0.0250,0,0.8,0.2,0.8,32,32,40,0.4737,0.4737,3.6711,0.2,0.375,0.0,0.625,0.625,0,0,0.8571,14,12,0.5688,0.1,0.15,0.775,0.025,0.35,0.0,0.0,0.8571,0.0,0.0,0.0,0.6616,0.0,final_park,wall,0.36,13.065303
3806,-10.0,-7.79,0,0.0,0.0,3,1440,70,150.0,0.0,150.0,1.0,0.0,0.0,0,0,0,0.0000,0.0,0.0000,0,1.0,0.0,1.0,3,3,3,0.0,0.0,0.0,0.0,0.0,0.0,0.0,0.0,0,0,0.0,0,0,0.456,0.1,0.0,0.6667,0.0,0.0,0.0,0.0,0.0,0.0,0.0,0.0,0.0,0.0,outer_patrol_a,road_edge,0.36,13.054884
3807,86.0,52.1788,1,6.0,1.0,43,20640,43,138.4286,0.0,138.4286,0.6143,1.6279,0.1395,1,0,1,0.0233,0.0,0.0233,0,0.814,0.186,0.8605,35,37,43,0.0,0.0,0.0,0.1395,0.0,0.0,1.0,1.0,0,0,0.5,12,6,0.5496,0.1,0.093,0.814,0.0233,0.2791,0.0,0.0,0.5,0.0,0.0,0.0,-0.0,0.0,completed,,0.36,16.225101
3808,86.0,53.8827,1,6.0,1.0,37,17760,37,135.8571,0.0,135.8571,0.5286,1.8919,0.1622,0,0,0,0.0000,0.0,0.0000,0,0.8649,0.1351,0.8649,32,32,37,0.0,0.0,0.0,0.1351,0.0,0.0,1.0,1.0,0,0,0.8,15,12,0.5524,0.1,0.0541,0.8649,0.0,0.4054,0.0,0.0,0.8,0.0,0.0,0.0,-0.0,0.0,completed,,0.36,17.701018
3809,15.6748,7.6463,0,2.0,0.3333,15,7200,70,150.0,0.0,150.0,1.0,1.5556,0.1333,0,0,0,0.0000,0.0,0.0000,0,0.8667,0.1333,0.8667,13,13,15,0.0,0.0,0.0,0.1333,0.0,0.0,1.0,1.0,0,0,0.6667,6,4,0.5406,0.1,0.0,0.8,0.0,0.4,0.0,0.0,0.6667,0.0,0.0,0.0,-0.0,0.0,inner_patrol,obstacle,0.36,15.094287
3810,11.1832,5.4552,0,2.0,0.3333,18,8640,70,150.0,1.3966,151.3966,1.0,1.2963,0.1111,1,0,1,0.0556,0.0,0.0556,0,0.8333,0.1667,0.8333,15,15,18,0.6983,0.6983,2.1648,0.1667,0.6667,0.0,0.3333,0.3333,0,0,0.75,8,6,0.5881,0.1,0.2778,0.7778,0.1111,0.4444,0.0,0.0,0.75,0.0,0.0,0.0,0.6365,0.0,inner_patrol,obstacle,0.36,16.332228
3811,86.0,53.6117,1,6.0,1.0,39,18720,39,136.7143,0.0,136.7143,0.5571,1.7949,0.1538,0,0,0,0.0000,0.0,0.0000,0,0.8205,0.1795,0.8205,32,32,39,0.0,0.0,0.0,0.1795,0.0,0.1429,0.8571,1.0,0,0,0.6429,14,9,0.5813,0.1,0.1026,0.7692,0.1026,0.359,0.0,0.0,0.6429,0.0,0.0,0.0,0.4101,0.0,completed,,0.36,15.317461
3812,4.9345,2.4071,0,1.0,0.1667,15,7200,70,150.0,0.0,150.0,1.0,0.7778,0.0667,0,0,0,0.0000,0.0,0.0000,0,0.8667,0.1333,0.8667,13,13,15,0.0,0.0,0.0,0.1333,0.0,0.5,0.5,1.0,0,0,0.7143,7,5,0.5478,0.1,0.0667,0.7333,0.0,0.4667,0.0,0.0,0.7143,0.0,0.0,0.0,0.6931,0.0,enter_inner,obstacle,0.36,14.314525
3813,86.0,51.372,1,6.0,1.0,41,19680,41,137.5714,0.6873,138.2588,0.5857,1.7073,0.1463,1,0,1,0.0244,0.0,0.0244,0,0.8049,0.1951,0.8293,33,34,41,0.1375,0.1375,1.0654,0.1707,0.1429,0.2857,0.5714,0.8571,0,0,0.6667,12,8,0.5576,0.1,0.122,0.9024,0.0488,0.2927,0.0,0.0,0.6667,0.0,0.0,0.0,0.9557,0.0,completed,,0.36,12.79239
3814,5.5027,2.6843,0,1.0,0.1667,15,7200,70,150.0,0.0,150.0,1.0,0.7778,0.0667,0,0,0,0.0000,0.0,0.0000,0,0.8,0.2,0.8667,12,13,15,0.0,0.0,0.0,0.1333,0.0,0.0,1.0,1.0,0,0,0.3333,3,1,0.5311,0.1,0.1333,0.7333,0.0667,0.2,0.0,0.0,0.3333,0.0,0.0,0.0,-0.0,0.0,enter_inner,obstacle,0.36,15.532909
3815,54.0121,26.3474,0,4.0,0.6667,34,16320,70,150.0,0.738,150.738,1.0,1.3725,0.1176,1,0,1,0.0294,0.0,0.0294,0,0.8529,0.1471,0.8824,29,30,34,0.1845,0.1845,1.144,0.1176,0.25,0.0,0.75,0.75,0,0,0.7,10,7,0.5473,0.1,0.0294,0.7647,0.0,0.2941,0.0,0.0,0.7,0.0,0.0,0.0,0.5623,0.0,outer_patrol_b,road_edge,0.36,16.170026
3816,86.0,53.4149,1,6.0,1.0,40,19200,40,137.1429,0.0,137.1429,0.5714,1.75,0.15,0,0,0,0.0000,0.0,0.0000,0,0.825,0.175,0.825,33,33,40,0.0,0.0,0.0,0.175,0.0,0.0,1.0,1.0,0,0,0.6154,13,8,0.5663,0.1,0.125,0.7,0.05,0.325,0.0,0.0,0.6154,0.0,0.0,0.0,-0.0,0.0,completed,,0.36,14.629551
3817,86.0,51.8765,1,6.0,1.0,37,17760,37,135.8571,1.2909,137.148,0.5286,1.8919,0.1622,0,0,0,0.0000,0.0,0.0000,0,0.7838,0.2162,0.8108,29,30,37,0.2582,0.2582,2.0008,0.1892,0.2857,0.1429,0.5714,0.7143,0,0,1.0,7,7,0.558,0.1,0.1081,0.8108,0.0541,0.1892,0.0,0.0,1.0,0.0,0.0,0.0,0.9557,0.0,completed,,0.36,16.683183
3818,13.9506,6.8052,0,2.0,0.3333,16,7680,70,150.0,0.7115,150.7115,1.0,1.4583,0.125,1,0,1,0.0625,0.0,0.0625,0,0.8125,0.1875,0.8125,13,13,16,0.3558,0.3558,1.1028,0.1875,0.3333,0.3333,0.3333,0.6667,0,0,0.8571,7,6,0.594,0.1,0.1875,0.75,0.125,0.4375,0.0,0.0,0.8571,0.0,0.0,0.0,1.0986,0.0,inner_patrol,obstacle,0.36,18.250564
3819,4.6964,2.2909,0,1.0,0.1667,14,6720,70,150.0,0.0,150.0,1.0,0.8333,0.0714,0,0,0,0.0000,0.0,0.0000,0,0.8571,0.1429,0.9286,12,13,14,0.0,0.0,0.0,0.0714,0.0,1.0,0.0,1.0,0,0,0.3333,3,1,0.5275,0.1,0.0714,0.6429,0.0714,0.2143,0.0,0.0,0.3333,0.0,0.0,0.0,-0.0,0.0,enter_inner,obstacle,0.36,18.522273
3820,86.0,52.9738,1,6.0,1.0,35,16800,35,135.0,0.6249,135.6249,0.5,2.0,0.1714,0,0,0,0.0000,0.0,0.0000,0,0.8,0.2,0.8286,28,29,35,0.125,0.125,0.9686,0.1714,0.1667,0.1667,0.6667,0.8333,0,0,1.0,10,10,0.5492,0.1,0.0857,0.8,0.0286,0.2857,0.0,0.0,1.0,0.0,0.0,0.0,0.8676,0.0,completed,,0.36,20.716595
3821,86.0,54.0175,1,6.0,1.0,35,16800,35,135.0,0.0,135.0,0.5,2.0,0.1714,1,0,1,0.0286,0.0,0.0286,0,0.8571,0.1429,0.8571,30,30,35,0.0,0.0,0.0,0.1429,0.0,0.2,0.8,1.0,0,0,0.8571,7,6,0.5535,0.1,0.0857,0.7429,0.0286,0.2,0.0,0.0,0.8571,0.0,0.0,0.0,0.5004,0.0,completed,,0.36,14.797845
3822,86.0,54.2667,1,6.0,1.0,35,16800,35,135.0,0.0,135.0,0.5,2.0,0.1714,1,0,1,0.0286,0.0,0.0286,0,0.8571,0.1429,0.8571,30,30,35,0.0,0.0,0.0,0.1429,0.0,0.0,1.0,1.0,0,0,1.0,10,10,0.5481,0.1,0.0571,0.7714,0.0,0.2857,0.0,0.0,1.0,0.0,0.0,0.0,-0.0,0.0,completed,,0.36,13.649997
3823,86.0,53.0775,1,6.0,1.0,37,17760,37,135.8571,0.0,135.8571,0.5286,1.8919,0.1622,1,0,1,0.0270,0.0,0.0270,0,0.8649,0.1351,0.8649,32,32,37,0.0,0.0,0.0,0.1351,0.0,0.2,0.8,1.0,0,0,0.7692,13,10,0.5602,0.1,0.1351,0.7297,0.027,0.3514,0.0,0.0,0.7692,0.0,0.0,0.0,0.5004,0.0,completed,,0.36,12.545361
3824,86.0,53.5088,1,6.0,1.0,39,18720,39,136.7143,0.0,136.7143,0.5571,1.7949,0.1538,0,0,0,0.0000,0.0,0.0000,0,0.8205,0.1795,0.8462,32,33,39,0.0,0.0,0.0,0.1538,0.0,0.0,1.0,1.0,0,0,0.625,8,5,0.5318,0.1,0.0769,0.7436,0.0,0.2051,0.0,0.0,0.625,0.0,0.0,0.0,-0.0,0.0,completed,,0.36,14.698484
3825,86.0,51.3044,1,6.0,1.0,40,19200,40,137.1429,1.6957,138.8385,0.5714,1.75,0.15,0,0,0,0.0000,0.0,0.0000,0,0.8,0.2,0.8,32,32,40,0.3391,0.3391,2.6283,0.2,0.25,0.0,0.75,0.75,0,0,0.7333,15,11,0.5651,0.1,0.125,0.8,0.05,0.375,0.0,0.0,0.7333,0.0,0.0,0.0,0.5623,0.0,completed,,0.36,14.856679
3826,42.5897,20.7755,0,4.0,0.6667,24,11520,70,150.0,0.0,150.0,1.0,1.9444,0.1667,0,0,0,0.0000,0.0,0.0000,0,0.7917,0.2083,0.7917,19,19,24,0.0,0.0,0.0,0.2083,0.0,0.2,0.8,1.0,0,0,0.8,5,4,0.5705,0.1,0.125,0.75,0.0833,0.2083,0.0,0.0,0.8,0.0,0.0,0.0,0.5004,0.0,outer_patrol_b,road_edge,0.36,17.012635
3827,39.3502,19.1952,0,4.0,0.6667,31,14880,70,150.0,1.4796,151.4796,1.0,1.5054,0.129,1,0,1,0.0323,0.0,0.0323,0,0.7419,0.2581,0.7419,23,23,31,0.3699,0.3699,2.2934,0.2581,0.25,0.0,0.75,0.75,0,0,0.5714,14,8,0.6016,0.1,0.2258,0.9355,0.0968,0.4516,0.0,0.0,0.5714,0.0,0.0,0.0,0.5623,0.0,outer_patrol_b,road_edge,0.36,19.353061
3828,86.0,53.7656,1,6.0,1.0,37,17760,37,135.8571,0.0,135.8571,0.5286,1.8919,0.1622,0,0,0,0.0000,0.0,0.0000,0,0.8378,0.1622,0.8378,31,31,37,0.0,0.0,0.0,0.1622,0.0,0.1667,0.8333,1.0,0,0,0.6667,9,6,0.5346,0.1,0.0541,0.7027,0.0,0.2432,0.0,0.0,0.6667,0.0,0.0,0.0,0.4506,0.0,completed,,0.36,15.356224
3829,86.0,51.0952,1,6.0,1.0,41,19680,41,137.5714,1.6914,139.2628,0.5857,1.7073,0.1463,1,0,1,0.0244,0.0,0.0244,0,0.7561,0.2439,0.7805,31,32,41,0.3383,0.3383,2.6216,0.2195,0.2222,0.0,0.7778,0.7778,0,0,0.6364,11,7,0.5772,0.1,0.1707,0.8293,0.0732,0.2683,0.0,0.0,0.6364,0.0,0.0,0.0,0.5297,0.0,completed,,0.36,12.28786
3830,55.7693,27.2045,0,4.0,0.6667,30,14400,70,150.0,0.0,150.0,1.0,1.5556,0.1333,1,0,1,0.0333,0.0,0.0333,0,0.8667,0.1333,0.8667,26,26,30,0.0,0.0,0.0,0.1333,0.0,0.0,1.0,1.0,0,0,0.75,8,6,0.5433,0.1,0.0333,0.7333,0.0,0.2667,0.0,0.0,0.75,0.0,0.0,0.0,-0.0,0.0,outer_patrol_b,road_edge,0.36,13.71425
3831,14.5736,7.1091,0,2.0,0.3333,16,7680,70,150.0,0.0,150.0,1.0,1.4583,0.125,0,0,0,0.0000,0.0,0.0000,0,0.875,0.125,0.875,14,14,16,0.0,0.0,0.0,0.125,0.0,0.5,0.5,1.0,0,0,0.6,5,3,0.5372,0.1,0.125,0.625,0.0,0.3125,0.0,0.0,0.6,0.0,0.0,0.0,0.6931,0.0,inner_patrol,obstacle,0.36,16.006951
3832,86.0,53.7649,1,6.0,1.0,40,19200,40,137.1429,0.0,137.1429,0.5714,1.75,0.15,1,0,1,0.0250,0.0,0.0250,0,0.8,0.2,0.825,32,33,40,0.0,0.0,0.0,0.175,0.0,0.0,1.0,1.0,0,0,0.6667,12,8,0.5605,0.1,0.05,0.775,0.05,0.3,0.0,0.0,0.6667,0.0,0.0,0.0,-0.0,0.0,completed,,0.36,14.84228
3833,86.0,51.822,1,6.0,1.0,44,21120,44,138.8571,0.8695,139.7267,0.6286,1.5909,0.1364,0,0,0,0.0000,0.0,0.0000,0,0.8409,0.1591,0.8409,37,37,44,0.1739,0.1739,1.3478,0.1591,0.1429,0.0,0.8571,0.8571,0,0,0.4286,14,6,0.588,0.1,0.1136,0.7955,0.1136,0.3182,0.0,0.0,0.4286,0.0,0.0,0.0,0.4101,0.0,completed,,0.36,20.450513
3834,86.0,49.5382,1,6.0,1.0,42,20160,42,138.0,1.6931,139.6931,0.6,1.6667,0.1429,0,0,0,0.0000,0.0,0.0000,0,0.8333,0.1667,0.8333,35,35,42,0.3386,0.3386,2.6243,0.1667,0.2857,0.0,0.7143,0.7143,0,0,0.6667,12,8,0.575,0.1,0.0952,0.7857,0.0714,0.2857,0.0,0.0,0.6667,0.0,0.0,0.0,0.5983,0.0,completed,,0.36,20.877334
3835,86.0,54.2127,1,6.0,1.0,36,17280,36,135.4286,0.0,135.4286,0.5143,1.9444,0.1667,0,0,0,0.0000,0.0,0.0000,0,0.8611,0.1389,0.8611,31,31,36,0.0,0.0,0.0,0.1389,0.0,0.0,1.0,1.0,0,0,0.8182,11,9,0.5457,0.1,0.0833,0.8056,0.0,0.3056,0.0,0.0,0.8182,0.0,0.0,0.0,-0.0,0.0,completed,,0.36,13.442535
3836,67.7599,33.0536,0,4.0,0.6667,36,17280,70,150.0,0.0,150.0,1.0,1.2963,0.1111,0,0,0,0.0000,0.0,0.0000,0,0.8333,0.1667,0.8333,30,30,36,0.0,0.0,0.0,0.1667,0.0,0.1667,0.8333,1.0,0,0,0.7778,9,7,0.564,0.1,0.1111,0.6944,0.0556,0.25,0.0,0.0,0.7778,0.0,0.0,0.0,0.4506,0.0,outer_patrol_b,road_edge,0.36,12.381471
3837,36.5506,17.8295,0,4.0,0.6667,25,12000,70,150.0,1.6694,151.6694,1.0,1.8667,0.16,1,0,1,0.0400,0.0,0.0400,0,0.8,0.2,0.8,20,20,25,0.4173,0.4173,2.5875,0.2,0.4,0.2,0.4,0.6,0,0,0.9167,12,11,0.5864,0.1,0.16,0.84,0.08,0.48,0.0,0.0,0.9167,0.0,0.0,0.0,1.0549,0.0,outer_patrol_b,road_edge,0.36,12.323652
3838,86.0,51.4128,1,6.0,1.0,39,18720,39,136.7143,0.779,137.4933,0.5571,1.7949,0.1538,1,0,1,0.0256,0.0,0.0256,0,0.8462,0.1538,0.8718,33,34,39,0.1558,0.1558,1.2075,0.1282,0.2,0.2,0.6,0.8,0,0,0.7,10,7,0.5545,0.1,0.0769,0.7179,0.0256,0.2564,0.0,0.0,0.7,0.0,0.0,0.0,0.9503,0.0,completed,,0.36,15.885485
3839,27.6784,13.5016,0,3.0,0.5,24,11520,70,150.0,0.6751,150.6751,1.0,1.4583,0.125,1,0,1,0.0417,0.0,0.0417,0,0.7917,0.2083,0.875,19,21,24,0.225,0.225,1.0464,0.125,0.3333,0.3333,0.3333,0.6667,0,0,0.5,4,2,0.5525,0.1,0.0833,0.8333,0.0417,0.1667,0.0,0.0,0.5,0.0,0.0,0.0,1.0986,0.0,return_outer,obstacle,0.36,12.406682
3840,69.1129,33.7136,0,5.0,0.8333,37,17760,70,150.0,0.0,150.0,1.0,1.5766,0.1351,0,0,0,0.0000,0.0,0.0000,0,0.8108,0.1892,0.8378,30,31,37,0.0,0.0,0.0,0.1622,0.0,0.1667,0.8333,1.0,0,0,0.6667,6,4,0.5433,0.1,0.0811,0.7297,0.027,0.1622,0.0,0.0,0.6667,0.0,0.0,0.0,0.4506,0.0,final_park,wall,0.36,15.915067
3841,86.0,54.7288,1,6.0,1.0,36,17280,36,135.4286,0.0,135.4286,0.5143,1.9444,0.1667,0,0,0,0.0000,0.0,0.0000,0,0.8333,0.1667,0.8333,30,30,36,0.0,0.0,0.0,0.1667,0.0,0.0,1.0,1.0,0,0,0.9091,11,10,0.5482,0.1,0.0556,0.8056,0.0278,0.3056,0.0,0.0,0.9091,0.0,0.0,0.0,-0.0,0.0,completed,,0.36,16.901686
3842,86.0,51.2067,1,6.0,1.0,39,18720,39,136.7143,0.6823,137.3966,0.5571,1.7949,0.1538,1,0,1,0.0256,0.0,0.0256,0,0.8462,0.1538,0.8718,33,34,39,0.1365,0.1365,1.0576,0.1282,0.2,0.2,0.6,0.8,0,0,0.8333,12,10,0.5396,0.1,0.0769,0.7436,0.0256,0.3077,0.0,0.0,0.8333,0.0,0.0,0.0,0.9503,0.0,completed,,0.36,14.882198
3843,86.0,50.6959,1,6.0,1.0,40,19200,40,137.1429,1.217,138.3598,0.5714,1.75,0.15,0,0,0,0.0000,0.0,0.0000,0,0.825,0.175,0.875,33,35,40,0.2434,0.2434,1.8863,0.125,0.4,0.0,0.6,0.6,0,0,0.75,8,6,0.5323,0.1,0.05,0.675,0.0,0.2,0.0,0.0,0.75,0.0,0.0,0.0,0.673,0.0,completed,,0.36,14.697668
3844,37.427,18.2571,0,4.0,0.6667,26,12480,70,150.0,0.6851,150.6851,1.0,1.7949,0.1538,0,0,0,0.0000,0.0,0.0000,0,0.8077,0.1923,0.8462,21,22,26,0.1713,0.1713,1.0618,0.1538,0.25,0.5,0.25,0.75,0,0,0.75,8,6,0.5563,0.1,0.1154,0.7692,0.0385,0.3077,0.0,0.0,0.75,0.0,0.0,0.0,1.0397,0.0,outer_patrol_b,road_edge,0.36,14.046574
3845,86.0,53.8297,1,6.0,1.0,39,18720,39,136.7143,0.0,136.7143,0.5571,1.7949,0.1538,0,0,0,0.0000,0.0,0.0000,0,0.8205,0.1795,0.8205,32,32,39,0.0,0.0,0.0,0.1795,0.0,0.1429,0.8571,1.0,0,0,0.4444,9,4,0.5711,0.1,0.1795,0.7436,0.0513,0.2308,0.0,0.0,0.4444,0.0,0.0,0.0,0.4101,0.0,completed,,0.36,16.395757
3846,86.0,53.7157,1,6.0,1.0,38,18240,38,136.2857,0.0,136.2857,0.5429,1.8421,0.1579,0,0,0,0.0000,0.0,0.0000,0,0.8158,0.1842,0.8158,31,31,38,0.0,0.0,0.0,0.1842,0.0,0.1429,0.8571,1.0,0,0,0.5,8,4,0.5707,0.1,0.1579,0.8158,0.0789,0.2105,0.0,0.0,0.5,0.0,0.0,0.0,0.4101,0.0,completed,,0.36,17.99918
3847,86.0,48.4634,1,6.0,1.0,44,21120,44,138.8571,2.0952,140.9523,0.6286,1.5909,0.1364,0,0,0,0.0000,0.0,0.0000,0,0.8409,0.1591,0.8409,37,37,44,0.419,0.419,3.2475,0.1591,0.4286,0.2857,0.2857,0.5714,0,0,0.6316,19,12,0.5957,0.1,0.1818,0.9091,0.1136,0.4318,0.0,0.0,0.6316,0.0,0.0,0.0,1.079,0.0,completed,,0.36,16.602509
3848,86.0,52.1227,1,6.0,1.0,40,19200,40,137.1429,0.7026,137.8454,0.5714,1.75,0.15,0,0,0,0.0000,0.0,0.0000,0,0.8,0.2,0.825,32,33,40,0.1405,0.1405,1.089,0.175,0.1429,0.0,0.8571,0.8571,0,0,0.6364,11,7,0.5646,0.1,0.1,0.75,0.05,0.275,0.0,0.0,0.6364,0.0,0.0,0.0,0.4101,0.0,completed,,0.36,16.978495
3849,86.0,53.4737,1,6.0,1.0,41,19680,41,137.5714,0.0,137.5714,0.5857,1.7073,0.1463,0,0,0,0.0000,0.0,0.0000,0,0.8293,0.1707,0.8293,34,34,41,0.0,0.0,0.0,0.1707,0.0,0.1429,0.8571,1.0,0,0,0.5,12,6,0.5777,0.1,0.122,0.7073,0.0976,0.2927,0.0,0.0,0.5,0.0,0.0,0.0,0.4101,0.0,completed,,0.36,19.448982
3850,-5.002,-2.44,0,0.0,0.0,8,3840,70,150.0,0.0,150.0,1.0,0.0,0.0,0,0,0,0.0000,0.0,0.0000,0,1.0,0.0,1.0,8,8,8,0.0,0.0,0.0,0.0,0.0,0.0,0.0,0.0,0,0,0.0,0,0,0.4758,0.1,0.0,0.875,0.0,0.0,0.0,0.0,0.0,0.0,0.0,0.0,0.0,0.0,outer_patrol_a,road_edge,0.36,16.997008
3851,86.0,53.2393,1,6.0,1.0,41,19680,41,137.5714,0.6675,138.2389,0.5857,1.7073,0.1463,0,0,0,0.0000,0.0,0.0000,0,0.7805,0.2195,0.8049,32,33,41,0.1335,0.1335,1.0346,0.1951,0.125,0.0,0.875,0.875,0,0,0.6154,13,8,0.5974,0.1,0.1707,0.8293,0.1463,0.3171,0.0,0.0,0.6154,0.0,0.0,0.0,0.3768,0.0,completed,,0.36,15.013248
3852,86.0,50.9276,1,6.0,1.0,39,18720,39,136.7143,1.6334,138.3477,0.5571,1.7949,0.1538,0,0,0,0.0000,0.0,0.0000,0,0.8205,0.1795,0.8205,32,32,39,0.3267,0.3267,2.5318,0.1795,0.2857,0.1429,0.5714,0.7143,0,0,0.8571,7,6,0.5659,0.1,0.1026,0.6667,0.0769,0.1795,0.0,0.0,0.8571,0.0,0.0,0.0,0.9557,0.0,completed,,0.36,16.121845
3853,5.2852,2.5781,0,1.0,0.1667,14,6720,70,150.0,0.0,150.0,1.0,0.8333,0.0714,1,0,1,0.0714,0.0,0.0714,0,0.9286,0.0714,0.9286,13,13,14,0.0,0.0,0.0,0.0714,0.0,0.0,1.0,1.0,0,0,0.0,2,0,0.5345,0.1,0.0714,0.7857,0.0714,0.1429,0.0,0.0,0.0,0.0,0.0,0.0,-0.0,0.0,enter_inner,obstacle,0.36,15.9903
3854,71.8673,35.0572,0,5.0,0.8333,39,18720,70,150.0,0.0,150.0,1.0,1.4957,0.1282,1,0,1,0.0256,0.0,0.0256,0,0.7692,0.2308,0.7692,30,30,39,0.0,0.0,0.0,0.2308,0.0,0.0,1.0,1.0,0,0,0.4545,11,5,0.5669,0.1,0.1282,0.8462,0.0769,0.2821,0.0,0.0,0.4545,0.0,0.0,0.0,-0.0,0.0,final_park,wall,0.36,17.222484
3855,86.0,54.1129,1,6.0,1.0,39,18720,39,136.7143,0.0,136.7143,0.5571,1.7949,0.1538,0,0,0,0.0000,0.0,0.0000,0,0.8205,0.1795,0.8205,32,32,39,0.0,0.0,0.0,0.1795,0.0,0.0,1.0,1.0,0,0,0.6667,12,8,0.5557,0.1,0.1282,0.7436,0.0256,0.3077,0.0,0.0,0.6667,0.0,0.0,0.0,-0.0,0.0,completed,,0.36,17.055877
3856,86.0,50.8812,1,6.0,1.0,41,19680,41,137.5714,1.6809,139.2523,0.5857,1.7073,0.1463,0,0,0,0.0000,0.0,0.0000,0,0.8293,0.1707,0.8293,34,34,41,0.3362,0.3362,2.6053,0.1707,0.2857,0.0,0.7143,0.7143,0,0,0.8333,18,15,0.5767,0.1,0.1463,0.8293,0.0732,0.439,0.0,0.0,0.8333,0.0,0.0,0.0,0.5983,0.0,completed,,0.36,17.101213
3857,86.0,53.276,1,6.0,1.0,37,17760,37,135.8571,0.8811,136.7383,0.5286,1.8919,0.1622,0,0,0,0.0000,0.0,0.0000,0,0.8108,0.1892,0.8108,30,30,37,0.1762,0.1762,1.3657,0.1892,0.1429,0.0,0.8571,0.8571,0,0,0.9091,11,10,0.5477,0.1,0.0541,0.7838,0.027,0.2973,0.0,0.0,0.9091,0.0,0.0,0.0,0.4101,0.0,completed,,0.36,12.848398
3858,86.0,53.7488,1,6.0,1.0,38,18240,38,136.2857,0.0,136.2857,0.5429,1.8421,0.1579,1,0,1,0.0263,0.0,0.0263,0,0.7895,0.2105,0.8421,30,32,38,0.0,0.0,0.0,0.1579,0.0,0.0,1.0,1.0,0,0,0.8,10,8,0.5517,0.1,0.1316,0.7632,0.0263,0.2632,0.0,0.0,0.8,0.0,0.0,0.0,-0.0,0.0,completed,,0.36,13.167706
3859,43.8402,21.3855,0,4.0,0.6667,23,11040,70,150.0,0.0,150.0,1.0,2.029,0.1739,0,0,0,0.0000,0.0,0.0000,0,0.7826,0.2174,0.7826,18,18,23,0.0,0.0,0.0,0.2174,0.0,0.2,0.8,1.0,0,0,0.8571,7,6,0.5593,0.1,0.1304,0.913,0.0435,0.3043,0.0,0.0,0.8571,0.0,0.0,0.0,0.5004,0.0,outer_patrol_b,road_edge,0.36,12.220027
3860,65.4229,31.9136,0,5.0,0.8333,42,20160,70,150.0,0.0,150.0,1.0,1.3889,0.119,0,0,0,0.0000,0.0,0.0000,0,0.8333,0.1667,0.8571,35,36,42,0.0,0.0,0.0,0.1429,0.0,0.1667,0.8333,1.0,0,0,0.6875,16,11,0.5532,0.1,0.0714,0.7619,0.0,0.381,0.0,0.0,0.6875,0.0,0.0,0.0,0.4506,0.0,final_park,wall,0.36,15.669868
3861,86.0,52.2543,1,6.0,1.0,40,19200,40,137.1429,0.7506,137.8934,0.5714,1.75,0.15,0,0,0,0.0000,0.0,0.0000,0,0.825,0.175,0.825,33,33,40,0.1501,0.1501,1.1634,0.175,0.1429,0.0,0.8571,0.8571,0,0,0.75,12,9,0.5624,0.1,0.1,0.8,0.025,0.3,0.0,0.0,0.75,0.0,0.0,0.0,0.4101,0.0,completed,,0.36,14.134331
3862,86.0,49.4235,1,6.0,1.0,41,19680,41,137.5714,1.6926,139.2641,0.5857,1.7073,0.1463,0,0,0,0.0000,0.0,0.0000,0,0.878,0.122,0.878,36,36,41,0.3385,0.3385,2.6236,0.122,0.4,0.2,0.4,0.6,0,0,0.5556,9,5,0.5467,0.1,0.0732,0.8049,0.0244,0.2195,0.0,0.0,0.5556,0.0,0.0,0.0,1.0549,0.0,completed,,0.36,15.903847
3863,86.0,52.6472,1,6.0,1.0,36,17280,36,135.4286,0.7085,136.1371,0.5143,1.9444,0.1667,0,0,0,0.0000,0.0,0.0000,0,0.8333,0.1667,0.8611,30,31,36,0.1417,0.1417,1.0982,0.1389,0.2,0.0,0.8,0.8,0,0,1.0,8,8,0.5434,0.1,0.0556,0.75,0.0,0.2222,0.0,0.0,1.0,0.0,0.0,0.0,0.5004,0.0,completed,,0.36,18.823318
3864,43.0145,20.9827,0,4.0,0.6667,24,11520,70,150.0,0.0,150.0,1.0,1.9444,0.1667,0,0,0,0.0000,0.0,0.0000,0,0.7917,0.2083,0.7917,19,19,24,0.0,0.0,0.0,0.2083,0.0,0.0,1.0,1.0,0,0,0.8571,7,6,0.5669,0.1,0.0417,0.7083,0.0417,0.2917,0.0,0.0,0.8571,0.0,0.0,0.0,-0.0,0.0,outer_patrol_b,road_edge,0.36,20.086882
3865,86.0,52.1116,1,6.0,1.0,39,18720,39,136.7143,0.7954,137.5097,0.5571,1.7949,0.1538,0,0,0,0.0000,0.0,0.0000,0,0.8205,0.1795,0.8205,32,32,39,0.1591,0.1591,1.2329,0.1795,0.1429,0.1429,0.7143,0.8571,0,0,0.7143,14,10,0.5648,0.1,0.1538,0.8462,0.0256,0.359,0.0,0.0,0.7143,0.0,0.0,0.0,0.7963,0.0,completed,,0.36,19.481167
3866,-10.0,-6.72,0,0.0,0.0,4,1920,70,150.0,0.0,150.0,1.0,0.0,0.0,0,0,0,0.0000,0.0,0.0000,0,1.0,0.0,1.0,4,4,4,0.0,0.0,0.0,0.0,0.0,0.0,0.0,0.0,0,0,0.0,0,0,0.4641,0.1,0.0,0.75,0.0,0.0,0.0,0.0,0.0,0.0,0.0,0.0,0.0,0.0,outer_patrol_a,road_edge,0.36,18.940528
3867,86.0,53.2423,1,6.0,1.0,36,17280,36,135.4286,0.0,135.4286,0.5143,1.9444,0.1667,1,0,1,0.0278,0.0,0.0278,0,0.8611,0.1389,0.8611,31,31,36,0.0,0.0,0.0,0.1389,0.0,0.4,0.6,1.0,0,0,0.7778,9,7,0.5369,0.1,0.1111,0.75,0.0,0.25,0.0,0.0,0.7778,0.0,0.0,0.0,0.673,0.0,completed,,0.36,16.104955
3868,86.0,53.4473,1,6.0,1.0,35,16800,35,135.0,0.7111,135.7111,0.5,2.0,0.1714,0,0,0,0.0000,0.0,0.0000,0,0.8571,0.1429,0.8571,30,30,35,0.1422,0.1422,1.1022,0.1429,0.2,0.0,0.8,0.8,0,0,1.0,6,6,0.5395,0.1,0.0571,0.7429,0.0,0.1714,0.0,0.0,1.0,0.0,0.0,0.0,0.5004,0.0,completed,,0.36,17.110518
3869,86.0,52.6997,1,6.0,1.0,44,21120,44,138.8571,0.0,138.8571,0.6286,1.5909,0.1364,0,0,0,0.0000,0.0,0.0000,0,0.8409,0.1591,0.8409,37,37,44,0.0,0.0,0.0,0.1591,0.0,0.1429,0.8571,1.0,0,0,0.3333,15,5,0.5982,0.1,0.2273,0.8182,0.1364,0.3409,0.0,0.0,0.3333,0.0,0.0,0.0,0.4101,0.0,completed,,0.36,17.309375
3870,86.0,53.7829,1,6.0,1.0,40,19200,40,137.1429,0.0,137.1429,0.5714,1.75,0.15,0,0,0,0.0000,0.0,0.0000,0,0.825,0.175,0.825,33,33,40,0.0,0.0,0.0,0.175,0.0,0.0,1.0,1.0,0,0,0.5714,14,8,0.5642,0.1,0.175,0.775,0.025,0.35,0.0,0.0,0.5714,0.0,0.0,0.0,-0.0,0.0,completed,,0.36,17.202559
3871,86.0,50.8574,1,6.0,1.0,39,18720,39,136.7143,1.7607,138.475,0.5571,1.7949,0.1538,0,0,0,0.0000,0.0,0.0000,0,0.7949,0.2051,0.8205,31,32,39,0.3521,0.3521,2.7291,0.1795,0.2857,0.0,0.7143,0.7143,0,0,0.75,12,9,0.5599,0.1,0.1538,0.7179,0.0513,0.3077,0.0,0.0,0.75,0.0,0.0,0.0,0.5983,0.0,completed,,0.36,16.192777
3872,86.0,52.8479,1,6.0,1.0,37,17760,37,135.8571,0.8488,136.706,0.5286,1.8919,0.1622,0,0,0,0.0000,0.0,0.0000,0,0.8378,0.1622,0.8378,31,31,37,0.1698,0.1698,1.3157,0.1622,0.1667,0.0,0.8333,0.8333,0,0,0.75,8,6,0.5463,0.1,0.0541,0.6486,0.027,0.2162,0.0,0.0,0.75,0.0,0.0,0.0,0.4506,0.0,completed,,0.36,18.870586
3873,5.9185,2.8871,0,1.0,0.1667,14,6720,70,150.0,0.0,150.0,1.0,0.8333,0.0714,1,0,1,0.0714,0.0,0.0714,0,0.8571,0.1429,0.8571,12,12,14,0.0,0.0,0.0,0.1429,0.0,0.5,0.5,1.0,0,0,0.3333,3,1,0.5434,0.1,0.1429,0.7857,0.0714,0.2143,0.0,0.0,0.3333,0.0,0.0,0.0,0.6931,0.0,enter_inner,obstacle,0.36,19.052765
3874,5.9617,2.9081,0,1.0,0.1667,13,6240,70,150.0,0.0,150.0,1.0,0.8974,0.0769,0,0,0,0.0000,0.0,0.0000,0,0.9231,0.0769,0.9231,12,12,13,0.0,0.0,0.0,0.0769,0.0,0.0,1.0,1.0,0,0,0.6667,3,2,0.5094,0.1,0.0769,0.5385,0.0,0.2308,0.0,0.0,0.6667,0.0,0.0,0.0,-0.0,0.0,enter_inner,obstacle,0.36,19.646241
3875,86.0,48.9717,1,6.0,1.0,41,19680,41,137.5714,2.6624,140.2338,0.5857,1.7073,0.1463,1,0,1,0.0244,0.0,0.0244,0,0.7805,0.2195,0.7805,32,32,41,0.5325,0.5325,4.1267,0.2195,0.3333,0.1111,0.5556,0.6667,0,0,0.7143,14,10,0.5645,0.1,0.2195,0.878,0.0488,0.3415,0.0,0.0,0.7143,0.0,0.0,0.0,0.9369,0.0,completed,,0.36,14.987079
3876,86.0,51.8848,1,6.0,1.0,39,18720,39,136.7143,1.354,138.0683,0.5571,1.7949,0.1538,0,0,0,0.0000,0.0,0.0000,0,0.7949,0.2051,0.7949,31,31,39,0.2708,0.2708,2.0987,0.2051,0.25,0.125,0.625,0.75,0,0,0.7692,13,10,0.5765,0.1,0.1282,0.7949,0.0769,0.3333,0.0,0.0,0.7692,0.0,0.0,0.0,0.9003,0.0,completed,,0.36,16.914265
3877,86.0,46.0876,1,6.0,1.0,46,22080,46,139.7143,3.6641,143.3784,0.6571,1.5217,0.1304,1,0,1,0.0217,0.0,0.0217,0,0.8043,0.1957,0.8261,37,38,46,0.7328,0.7328,5.6794,0.1739,0.625,0.0,0.375,0.375,0,0,0.6875,16,11,0.5774,0.1,0.2174,0.7826,0.0652,0.3478,0.0,0.0,0.6875,0.0,0.0,0.0,0.6616,0.0,completed,,0.36,18.932202
3878,43.8588,21.3945,0,4.0,0.6667,23,11040,70,150.0,0.0,150.0,1.0,2.029,0.1739,1,0,1,0.0435,0.0,0.0435,0,0.8261,0.1739,0.8261,19,19,23,0.0,0.0,0.0,0.1739,0.0,0.0,1.0,1.0,0,0,0.75,4,3,0.5302,0.1,0.087,0.8261,0.0,0.1739,0.0,0.0,0.75,0.0,0.0,0.0,-0.0,0.0,outer_patrol_b,road_edge,0.36,20.33667
3879,86.0,51.8818,1,6.0,1.0,37,17760,37,135.8571,1.5501,137.4073,0.5286,1.8919,0.1622,1,0,1,0.0270,0.0,0.0270,0,0.7838,0.2162,0.8108,29,30,37,0.31,0.31,2.4027,0.1892,0.2857,0.0,0.7143,0.7143,0,0,1.0,6,6,0.547,0.1,0.1081,0.7568,0.0,0.1622,0.0,0.0,1.0,0.0,0.0,0.0,0.5983,0.0,completed,,0.36,19.209118
3880,32.0792,15.6484,0,3.0,0.5,22,10560,70,150.0,0.0,150.0,1.0,1.5909,0.1364,0,0,0,0.0000,0.0,0.0000,0,0.8182,0.1818,0.8636,18,19,22,0.0,0.0,0.0,0.1364,0.0,0.0,1.0,1.0,0,0,1.0,2,2,0.5301,0.1,0.0455,0.6818,0.0,0.0909,0.0,0.0,1.0,0.0,0.0,0.0,-0.0,0.0,return_outer,obstacle,0.36,17.071432
3881,86.0,49.3136,1,6.0,1.0,41,19680,41,137.5714,2.4683,140.0398,0.5857,1.7073,0.1463,1,0,1,0.0244,0.0,0.0244,0,0.7805,0.2195,0.8049,32,33,41,0.4937,0.4937,3.8259,0.1951,0.375,0.0,0.625,0.625,0,0,0.75,12,9,0.5632,0.1,0.1463,0.9024,0.0488,0.2927,0.0,0.0,0.75,0.0,0.0,0.0,0.6616,0.0,completed,,0.36,14.671526
3882,14.0108,6.8346,0,2.0,0.3333,18,8640,70,150.0,0.6585,150.6585,1.0,1.2963,0.1111,0,0,0,0.0000,0.0,0.0000,0,0.8333,0.1667,0.8333,15,15,18,0.3292,0.3292,1.0206,0.1667,0.3333,0.0,0.6667,0.6667,0,0,0.5,8,4,0.6237,0.1,0.2778,0.7778,0.2222,0.4444,0.0,0.0,0.5,0.0,0.0,0.0,0.6365,0.0,inner_patrol,obstacle,0.36,12.378856
3883,61.232,29.8693,0,5.0,0.8333,41,19680,70,150.0,1.607,151.607,1.0,1.4228,0.122,1,0,1,0.0244,0.0,0.0244,0,0.8049,0.1951,0.8293,33,34,41,0.3214,0.3214,2.4909,0.1707,0.2857,0.2857,0.4286,0.7143,0,0,0.6154,13,8,0.5643,0.1,0.0732,0.878,0.0488,0.3171,0.0,0.0,0.6154,0.0,0.0,0.0,1.079,0.0,final_park,wall,0.36,11.004061
3884,86.0,49.1461,1,6.0,1.0,41,19680,41,137.5714,2.7253,140.2967,0.5857,1.7073,0.1463,0,0,0,0.0000,0.0,0.0000,0,0.8049,0.1951,0.8049,33,33,41,0.5451,0.5451,4.2242,0.1951,0.5,0.0,0.5,0.5,0,0,0.9231,13,12,0.5631,0.1,0.0732,0.8049,0.0488,0.3171,0.0,0.0,0.9231,0.0,0.0,0.0,0.6931,0.0,completed,,0.36,12.661028
3885,17.0773,8.3304,0,2.0,0.3333,15,7200,70,150.0,0.0,150.0,1.0,1.5556,0.1333,0,0,0,0.0000,0.0,0.0000,0,0.8,0.2,0.8,12,12,15,0.0,0.0,0.0,0.2,0.0,0.0,1.0,1.0,0,0,0.5,2,1,0.525,0.1,0.0667,0.8,0.0,0.1333,0.0,0.0,0.5,0.0,0.0,0.0,-0.0,0.0,inner_patrol,obstacle,0.36,15.211188
3886,86.0,53.3039,1,6.0,1.0,35,16800,35,135.0,0.6687,135.6687,0.5,2.0,0.1714,0,0,0,0.0000,0.0,0.0000,0,0.8286,0.1714,0.8286,29,29,35,0.1337,0.1337,1.0365,0.1714,0.1667,0.1667,0.6667,0.8333,0,0,1.0,13,13,0.5567,0.1,0.1143,0.8857,0.0286,0.3714,0.0,0.0,1.0,0.0,0.0,0.0,0.8676,0.0,completed,,0.36,16.349643
3887,42.6973,20.8279,0,4.0,0.6667,28,13440,70,150.0,1.4984,151.4984,1.0,1.6667,0.1429,1,0,1,0.0357,0.0,0.0357,0,0.75,0.25,0.7857,21,22,28,0.3746,0.3746,2.3225,0.2143,0.3333,0.0,0.6667,0.6667,0,0,0.7,10,7,0.5694,0.1,0.1071,0.7857,0.0357,0.3571,0.0,0.0,0.7,0.0,0.0,0.0,0.6365,0.0,outer_patrol_b,road_edge,0.36,18.184057
3888,4.8604,2.3709,0,1.0,0.1667,14,6720,70,150.0,0.0,150.0,1.0,0.8333,0.0714,0,0,0,0.0000,0.0,0.0000,0,0.9286,0.0714,0.9286,13,13,14,0.0,0.0,0.0,0.0714,0.0,1.0,0.0,1.0,0,0,0.0,2,0,0.4955,0.1,0.0714,0.5714,0.0,0.1429,0.0,0.0,0.0,0.0,0.0,0.0,-0.0,0.0,enter_inner,obstacle,0.36,15.220514
3889,29.2264,14.2568,0,3.0,0.5,22,10560,70,150.0,0.8202,150.8202,1.0,1.5909,0.1364,1,0,1,0.0455,0.0,0.0455,0,0.8636,0.1364,0.8636,19,19,22,0.2734,0.2734,1.2712,0.1364,0.3333,0.3333,0.3333,0.6667,0,0,0.6667,3,2,0.5486,0.1,0.0909,0.6818,0.0455,0.1364,0.0,0.0,0.6667,0.0,0.0,0.0,1.0986,0.0,return_outer,obstacle,0.36,13.420692
3890,86.0,52.4117,1,6.0,1.0,37,17760,37,135.8571,0.8476,136.7047,0.5286,1.8919,0.1622,1,0,1,0.0270,0.0,0.0270,0,0.8378,0.1622,0.8649,31,32,37,0.1695,0.1695,1.3138,0.1351,0.2,0.0,0.8,0.8,0,0,0.9286,14,13,0.5499,0.1,0.0811,0.7568,0.0,0.3784,0.0,0.0,0.9286,0.0,0.0,0.0,0.5004,0.0,completed,,0.36,13.172939
3891,86.0,49.5648,1,6.0,1.0,42,20160,42,138.0,2.4275,140.4275,0.6,1.6667,0.1429,1,0,1,0.0238,0.0,0.0238,0,0.8095,0.1905,0.8095,34,34,42,0.4855,0.4855,3.7627,0.1905,0.375,0.0,0.625,0.625,0,0,0.6429,14,9,0.5888,0.1,0.1429,0.8571,0.0952,0.3333,0.0,0.0,0.6429,0.0,0.0,0.0,0.6616,0.0,completed,,0.36,13.378765
3892,86.0,54.3988,1,6.0,1.0,37,17760,37,135.8571,0.0,135.8571,0.5286,1.8919,0.1622,1,0,1,0.0270,0.0,0.0270,0,0.8378,0.1622,0.8378,31,31,37,0.0,0.0,0.0,0.1622,0.0,0.0,1.0,1.0,0,0,0.7692,13,10,0.5578,0.1,0.1081,0.7838,0.027,0.3514,0.0,0.0,0.7692,0.0,0.0,0.0,-0.0,0.0,completed,,0.36,13.327514
3893,86.0,53.7227,1,6.0,1.0,37,17760,37,135.8571,0.0,135.8571,0.5286,1.8919,0.1622,1,0,1,0.0270,0.0,0.0270,0,0.8108,0.1892,0.8649,30,32,37,0.0,0.0,0.0,0.1351,0.0,0.0,1.0,1.0,0,0,1.0,6,6,0.5323,0.1,0.0541,0.8108,0.0,0.1622,0.0,0.0,1.0,0.0,0.0,0.0,-0.0,0.0,completed,,0.36,9.451546
3894,-10.0,-5.65,0,0.0,0.0,5,2400,70,150.0,0.0,150.0,1.0,0.0,0.0,1,0,1,0.2000,0.0,0.2000,0,1.0,0.0,1.0,5,5,5,0.0,0.0,0.0,0.0,0.0,0.0,0.0,0.0,0,0,1.0,1,1,0.5191,0.1,0.0,0.6,0.0,0.2,0.0,0.0,1.0,0.0,0.0,0.0,0.0,0.0,outer_patrol_a,road_edge,0.36,9.375349
3895,86.0,51.1377,1,6.0,1.0,39,18720,39,136.7143,0.6718,137.3861,0.5571,1.7949,0.1538,0,0,0,0.0000,0.0,0.0000,0,0.8718,0.1282,0.8718,34,34,39,0.1344,0.1344,1.0414,0.1282,0.2,0.4,0.4,0.8,0,0,0.7857,14,11,0.5601,0.1,0.1282,0.7179,0.0513,0.359,0.0,0.0,0.7857,0.0,0.0,0.0,1.0549,0.0,completed,,0.36,9.531551
3896,42.8553,20.905,0,4.0,0.6667,35,16800,70,150.0,1.4002,151.4002,1.0,1.3333,0.1143,0,0,0,0.0000,0.0,0.0000,0,0.8,0.2,0.8,28,28,35,0.35,0.35,2.1703,0.2,0.2857,0.1429,0.5714,0.7143,0,0,0.5294,17,9,0.6186,0.1,0.2571,0.9429,0.1714,0.4857,0.0,0.0,0.5294,0.0,0.0,0.0,0.9557,0.0,outer_patrol_b,road_edge,0.36,12.606632
3897,30.847,15.0473,0,3.0,0.5,25,12000,70,150.0,0.0,150.0,1.0,1.4,0.12,1,0,1,0.0400,0.0,0.0400,0,0.84,0.16,0.84,21,21,25,0.0,0.0,0.0,0.16,0.0,0.25,0.75,1.0,0,0,0.4,5,2,0.569,0.1,0.12,0.8,0.08,0.2,0.0,0.0,0.4,0.0,0.0,0.0,0.5623,0.0,return_outer,obstacle,0.36,14.532311
3898,86.0,54.3887,1,6.0,1.0,37,17760,37,135.8571,0.0,135.8571,0.5286,1.8919,0.1622,1,0,1,0.0270,0.0,0.0270,0,0.7838,0.2162,0.7838,29,29,37,0.0,0.0,0.0,0.2162,0.0,0.25,0.75,1.0,0,0,0.7,10,7,0.5709,0.1,0.1351,0.7297,0.0811,0.2703,0.0,0.0,0.7,0.0,0.0,0.0,0.5623,0.0,completed,,0.36,16.084926
3899,86.0,53.6355,1,6.0,1.0,38,18240,38,136.2857,0.6699,136.9556,0.5429,1.8421,0.1579,0,0,0,0.0000,0.0,0.0000,0,0.7895,0.2105,0.7895,30,30,38,0.134,0.134,1.0383,0.2105,0.125,0.0,0.875,0.875,0,0,0.6667,9,6,0.5605,0.1,0.1316,0.8421,0.0526,0.2368,0.0,0.0,0.6667,0.0,0.0,0.0,0.3768,0.0,completed,,0.36,15.472523
3900,86.0,53.8717,1,6.0,1.0,38,18240,38,136.2857,0.0,136.2857,0.5429,1.8421,0.1579,1,0,1,0.0263,0.0,0.0263,0,0.8158,0.1842,0.8158,31,31,38,0.0,0.0,0.0,0.1842,0.0,0.1429,0.8571,1.0,0,0,0.6,10,6,0.5639,0.1,0.1579,0.7632,0.0526,0.2632,0.0,0.0,0.6,0.0,0.0,0.0,0.4101,0.0,completed,,0.36,13.559998
3901,86.0,50.499,1,6.0,1.0,39,18720,39,136.7143,1.4982,138.2124,0.5571,1.7949,0.1538,1,0,1,0.0256,0.0,0.0256,0,0.8205,0.1795,0.8462,32,33,39,0.2996,0.2996,2.3222,0.1538,0.3333,0.1667,0.5,0.6667,0,0,0.8667,15,13,0.5578,0.1,0.0769,0.7692,0.0,0.3846,0.0,0.0,0.8667,0.0,0.0,0.0,1.0114,0.0,completed,,0.36,13.240906
3902,86.0,51.7636,1,6.0,1.0,42,20160,42,138.0,0.0,138.0,0.6,1.6667,0.1429,0,0,0,0.0000,0.0,0.0000,0,0.8571,0.1429,0.8571,36,36,42,0.0,0.0,0.0,0.1429,0.0,0.1667,0.8333,1.0,0,0,0.6364,11,7,0.5401,0.1,0.0714,0.6667,0.0,0.2619,0.0,0.0,0.6364,0.0,0.0,0.0,0.4506,0.0,completed,,0.36,13.22449
3903,86.0,52.3416,1,6.0,1.0,38,18240,38,136.2857,0.8103,137.096,0.5429,1.8421,0.1579,0,0,0,0.0000,0.0,0.0000,0,0.8158,0.1842,0.8421,31,32,38,0.1621,0.1621,1.256,0.1579,0.1667,0.0,0.8333,0.8333,0,0,0.75,12,9,0.5589,0.1,0.1053,0.9211,0.0526,0.3158,0.0,0.0,0.75,0.0,0.0,0.0,0.4506,0.0,completed,,0.36,12.834646
3904,4.1839,2.0409,0,1.0,0.1667,15,7200,70,150.0,0.0,150.0,1.0,0.7778,0.0667,0,0,0,0.0000,0.0,0.0000,0,0.9333,0.0667,0.9333,14,14,15,0.0,0.0,0.0,0.0667,0.0,1.0,0.0,1.0,0,0,0.6,5,3,0.5432,0.1,0.0667,0.8,0.0667,0.3333,0.0,0.0,0.6,0.0,0.0,0.0,-0.0,0.0,enter_inner,obstacle,0.36,10.989483
3905,13.906,6.7834,0,2.0,0.3333,16,7680,70,150.0,0.8592,150.8592,1.0,1.4583,0.125,0,0,0,0.0000,0.0,0.0000,0,0.8125,0.1875,0.8125,13,13,16,0.4296,0.4296,1.3318,0.1875,0.3333,0.0,0.6667,0.6667,0,0,0.75,8,6,0.5743,0.1,0.25,0.6875,0.0625,0.5,0.0,0.0,0.75,0.0,0.0,0.0,0.6365,0.0,inner_patrol,obstacle,0.36,13.012587
3906,69.9517,34.1228,0,5.0,0.8333,37,17760,70,150.0,0.0,150.0,1.0,1.5766,0.1351,0,0,0,0.0000,0.0,0.0000,0,0.8378,0.1622,0.8378,31,31,37,0.0,0.0,0.0,0.1622,0.0,0.0,1.0,1.0,0,0,0.5,8,4,0.5421,0.1,0.1081,0.7027,0.027,0.2162,0.0,0.0,0.5,0.0,0.0,0.0,-0.0,0.0,final_park,wall,0.36,11.401242
3907,86.0,52.4995,1,6.0,1.0,39,18720,39,136.7143,0.0,136.7143,0.5571,1.7949,0.1538,1,0,1,0.0256,0.0,0.0256,0,0.8205,0.1795,0.8718,32,34,39,0.0,0.0,0.0,0.1282,0.0,0.2,0.8,1.0,0,0,0.8182,11,9,0.548,0.1,0.0256,0.7179,0.0,0.2821,0.0,0.0,0.8182,0.0,0.0,0.0,0.5004,0.0,completed,,0.36,13.033752
3908,86.0,49.4811,1,6.0,1.0,44,21120,44,138.8571,2.11,140.9672,0.6286,1.5909,0.1364,0,0,0,0.0000,0.0,0.0000,0,0.7955,0.2045,0.7955,35,35,44,0.422,0.422,3.2705,0.2045,0.3333,0.0,0.6667,0.6667,0,0,0.6875,16,11,0.5791,0.1,0.1818,0.7273,0.0682,0.3636,0.0,0.0,0.6875,0.0,0.0,0.0,0.6365,0.0,completed,,0.36,14.056648
3909,-1.2915,-0.63,0,0.0,0.0,11,5280,70,150.0,0.0,150.0,1.0,0.0,0.0,1,0,1,0.0909,0.0,0.0909,0,1.0,0.0,1.0,11,11,11,0.0,0.0,0.0,0.0,0.0,0.0,0.0,0.0,0,0,0.5,2,1,0.4891,0.1,0.0,0.7273,0.0,0.1818,0.0,0.0,0.5,0.0,0.0,0.0,0.0,0.0,outer_patrol_a,road_edge,0.36,13.790402
3910,86.0,52.0881,1,6.0,1.0,37,17760,37,135.8571,0.795,136.6522,0.5286,1.8919,0.1622,1,0,1,0.0270,0.0,0.0270,0,0.8378,0.1622,0.8378,31,31,37,0.159,0.159,1.2323,0.1622,0.1667,0.1667,0.6667,0.8333,0,0,0.75,8,6,0.5491,0.1,0.0811,0.6486,0.0,0.2162,0.0,0.0,0.75,0.0,0.0,0.0,0.8676,0.0,completed,,0.36,14.115592
3911,86.0,50.6463,1,6.0,1.0,40,19200,40,137.1429,1.531,138.6739,0.5714,1.75,0.15,0,0,0,0.0000,0.0,0.0000,0,0.825,0.175,0.825,33,33,40,0.3062,0.3062,2.3731,0.175,0.2857,0.1429,0.5714,0.7143,0,0,0.6364,11,7,0.5836,0.1,0.175,0.8,0.1,0.275,0.0,0.0,0.6364,0.0,0.0,0.0,0.9557,0.0,completed,,0.36,13.074147
3912,86.0,52.6719,1,6.0,1.0,38,18240,38,136.2857,0.6463,136.932,0.5429,1.8421,0.1579,1,0,1,0.0263,0.0,0.0263,0,0.8158,0.1842,0.8421,31,32,38,0.1293,0.1293,1.0017,0.1579,0.1667,0.0,0.8333,0.8333,0,0,0.9,10,9,0.5489,0.1,0.0789,0.7632,0.0263,0.2632,0.0,0.0,0.9,0.0,0.0,0.0,0.4506,0.0,completed,,0.36,11.053985
3913,86.0,54.7288,1,6.0,1.0,36,17280,36,135.4286,0.0,135.4286,0.5143,1.9444,0.1667,0,0,0,0.0000,0.0,0.0000,0,0.8333,0.1667,0.8333,30,30,36,0.0,0.0,0.0,0.1667,0.0,0.0,1.0,1.0,0,0,0.7143,7,5,0.5475,0.1,0.1111,0.7222,0.0278,0.1944,0.0,0.0,0.7143,0.0,0.0,0.0,-0.0,0.0,completed,,0.36,12.496483
3914,86.0,52.6208,1,6.0,1.0,40,19200,40,137.1429,0.0,137.1429,0.5714,1.75,0.15,0,0,0,0.0000,0.0,0.0000,0,0.825,0.175,0.85,33,34,40,0.0,0.0,0.0,0.15,0.0,0.0,1.0,1.0,0,0,0.6429,14,9,0.56,0.1,0.1,0.825,0.025,0.35,0.0,0.0,0.6429,0.0,0.0,0.0,-0.0,0.0,completed,,0.36,9.893801
3915,86.0,49.8925,1,6.0,1.0,40,19200,40,137.1429,2.2941,139.437,0.5714,1.75,0.15,0,0,0,0.0000,0.0,0.0000,0,0.75,0.25,0.775,30,31,40,0.4588,0.4588,3.5559,0.225,0.3333,0.1111,0.5556,0.6667,0,0,0.8,10,8,0.5726,0.1,0.15,0.725,0.075,0.25,0.0,0.0,0.8,0.0,0.0,0.0,0.9369,0.0,completed,,0.36,10.901219
3916,0.0615,0.03,0,0.0,0.0,13,6240,70,150.0,0.0,150.0,1.0,0.0,0.0,0,0,0,0.0000,0.0,0.0000,0,0.9231,0.0769,1.0,12,13,13,0.0,0.0,0.0,0.0,0.0,0.0,0.0,0.0,0,0,0.75,4,3,0.4996,0.1,0.0,0.6154,0.0,0.3077,0.0,0.0,0.75,0.0,0.0,0.0,0.0,0.0,outer_patrol_a,road_edge,0.36,11.788086
3917,86.0,52.3813,1,6.0,1.0,41,19680,41,137.5714,0.6872,138.2587,0.5857,1.7073,0.1463,0,0,0,0.0000,0.0,0.0000,0,0.8293,0.1707,0.8293,34,34,41,0.1374,0.1374,1.0652,0.1707,0.1429,0.1429,0.7143,0.8571,0,0,0.6667,15,10,0.6064,0.1,0.1951,0.8537,0.1463,0.3659,0.0,0.0,0.6667,0.0,0.0,0.0,0.7963,0.0,completed,,0.36,12.038117
3918,-3.485,-1.7,0,0.0,0.0,10,4800,70,150.0,0.0,150.0,1.0,0.0,0.0,0,0,0,0.0000,0.0,0.0000,0,1.0,0.0,1.0,10,10,10,0.0,0.0,0.0,0.0,0.0,0.0,0.0,0.0,0,0,0.6667,3,2,0.4986,0.1,0.0,0.5,0.0,0.3,0.0,0.0,0.6667,0.0,0.0,0.0,0.0,0.0,outer_patrol_a,road_edge,0.36,12.850716
3919,56.6478,27.6331,0,4.0,0.6667,39,18720,70,150.0,0.0,150.0,1.0,1.1966,0.1026,0,0,0,0.0000,0.0,0.0000,0,0.7692,0.2308,0.7949,30,31,39,0.0,0.0,0.0,0.2051,0.0,0.0,1.0,1.0,0,0,0.3333,15,5,0.6129,0.1,0.2564,0.8718,0.1538,0.3846,0.0,0.0,0.3333,0.0,0.0,0.0,-0.0,0.0,outer_patrol_b,road_edge,0.36,17.252751
3920,3.6042,1.7581,0,1.0,0.1667,16,7680,70,150.0,0.0,150.0,1.0,0.7292,0.0625,0,0,0,0.0000,0.0,0.0000,0,0.8125,0.1875,0.9375,13,15,16,0.0,0.0,0.0,0.0625,0.0,0.0,1.0,1.0,0,0,0.0,0,0,0.5056,0.1,0.0,0.6875,0.0,0.0,0.0,0.0,0.0,0.0,0.0,0.0,-0.0,0.0,enter_inner,obstacle,0.36,17.31161
3921,86.0,52.9908,1,6.0,1.0,36,17280,36,135.4286,0.6307,136.0593,0.5143,1.9444,0.1667,0,0,0,0.0000,0.0,0.0000,0,0.8333,0.1667,0.8333,30,30,36,0.1261,0.1261,0.9776,0.1667,0.1667,0.1667,0.6667,0.8333,0,0,0.875,8,7,0.546,0.1,0.0833,0.75,0.0278,0.2222,0.0,0.0,0.875,0.0,0.0,0.0,0.8676,0.0,completed,,0.36,19.271509
3922,86.0,51.8117,1,6.0,1.0,44,21120,44,138.8571,0.0,138.8571,0.6286,1.5909,0.1364,0,0,0,0.0000,0.0,0.0000,0,0.8182,0.1818,0.8409,36,37,44,0.0,0.0,0.0,0.1591,0.0,0.1429,0.8571,1.0,0,0,0.4286,14,6,0.5554,0.1,0.0455,0.75,0.0227,0.3182,0.0,0.0,0.4286,0.0,0.0,0.0,0.4101,0.0,completed,,0.36,13.593498
3923,86.0,51.5229,1,6.0,1.0,37,17760,37,135.8571,1.6022,137.4594,0.5286,1.8919,0.1622,1,0,1,0.0270,0.0,0.0270,0,0.8108,0.1892,0.8378,30,31,37,0.3204,0.3204,2.4835,0.1622,0.3333,0.0,0.6667,0.6667,0,0,0.875,8,7,0.5361,0.1,0.0541,0.7568,0.0,0.2162,0.0,0.0,0.875,0.0,0.0,0.0,0.6365,0.0,completed,,0.36,16.34629
3924,28.0358,13.676,0,3.0,0.5,26,12480,70,150.0,0.0,150.0,1.0,1.3462,0.1154,0,0,0,0.0000,0.0,0.0000,0,0.8846,0.1154,0.8846,23,23,26,0.0,0.0,0.0,0.1154,0.0,0.6667,0.3333,1.0,0,0,0.4,10,4,0.5511,0.1,0.1154,0.9231,0.0,0.3846,0.0,0.0,0.4,0.0,0.0,0.0,0.6365,0.0,return_outer,obstacle,0.36,17.382863
3925,86.0,51.5455,1,6.0,1.0,46,22080,46,139.7143,0.8816,140.5959,0.6571,1.5217,0.1304,0,0,0,0.0000,0.0,0.0000,0,0.8043,0.1957,0.8043,37,37,46,0.1763,0.1763,1.3665,0.1957,0.1111,0.0,0.8889,0.8889,0,0,0.3077,13,4,0.5825,0.1,0.2391,0.7609,0.087,0.2826,0.0,0.0,0.3077,0.0,0.0,0.0,0.3488,0.0,completed,,0.36,17.350489
3926,86.0,51.5399,1,6.0,1.0,39,18720,39,136.7143,0.7757,137.49,0.5571,1.7949,0.1538,0,0,0,0.0000,0.0,0.0000,0,0.8718,0.1282,0.8718,34,34,39,0.1551,0.1551,1.2023,0.1282,0.2,0.2,0.6,0.8,0,0,0.5556,9,5,0.5403,0.1,0.0513,0.7179,0.0,0.2308,0.0,0.0,0.5556,0.0,0.0,0.0,0.9503,0.0,completed,,0.36,14.758622
3927,6.3186,3.0823,0,1.0,0.1667,15,7200,70,150.0,0.0,150.0,1.0,0.7778,0.0667,1,0,1,0.0667,0.0,0.0667,0,0.8667,0.1333,0.8667,13,13,15,0.0,0.0,0.0,0.1333,0.0,0.0,1.0,1.0,0,0,0.5,4,2,0.5469,0.1,0.1333,0.6,0.0667,0.2667,0.0,0.0,0.5,0.0,0.0,0.0,-0.0,0.0,enter_inner,obstacle,0.36,12.912252
3928,-9.389,-4.58,0,0.0,0.0,6,2880,70,150.0,0.0,150.0,1.0,0.0,0.0,0,0,0,0.0000,0.0,0.0000,0,1.0,0.0,1.0,6,6,6,0.0,0.0,0.0,0.0,0.0,0.0,0.0,0.0,0,0,1.0,1,1,0.4849,0.1,0.0,0.6667,0.0,0.1667,0.0,0.0,1.0,0.0,0.0,0.0,0.0,0.0,outer_patrol_a,road_edge,0.36,11.646412
3929,30.1104,14.688,0,3.0,0.5,23,11040,70,150.0,0.6337,150.6337,1.0,1.5217,0.1304,0,0,0,0.0000,0.0,0.0000,0,0.7826,0.2174,0.7826,18,18,23,0.2112,0.2112,0.9823,0.2174,0.2,0.2,0.6,0.8,0,0,0.7143,7,5,0.5961,0.1,0.1739,0.8261,0.1304,0.3043,0.0,0.0,0.7143,0.0,0.0,0.0,0.9503,0.0,return_outer,obstacle,0.36,12.129969
3930,86.0,53.1937,1,6.0,1.0,41,19680,41,137.5714,0.0,137.5714,0.5857,1.7073,0.1463,1,0,1,0.0244,0.0,0.0244,0,0.8293,0.1707,0.8293,34,34,41,0.0,0.0,0.0,0.1707,0.0,0.1429,0.8571,1.0,0,0,0.5,12,6,0.5803,0.1,0.1707,0.7561,0.0976,0.2927,0.0,0.0,0.5,0.0,0.0,0.0,0.4101,0.0,completed,,0.36,14.688288
3931,86.0,49.0641,1,6.0,1.0,43,20640,43,138.4286,2.4233,140.8519,0.6143,1.6279,0.1395,0,0,0,0.0000,0.0,0.0000,0,0.814,0.186,0.814,35,35,43,0.4847,0.4847,3.7561,0.186,0.375,0.125,0.5,0.625,0,0,0.7,20,14,0.5909,0.1,0.186,0.7674,0.093,0.4651,0.0,0.0,0.7,0.0,0.0,0.0,0.9743,0.0,completed,,0.36,14.873068
3932,86.0,53.1743,1,6.0,1.0,38,18240,38,136.2857,0.7906,137.0763,0.5429,1.8421,0.1579,1,0,1,0.0263,0.0,0.0263,0,0.8158,0.1842,0.8158,31,31,38,0.1581,0.1581,1.2254,0.1842,0.1429,0.0,0.8571,0.8571,0,0,0.7273,11,8,0.5574,0.1,0.1053,0.7895,0.0263,0.2895,0.0,0.0,0.7273,0.0,0.0,0.0,0.4101,0.0,completed,,0.36,13.64556
3933,86.0,52.0248,1,6.0,1.0,40,19200,40,137.1429,1.3599,138.5028,0.5714,1.75,0.15,0,0,0,0.0000,0.0,0.0000,0,0.8,0.2,0.8,32,32,40,0.272,0.272,2.1078,0.2,0.25,0.0,0.75,0.75,0,0,0.7333,15,11,0.5748,0.1,0.175,0.8,0.05,0.375,0.0,0.0,0.7333,0.0,0.0,0.0,0.5623,0.0,completed,,0.36,10.572753
3934,48.6861,23.7493,0,4.0,0.6667,27,12960,70,150.0,0.0,150.0,1.0,1.7284,0.1481,1,0,1,0.0370,0.0,0.0370,0,0.8519,0.1481,0.8519,23,23,27,0.0,0.0,0.0,0.1481,0.0,0.25,0.75,1.0,0,0,0.8889,9,8,0.5495,0.1,0.037,0.8148,0.0,0.3333,0.0,0.0,0.8889,0.0,0.0,0.0,0.5623,0.0,outer_patrol_b,road_edge,0.36,10.422187
3935,86.0,54.2247,1,6.0,1.0,35,16800,35,135.0,0.0,135.0,0.5,2.0,0.1714,1,0,1,0.0286,0.0,0.0286,0,0.8571,0.1429,0.8571,30,30,35,0.0,0.0,0.0,0.1429,0.0,0.0,1.0,1.0,0,0,0.9091,11,10,0.5442,0.1,0.0571,0.8286,0.0,0.3143,0.0,0.0,0.9091,0.0,0.0,0.0,-0.0,0.0,completed,,0.36,10.688819
3936,86.0,53.5479,1,6.0,1.0,40,19200,40,137.1429,0.0,137.1429,0.5714,1.75,0.15,1,0,1,0.0250,0.0,0.0250,0,0.8,0.2,0.8,32,32,40,0.0,0.0,0.0,0.2,0.0,0.125,0.875,1.0,0,0,0.6,15,9,0.5751,0.1,0.2,0.875,0.075,0.375,0.0,0.0,0.6,0.0,0.0,0.0,0.3768,0.0,completed,,0.36,17.776283
3937,86.0,48.2769,1,6.0,1.0,46,22080,46,139.7143,2.5744,142.2887,0.6571,1.5217,0.1304,1,0,1,0.0217,0.0,0.0217,0,0.8043,0.1957,0.8043,37,37,46,0.5149,0.5149,3.9903,0.1957,0.3333,0.2222,0.4444,0.6667,0,0,0.5333,15,8,0.6183,0.1,0.1957,0.7391,0.1739,0.3261,0.0,0.0,0.5333,0.0,0.0,0.0,1.0609,0.0,completed,,0.36,16.289088
3938,86.0,52.4089,1,6.0,1.0,37,17760,37,135.8571,0.6131,136.4703,0.5286,1.8919,0.1622,0,0,0,0.0000,0.0,0.0000,0,0.8378,0.1622,0.8378,31,31,37,0.1226,0.1226,0.9503,0.1622,0.1667,0.3333,0.5,0.8333,0,0,0.8182,11,9,0.5448,0.1,0.0811,0.8649,0.027,0.2973,0.0,0.0,0.8182,0.0,0.0,0.0,1.0114,0.0,completed,,0.36,13.414902
3939,86.0,52.7609,1,6.0,1.0,40,19200,40,137.1429,0.8896,138.0324,0.5714,1.75,0.15,0,0,0,0.0000,0.0,0.0000,0,0.825,0.175,0.825,33,33,40,0.1779,0.1779,1.3789,0.175,0.1429,0.0,0.8571,0.8571,0,0,0.5,10,5,0.5733,0.1,0.1,0.875,0.075,0.25,0.0,0.0,0.5,0.0,0.0,0.0,0.4101,0.0,completed,,0.36,14.007263
3940,86.0,53.7117,1,6.0,1.0,38,18240,38,136.2857,0.0,136.2857,0.5429,1.8421,0.1579,0,0,0,0.0000,0.0,0.0000,0,0.8158,0.1842,0.8158,31,31,38,0.0,0.0,0.0,0.1842,0.0,0.1429,0.8571,1.0,0,0,0.75,12,9,0.5702,0.1,0.1579,0.8158,0.0526,0.3158,0.0,0.0,0.75,0.0,0.0,0.0,0.4101,0.0,completed,,0.36,14.498611
3941,86.0,52.1574,1,6.0,1.0,37,17760,37,135.8571,0.7097,136.5669,0.5286,1.8919,0.1622,0,0,0,0.0000,0.0,0.0000,0,0.8649,0.1351,0.8649,32,32,37,0.1419,0.1419,1.1001,0.1351,0.2,0.0,0.8,0.8,0,0,0.8667,15,13,0.555,0.1,0.0541,0.7297,0.0,0.4054,0.0,0.0,0.8667,0.0,0.0,0.0,0.5004,0.0,completed,,0.36,15.355982
3942,86.0,52.9188,1,6.0,1.0,41,19680,41,137.5714,0.0,137.5714,0.5857,1.7073,0.1463,0,0,0,0.0000,0.0,0.0000,0,0.8293,0.1707,0.8537,34,35,41,0.0,0.0,0.0,0.1463,0.0,0.0,1.0,1.0,0,0,0.5625,16,9,0.5602,0.1,0.0976,0.7805,0.0244,0.3902,0.0,0.0,0.5625,0.0,0.0,0.0,-0.0,0.0,completed,,0.36,16.650837
3943,86.0,48.4609,1,6.0,1.0,44,21120,44,138.8571,2.4841,141.3413,0.6286,1.5909,0.1364,1,0,1,0.0227,0.0,0.0227,0,0.8409,0.1591,0.8409,37,37,44,0.4968,0.4968,3.8504,0.1591,0.4286,0.0,0.5714,0.5714,0,0,0.5714,14,8,0.5716,0.1,0.1818,0.8409,0.0455,0.3182,0.0,0.0,0.5714,0.0,0.0,0.0,0.6829,0.0,completed,,0.36,15.618196
3944,86.0,49.6576,1,6.0,1.0,43,20640,43,138.4286,1.5308,139.9594,0.6143,1.6279,0.1395,1,0,1,0.0233,0.0,0.0233,0,0.8372,0.1628,0.8605,36,37,43,0.3062,0.3062,2.3728,0.1395,0.3333,0.0,0.6667,0.6667,0,0,0.6667,15,10,0.5493,0.1,0.0465,0.814,0.0,0.3488,0.0,0.0,0.6667,0.0,0.0,0.0,0.6365,0.0,completed,,0.36,12.457895
3945,86.0,52.6277,1,6.0,1.0,39,18720,39,136.7143,0.6186,137.3329,0.5571,1.7949,0.1538,1,0,1,0.0256,0.0,0.0256,0,0.8205,0.1795,0.8205,32,32,39,0.1237,0.1237,0.9588,0.1795,0.1429,0.1429,0.7143,0.8571,0,0,0.6364,11,7,0.5515,0.1,0.1026,0.8718,0.0256,0.2821,0.0,0.0,0.6364,0.0,0.0,0.0,0.7963,0.0,completed,,0.36,13.983082
3946,58.837,28.701,0,5.0,0.8333,43,20640,70,150.0,2.3331,152.3331,1.0,1.3566,0.1163,1,0,1,0.0233,0.0,0.0233,0,0.7907,0.2093,0.8372,34,36,43,0.4666,0.4666,3.6164,0.1628,0.4286,0.0,0.5714,0.5714,0,0,0.6875,16,11,0.576,0.1,0.1395,0.8605,0.0465,0.3721,0.0,0.0,0.6875,0.0,0.0,0.0,0.6829,0.0,final_park,wall,0.36,15.921197
3947,86.0,50.792,1,6.0,1.0,41,19680,41,137.5714,1.5558,139.1272,0.5857,1.7073,0.1463,1,0,1,0.0244,0.0,0.0244,0,0.8049,0.1951,0.8049,33,33,41,0.3112,0.3112,2.4115,0.1951,0.25,0.125,0.625,0.75,0,0,0.7,10,7,0.5559,0.1,0.0732,0.7073,0.0244,0.2439,0.0,0.0,0.7,0.0,0.0,0.0,0.9003,0.0,completed,,0.36,17.555614
3948,86.0,51.6782,1,6.0,1.0,39,18720,39,136.7143,0.8388,137.5531,0.5571,1.7949,0.1538,0,0,0,0.0000,0.0,0.0000,0,0.8462,0.1538,0.8462,33,33,39,0.1678,0.1678,1.3002,0.1538,0.1667,0.1667,0.6667,0.8333,0,0,0.5,8,4,0.5419,0.1,0.0513,0.7436,0.0256,0.2051,0.0,0.0,0.5,0.0,0.0,0.0,0.8676,0.0,completed,,0.36,11.836442
3949,86.0,52.6276,1,6.0,1.0,39,18720,39,136.7143,0.0,136.7143,0.5571,1.7949,0.1538,0,0,0,0.0000,0.0,0.0000,0,0.8205,0.1795,0.8462,32,33,39,0.0,0.0,0.0,0.1538,0.0,0.1667,0.8333,1.0,0,0,0.6667,12,8,0.5462,0.1,0.0769,0.8718,0.0,0.3077,0.0,0.0,0.6667,0.0,0.0,0.0,0.4506,0.0,completed,,0.36,13.374112
3950,26.9654,13.1539,0,3.0,0.5,24,11520,70,150.0,0.7671,150.7671,1.0,1.4583,0.125,1,0,1,0.0417,0.0,0.0417,0,0.875,0.125,0.875,21,21,24,0.2557,0.2557,1.1889,0.125,0.3333,0.6667,0.0,0.6667,0,0,0.6667,9,6,0.5729,0.1,0.1667,0.9167,0.0417,0.375,0.0,0.0,0.6667,0.0,0.0,0.0,0.6365,0.0,return_outer,obstacle,0.36,11.614641
3951,86.0,51.9874,1,6.0,1.0,39,18720,39,136.7143,0.7988,137.513,0.5571,1.7949,0.1538,1,0,1,0.0256,0.0,0.0256,0,0.8718,0.1282,0.8718,34,34,39,0.1598,0.1598,1.2381,0.1282,0.2,0.0,0.8,0.8,0,0,0.6364,11,7,0.5391,0.1,0.0256,0.7692,0.0,0.2821,0.0,0.0,0.6364,0.0,0.0,0.0,0.5004,0.0,completed,,0.36,11.055349
3952,86.0,48.1554,1,6.0,1.0,43,20640,43,138.4286,2.936,141.3646,0.6143,1.6279,0.1395,0,0,0,0.0000,0.0,0.0000,0,0.814,0.186,0.814,35,35,43,0.5872,0.5872,4.5509,0.186,0.5,0.0,0.5,0.5,0,0,0.6875,16,11,0.566,0.1,0.1628,0.7209,0.0465,0.3721,0.0,0.0,0.6875,0.0,0.0,0.0,0.6931,0.0,completed,,0.36,13.396894
3953,86.0,53.3323,1,6.0,1.0,35,16800,35,135.0,0.0,135.0,0.5,2.0,0.1714,0,0,0,0.0000,0.0,0.0000,0,0.8286,0.1714,0.8571,29,30,35,0.0,0.0,0.0,0.1429,0.0,0.4,0.6,1.0,0,0,1.0,11,11,0.5387,0.1,0.0571,0.7429,0.0286,0.3143,0.0,0.0,1.0,0.0,0.0,0.0,0.673,0.0,completed,,0.36,14.705677
3954,0.902,0.44,0,0.0,0.0,12,5760,70,150.0,0.0,150.0,1.0,0.0,0.0,0,0,0,0.0000,0.0,0.0000,0,1.0,0.0,1.0,12,12,12,0.0,0.0,0.0,0.0,0.0,0.0,0.0,0.0,0,0,0.6667,3,2,0.5143,0.1,0.0,0.8333,0.0,0.25,0.0,0.0,0.6667,0.0,0.0,0.0,0.0,0.0,outer_patrol_a,road_edge,0.36,15.908917
3955,86.0,47.3574,1,6.0,1.0,43,20640,43,138.4286,3.0713,141.4998,0.6143,1.6279,0.1395,0,0,0,0.0000,0.0,0.0000,0,0.814,0.186,0.814,35,35,43,0.6143,0.6143,4.7605,0.186,0.5,0.25,0.25,0.5,0,0,0.75,16,12,0.5935,0.1,0.2093,0.8372,0.093,0.3721,0.0,0.0,0.75,0.0,0.0,0.0,1.0397,0.0,completed,,0.36,17.629775
3956,17.3848,8.4804,0,2.0,0.3333,15,7200,70,150.0,0.0,150.0,1.0,1.5556,0.1333,1,0,1,0.0667,0.0,0.0667,0,0.8,0.2,0.8,12,12,15,0.0,0.0,0.0,0.2,0.0,0.0,1.0,1.0,0,0,0.5,2,1,0.5456,0.1,0.1333,0.5333,0.0667,0.1333,0.0,0.0,0.5,0.0,0.0,0.0,-0.0,0.0,inner_patrol,obstacle,0.36,19.189054
3957,86.0,52.4478,1,6.0,1.0,41,19680,41,137.5714,0.6929,138.2643,0.5857,1.7073,0.1463,0,0,0,0.0000,0.0,0.0000,0,0.8293,0.1707,0.8293,34,34,41,0.1386,0.1386,1.0739,0.1707,0.1429,0.0,0.8571,0.8571,0,0,0.625,16,10,0.5783,0.1,0.1707,0.7805,0.0732,0.3902,0.0,0.0,0.625,0.0,0.0,0.0,0.4101,0.0,completed,,0.36,20.754187
3958,86.0,52.3739,1,6.0,1.0,40,19200,40,137.1429,0.6766,137.8194,0.5714,1.75,0.15,1,0,1,0.0250,0.0,0.0250,0,0.825,0.175,0.825,33,33,40,0.1353,0.1353,1.0487,0.175,0.1429,0.1429,0.7143,0.8571,0,0,0.7273,11,8,0.5637,0.1,0.125,0.8,0.05,0.275,0.0,0.0,0.7273,0.0,0.0,0.0,0.7963,0.0,completed,,0.36,17.665744
3959,29.33,14.3073,0,3.0,0.5,27,12960,70,150.0,0.0,150.0,1.0,1.2963,0.1111,1,0,1,0.0370,0.0,0.0370,0,0.8148,0.1852,0.8519,22,23,27,0.0,0.0,0.0,0.1481,0.0,0.25,0.75,1.0,0,0,0.3636,11,4,0.5707,0.1,0.1481,0.7778,0.037,0.4074,0.0,0.0,0.3636,0.0,0.0,0.0,0.5623,0.0,return_outer,obstacle,0.36,15.260785
3960,40.2379,19.6283,0,4.0,0.6667,30,14400,70,150.0,0.0,150.0,1.0,1.5556,0.1333,0,0,0,0.0000,0.0,0.0000,0,0.8,0.2,0.8333,24,25,30,0.0,0.0,0.0,0.1667,0.0,0.4,0.6,1.0,0,0,0.3333,12,4,0.6414,0.1,0.2667,0.8333,0.2333,0.4,0.0,0.0,0.3333,0.0,0.0,0.0,0.673,0.0,outer_patrol_b,road_edge,0.36,13.012388
3961,86.0,47.5118,1,6.0,1.0,43,20640,43,138.4286,2.8769,141.3054,0.6143,1.6279,0.1395,1,0,1,0.0233,0.0,0.0233,0,0.7674,0.2326,0.7674,33,33,43,0.5754,0.5754,4.4591,0.2326,0.4,0.3,0.3,0.6,0,0,0.7143,14,10,0.5743,0.1,0.1628,0.7209,0.0465,0.3256,0.0,0.0,0.7143,0.0,0.0,0.0,1.0889,0.0,completed,,0.36,15.207336
3962,31.5481,15.3893,0,3.0,0.5,23,11040,70,150.0,0.0,150.0,1.0,1.5217,0.1304,0,0,0,0.0000,0.0,0.0000,0,0.8261,0.1739,0.8261,19,19,23,0.0,0.0,0.0,0.1739,0.0,0.25,0.75,1.0,0,0,0.6667,6,4,0.5662,0.1,0.1304,0.7826,0.1304,0.2609,0.0,0.0,0.6667,0.0,0.0,0.0,0.5623,0.0,return_outer,obstacle,0.36,14.316799
3963,86.0,51.9041,1,6.0,1.0,38,18240,38,136.2857,0.8756,137.1613,0.5429,1.8421,0.1579,1,0,1,0.0263,0.0,0.0263,0,0.7895,0.2105,0.8158,30,31,38,0.1751,0.1751,1.3572,0.1842,0.1429,0.2857,0.5714,0.8571,0,0,0.9167,12,11,0.5561,0.1,0.0789,0.6842,0.0263,0.3158,0.0,0.0,0.9167,0.0,0.0,0.0,0.9557,0.0,completed,,0.36,17.087987
3964,86.0,50.2168,1,6.0,1.0,42,20160,42,138.0,1.6984,139.6984,0.6,1.6667,0.1429,0,0,0,0.0000,0.0,0.0000,0,0.8333,0.1667,0.8333,35,35,42,0.3397,0.3397,2.6325,0.1667,0.2857,0.1429,0.5714,0.7143,0,0,0.6471,17,11,0.5674,0.1,0.1667,0.8571,0.0476,0.4048,0.0,0.0,0.6471,0.0,0.0,0.0,0.9557,0.0,completed,,0.36,14.950365
3965,45.0795,21.99,0,4.0,0.6667,29,13920,70,150.0,2.1388,152.1388,1.0,1.6092,0.1379,0,0,0,0.0000,0.0,0.0000,0,0.8276,0.1724,0.8276,24,24,29,0.5347,0.5347,3.3151,0.1724,0.6,0.0,0.4,0.4,0,0,0.875,8,7,0.5397,0.1,0.0345,0.7586,0.0,0.2759,0.0,0.0,0.875,0.0,0.0,0.0,0.673,0.0,outer_patrol_b,road_edge,0.36,17.027034
3966,30.2156,14.7393,0,3.0,0.5,24,11520,70,150.0,0.0,150.0,1.0,1.4583,0.125,0,0,0,0.0000,0.0,0.0000,0,0.75,0.25,0.8333,18,20,24,0.0,0.0,0.0,0.1667,0.0,0.25,0.75,1.0,0,0,0.75,8,6,0.5974,0.1,0.125,0.8333,0.125,0.3333,0.0,0.0,0.75,0.0,0.0,0.0,0.5623,0.0,return_outer,obstacle,0.36,14.609587
3967,40.2673,19.6426,0,4.0,0.6667,24,11520,70,150.0,0.8192,150.8192,1.0,1.9444,0.1667,0,0,0,0.0000,0.0,0.0000,0,0.7917,0.2083,0.7917,19,19,24,0.2048,0.2048,1.2697,0.2083,0.2,0.2,0.6,0.8,0,0,0.9,10,9,0.5647,0.1,0.125,0.75,0.0,0.4167,0.0,0.0,0.9,0.0,0.0,0.0,0.9503,0.0,outer_patrol_b,road_edge,0.36,14.786261
3968,86.0,51.1179,1,6.0,1.0,40,19200,40,137.1429,0.841,137.9839,0.5714,1.75,0.15,0,0,0,0.0000,0.0,0.0000,0,0.85,0.15,0.875,34,35,40,0.1682,0.1682,1.3036,0.125,0.2,0.0,0.8,0.8,0,0,0.7333,15,11,0.5521,0.1,0.05,0.875,0.0,0.375,0.0,0.0,0.7333,0.0,0.0,0.0,0.5004,0.0,completed,,0.36,12.796485
3969,86.0,53.3955,1,6.0,1.0,37,17760,37,135.8571,0.0,135.8571,0.5286,1.8919,0.1622,0,0,0,0.0000,0.0,0.0000,0,0.8649,0.1351,0.8649,32,32,37,0.0,0.0,0.0,0.1351,0.0,0.2,0.8,1.0,0,0,0.8,10,8,0.541,0.1,0.0811,0.7838,0.0,0.2703,0.0,0.0,0.8,0.0,0.0,0.0,0.5004,0.0,completed,,0.36,14.144015
3970,14.1488,6.9019,0,2.0,0.3333,16,7680,70,150.0,0.0,150.0,1.0,1.4583,0.125,0,0,0,0.0000,0.0,0.0000,0,0.875,0.125,0.875,14,14,16,0.0,0.0,0.0,0.125,0.0,1.0,0.0,1.0,0,0,0.6667,3,2,0.5309,0.1,0.0625,0.5625,0.0625,0.1875,0.0,0.0,0.6667,0.0,0.0,0.0,-0.0,0.0,inner_patrol,obstacle,0.36,14.746754
3971,86.0,52.8169,1,6.0,1.0,43,20640,43,138.4286,0.0,138.4286,0.6143,1.6279,0.1395,0,0,0,0.0000,0.0,0.0000,0,0.8372,0.1628,0.8372,36,36,43,0.0,0.0,0.0,0.1628,0.0,0.0,1.0,1.0,0,0,0.6667,21,14,0.5829,0.1,0.1395,0.814,0.0698,0.4884,0.0,0.0,0.6667,0.0,0.0,0.0,-0.0,0.0,completed,,0.36,17.859934
3972,86.0,49.1657,1,6.0,1.0,39,18720,39,136.7143,2.9603,139.6746,0.5571,1.7949,0.1538,0,0,0,0.0000,0.0,0.0000,0,0.7949,0.2051,0.7949,31,31,39,0.5921,0.5921,4.5885,0.2051,0.5,0.0,0.5,0.5,0,0,0.9,10,9,0.5564,0.1,0.0769,0.641,0.0256,0.2564,0.0,0.0,0.9,0.0,0.0,0.0,0.6931,0.0,completed,,0.36,16.202908
3973,58.1235,28.3529,0,5.0,0.8333,43,20640,70,150.0,2.2279,152.2279,1.0,1.3566,0.1163,1,0,1,0.0233,0.0,0.0233,0,0.814,0.186,0.8372,35,36,43,0.4456,0.4456,3.4532,0.1628,0.4286,0.1429,0.4286,0.5714,0,0,0.6429,14,9,0.5766,0.1,0.1163,0.8605,0.0698,0.3256,0.0,0.0,0.6429,0.0,0.0,0.0,1.0042,0.0,final_park,wall,0.36,12.917165
3974,86.0,52.9156,1,6.0,1.0,38,18240,38,136.2857,0.0,136.2857,0.5429,1.8421,0.1579,0,0,0,0.0000,0.0,0.0000,0,0.8421,0.1579,0.8421,32,32,38,0.0,0.0,0.0,0.1579,0.0,0.1667,0.8333,1.0,0,0,0.4286,7,3,0.5449,0.1,0.0789,0.7895,0.0526,0.1842,0.0,0.0,0.4286,0.0,0.0,0.0,0.4506,0.0,completed,,0.36,14.184348
3975,86.0,53.5655,1,6.0,1.0,36,17280,36,135.4286,0.0,135.4286,0.5143,1.9444,0.1667,0,0,0,0.0000,0.0,0.0000,0,0.8333,0.1667,0.8611,30,31,36,0.0,0.0,0.0,0.1389,0.0,0.2,0.8,1.0,0,0,0.75,8,6,0.536,0.1,0.0278,0.8056,0.0,0.2222,0.0,0.0,0.75,0.0,0.0,0.0,0.5004,0.0,completed,,0.36,14.764507
3976,86.0,49.0643,1,6.0,1.0,41,19680,41,137.5714,2.447,140.0185,0.5857,1.7073,0.1463,1,0,1,0.0244,0.0,0.0244,0,0.7805,0.2195,0.7805,32,32,41,0.4894,0.4894,3.7929,0.2195,0.3333,0.2222,0.4444,0.6667,0,0,0.7143,14,10,0.5976,0.1,0.1951,0.7073,0.0976,0.3415,0.0,0.0,0.7143,0.0,0.0,0.0,1.0609,0.0,completed,,0.36,16.208643
3977,86.0,54.7028,1,6.0,1.0,35,16800,35,135.0,0.0,135.0,0.5,2.0,0.1714,0,0,0,0.0000,0.0,0.0000,0,0.8,0.2,0.8286,28,29,35,0.0,0.0,0.0,0.1714,0.0,0.0,1.0,1.0,0,0,0.9091,11,10,0.5579,0.1,0.0857,0.8571,0.0286,0.3143,0.0,0.0,0.9091,0.0,0.0,0.0,-0.0,0.0,completed,,0.36,17.954771
3978,86.0,51.5348,1,6.0,1.0,41,19680,41,137.5714,1.2075,138.779,0.5857,1.7073,0.1463,1,0,1,0.0244,0.0,0.0244,0,0.8049,0.1951,0.8293,33,34,41,0.2415,0.2415,1.8717,0.1707,0.2857,0.0,0.7143,0.7143,0,0,0.6,10,6,0.5554,0.1,0.1463,0.7073,0.0488,0.2439,0.0,0.0,0.6,0.0,0.0,0.0,0.5983,0.0,completed,,0.36,15.929592
3979,86.0,53.5727,1,6.0,1.0,37,17760,37,135.8571,0.0,135.8571,0.5286,1.8919,0.1622,1,0,1,0.0270,0.0,0.0270,0,0.8649,0.1351,0.8649,32,32,37,0.0,0.0,0.0,0.1351,0.0,0.0,1.0,1.0,0,0,0.8333,12,10,0.5446,0.1,0.1081,0.7838,0.0,0.3243,0.0,0.0,0.8333,0.0,0.0,0.0,-0.0,0.0,completed,,0.36,12.749635
3980,86.0,53.0144,1,6.0,1.0,36,17280,36,135.4286,0.7763,136.2048,0.5143,1.9444,0.1667,1,0,1,0.0278,0.0,0.0278,0,0.8333,0.1667,0.8333,30,30,36,0.1553,0.1553,1.2032,0.1667,0.1667,0.0,0.8333,0.8333,0,0,1.0,6,6,0.5405,0.1,0.0556,0.7222,0.0278,0.1667,0.0,0.0,1.0,0.0,0.0,0.0,0.4506,0.0,completed,,0.36,13.029006
3981,65.4778,31.9404,0,5.0,0.8333,40,19200,70,150.0,0.0,150.0,1.0,1.4583,0.125,0,0,0,0.0000,0.0,0.0000,0,0.85,0.15,0.85,34,34,40,0.0,0.0,0.0,0.15,0.0,0.3333,0.6667,1.0,0,0,0.6471,17,11,0.5557,0.1,0.1,0.85,0.0,0.425,0.0,0.0,0.6471,0.0,0.0,0.0,0.6365,0.0,final_park,wall,0.36,12.296434
3982,86.0,53.9329,1,6.0,1.0,40,19200,40,137.1429,0.0,137.1429,0.5714,1.75,0.15,1,0,1,0.0250,0.0,0.0250,0,0.825,0.175,0.825,33,33,40,0.0,0.0,0.0,0.175,0.0,0.0,1.0,1.0,0,0,0.4545,11,5,0.5654,0.1,0.15,0.8,0.05,0.275,0.0,0.0,0.4545,0.0,0.0,0.0,-0.0,0.0,completed,,0.36,11.80561
3983,43.2848,21.1145,0,4.0,0.6667,23,11040,70,150.0,0.0,150.0,1.0,2.029,0.1739,0,0,0,0.0000,0.0,0.0000,0,0.8261,0.1739,0.8261,19,19,23,0.0,0.0,0.0,0.1739,0.0,0.0,1.0,1.0,0,0,1.0,3,3,0.5315,0.1,0.0,0.8261,0.0,0.1304,0.0,0.0,1.0,0.0,0.0,0.0,-0.0,0.0,outer_patrol_b,road_edge,0.36,16.026301
3984,40.3848,19.6999,0,4.0,0.6667,37,17760,70,150.0,0.6462,150.6462,1.0,1.2613,0.1081,0,0,0,0.0000,0.0,0.0000,0,0.7838,0.2162,0.8378,29,31,37,0.1616,0.1616,1.0017,0.1622,0.1667,0.0,0.8333,0.8333,0,0,0.2,15,3,0.6791,0.1,0.3514,0.8108,0.3243,0.4054,0.0,0.0,0.2,0.0,0.0,0.0,0.4506,0.0,outer_patrol_b,road_edge,0.36,15.872212
3985,86.0,53.6736,1,6.0,1.0,39,18720,39,136.7143,0.7409,137.4552,0.5571,1.7949,0.1538,0,0,0,0.0000,0.0,0.0000,0,0.7692,0.2308,0.7692,30,30,39,0.1482,0.1482,1.1484,0.2308,0.1111,0.0,0.8889,0.8889,0,0,0.7692,13,10,0.5727,0.1,0.1795,0.8462,0.0769,0.3333,0.0,0.0,0.7692,0.0,0.0,0.0,0.3488,0.0,completed,,0.36,20.819778
3986,60.4232,29.4748,0,5.0,0.8333,45,21600,70,150.0,1.4146,151.4146,1.0,1.2963,0.1111,0,0,0,0.0000,0.0,0.0000,0,0.8,0.2,0.8444,36,38,45,0.2829,0.2829,2.1926,0.1556,0.2857,0.1429,0.5714,0.7143,0,0,0.5625,16,9,0.5857,0.1,0.2,0.8444,0.0889,0.3556,0.0,0.0,0.5625,0.0,0.0,0.0,0.9557,0.0,final_park,wall,0.36,19.014456
3987,3.772,1.84,0,0.0,0.0,12,5760,70,150.0,0.0,150.0,1.0,0.0,0.0,0,0,0,0.0000,0.0,0.0000,0,1.0,0.0,1.0,12,12,12,0.0,0.0,0.0,0.0,0.0,0.0,0.0,0.0,0,0,1.0,1,1,0.4962,0.1,0.0,0.5833,0.0,0.0833,0.0,0.0,1.0,0.0,0.0,0.0,0.0,0.0,outer_patrol_a,road_edge,0.36,18.155584
3988,86.0,53.4537,1,6.0,1.0,39,18720,39,136.7143,0.0,136.7143,0.5571,1.7949,0.1538,0,0,0,0.0000,0.0,0.0000,0,0.8205,0.1795,0.8205,32,32,39,0.0,0.0,0.0,0.1795,0.0,0.1429,0.8571,1.0,0,0,0.7143,14,10,0.5776,0.1,0.1538,0.7436,0.0769,0.359,0.0,0.0,0.7143,0.0,0.0,0.0,0.4101,0.0,completed,,0.36,17.309863
3989,15.738,7.6771,0,2.0,0.3333,15,7200,70,150.0,0.0,150.0,1.0,1.5556,0.1333,1,0,1,0.0667,0.0,0.0667,0,0.8,0.2,0.8667,12,13,15,0.0,0.0,0.0,0.1333,0.0,0.5,0.5,1.0,0,0,0.6,5,3,0.512,0.1,0.0667,0.7333,0.0,0.3333,0.0,0.0,0.6,0.0,0.0,0.0,0.6931,0.0,inner_patrol,obstacle,0.36,15.487102
3990,86.0,52.4575,1,6.0,1.0,39,18720,39,136.7143,0.0,136.7143,0.5571,1.7949,0.1538,0,0,0,0.0000,0.0,0.0000,0,0.8205,0.1795,0.8718,32,34,39,0.0,0.0,0.0,0.1282,0.0,0.2,0.8,1.0,0,0,0.6667,6,4,0.5398,0.1,0.0769,0.7179,0.0,0.1538,0.0,0.0,0.6667,0.0,0.0,0.0,0.5004,0.0,completed,,0.36,15.79364
3991,86.0,54.0527,1,6.0,1.0,36,17280,36,135.4286,0.0,135.4286,0.5143,1.9444,0.1667,0,0,0,0.0000,0.0,0.0000,0,0.8333,0.1667,0.8611,30,31,36,0.0,0.0,0.0,0.1389,0.0,0.0,1.0,1.0,0,0,0.9,10,9,0.5409,0.1,0.0556,0.75,0.0,0.2778,0.0,0.0,0.9,0.0,0.0,0.0,-0.0,0.0,completed,,0.36,12.968768
3992,86.0,50.8015,1,6.0,1.0,45,21600,45,139.2857,0.8652,140.1509,0.6429,1.5556,0.1333,1,0,1,0.0222,0.0,0.0222,0,0.8444,0.1556,0.8444,38,38,45,0.173,0.173,1.341,0.1556,0.1429,0.1429,0.7143,0.8571,0,0,0.4118,17,7,0.6059,0.1,0.2667,0.7111,0.1333,0.3778,0.0,0.0,0.4118,0.0,0.0,0.0,0.7963,0.0,completed,,0.36,11.938173
3993,2.5368,1.2374,0,1.0,0.1667,15,7200,70,150.0,0.6996,150.6996,1.0,0.7778,0.0667,0,0,0,0.0000,0.0,0.0000,0,0.8667,0.1333,0.8667,13,13,15,0.6996,0.6996,1.0844,0.1333,0.5,0.5,0.0,0.5,0,0,0.6,5,3,0.5492,0.1,0.1333,0.6,0.0667,0.3333,0.0,0.0,0.6,0.0,0.0,0.0,0.6931,0.0,enter_inner,obstacle,0.36,14.50741
3994,41.2189,20.1068,0,4.0,0.6667,27,12960,70,150.0,0.7515,150.7515,1.0,1.7284,0.1481,0,0,0,0.0000,0.0,0.0000,0,0.7778,0.2222,0.7778,21,21,27,0.1879,0.1879,1.1648,0.2222,0.1667,0.0,0.8333,0.8333,0,0,0.6,10,6,0.6073,0.1,0.1852,0.8889,0.1481,0.3704,0.0,0.0,0.6,0.0,0.0,0.0,0.4506,0.0,outer_patrol_b,road_edge,0.36,18.022089
3995,86.0,51.2822,1,6.0,1.0,41,19680,41,137.5714,1.6493,139.2208,0.5857,1.7073,0.1463,0,0,0,0.0000,0.0,0.0000,0,0.7805,0.2195,0.8049,32,33,41,0.3299,0.3299,2.5565,0.1951,0.25,0.0,0.75,0.75,0,0,0.7647,17,13,0.5947,0.1,0.1707,0.8293,0.122,0.4146,0.0,0.0,0.7647,0.0,0.0,0.0,0.5623,0.0,completed,,0.36,18.300417
3996,16.052,7.8303,0,2.0,0.3333,16,7680,70,150.0,0.0,150.0,1.0,1.4583,0.125,0,0,0,0.0000,0.0,0.0000,0,0.8125,0.1875,0.875,13,14,16,0.0,0.0,0.0,0.125,0.0,0.0,1.0,1.0,0,0,1.0,5,5,0.5224,0.1,0.0625,0.9375,0.0,0.3125,0.0,0.0,1.0,0.0,0.0,0.0,-0.0,0.0,inner_patrol,obstacle,0.36,18.868843
3997,3.725,1.8171,0,1.0,0.1667,17,8160,70,150.0,0.0,150.0,1.0,0.6863,0.0588,1,0,1,0.0588,0.0,0.0588,0,0.8235,0.1765,0.8824,14,15,17,0.0,0.0,0.0,0.1176,0.0,0.5,0.5,1.0,0,0,0.25,4,1,0.5466,0.1,0.1176,0.6471,0.0588,0.2353,0.0,0.0,0.25,0.0,0.0,0.0,0.6931,0.0,enter_inner,obstacle,0.36,16.960158
3998,34.0073,16.5889,0,4.0,0.6667,28,13440,70,150.0,1.6974,151.6974,1.0,1.6667,0.1429,1,0,1,0.0357,0.0,0.0357,0,0.8214,0.1786,0.8214,23,23,28,0.4243,0.4243,2.6309,0.1786,0.4,0.4,0.2,0.6,0,0,0.7,10,7,0.5689,0.1,0.2143,0.8571,0.0357,0.3571,0.0,0.0,0.7,0.0,0.0,0.0,1.0549,0.0,outer_patrol_b,road_edge,0.36,14.388752
3999,65.3918,31.8984,0,5.0,0.8333,39,18720,70,150.0,0.7291,150.7291,1.0,1.4957,0.1282,1,0,1,0.0256,0.0,0.0256,0,0.7949,0.2051,0.8205,31,32,39,0.1458,0.1458,1.1301,0.1795,0.1429,0.1429,0.7143,0.8571,0,0,0.7143,7,5,0.566,0.1,0.1026,0.641,0.0769,0.1795,0.0,0.0,0.7143,0.0,0.0,0.0,0.7963,0.0,final_park,wall,0.36,13.25541
4000,28.7465,14.0227,0,3.0,0.5,24,11520,70,150.0,0.6977,150.6977,1.0,1.4583,0.125,1,0,1,0.0417,0.0,0.0417,0,0.7917,0.2083,0.8333,19,20,24,0.2326,0.2326,1.0814,0.1667,0.25,0.25,0.5,0.75,0,0,1.0,8,8,0.5613,0.1,0.0417,0.7917,0.0417,0.3333,0.0,0.0,1.0,0.0,0.0,0.0,1.0397,0.0,return_outer,obstacle,0.36,15.855029
4001,86.0,53.4047,1,6.0,1.0,37,17760,37,135.8571,0.0,135.8571,0.5286,1.8919,0.1622,1,0,1,0.0270,0.0,0.0270,0,0.8378,0.1622,0.8649,31,32,37,0.0,0.0,0.0,0.1351,0.0,0.0,1.0,1.0,0,0,0.5,6,3,0.5356,0.1,0.0541,0.7568,0.027,0.1622,0.0,0.0,0.5,0.0,0.0,0.0,-0.0,0.0,completed,,0.36,17.255102
4002,4.0199,1.9609,0,1.0,0.1667,15,7200,70,150.0,0.0,150.0,1.0,0.7778,0.0667,0,0,0,0.0000,0.0,0.0000,0,0.8667,0.1333,0.9333,13,14,15,0.0,0.0,0.0,0.0667,0.0,1.0,0.0,1.0,0,0,0.75,4,3,0.5259,0.1,0.0667,0.6,0.0,0.2667,0.0,0.0,0.75,0.0,0.0,0.0,-0.0,0.0,enter_inner,obstacle,0.36,18.012093
4003,86.0,49.5296,1,6.0,1.0,43,20640,43,138.4286,1.7353,140.1639,0.6143,1.6279,0.1395,1,0,1,0.0233,0.0,0.0233,0,0.8372,0.1628,0.8372,36,36,43,0.3471,0.3471,2.6897,0.1628,0.2857,0.1429,0.5714,0.7143,0,0,0.5833,12,7,0.5628,0.1,0.1163,0.7442,0.0233,0.2791,0.0,0.0,0.5833,0.0,0.0,0.0,0.9557,0.0,completed,,0.36,16.402921
4004,86.0,51.6631,1,6.0,1.0,39,18720,39,136.7143,1.5028,138.2171,0.5571,1.7949,0.1538,0,0,0,0.0000,0.0,0.0000,0,0.8205,0.1795,0.8205,32,32,39,0.3006,0.3006,2.3294,0.1795,0.2857,0.0,0.7143,0.7143,0,0,0.8462,13,11,0.5656,0.1,0.1026,0.7436,0.0256,0.3333,0.0,0.0,0.8462,0.0,0.0,0.0,0.5983,0.0,completed,,0.36,17.687584
4005,5.9617,2.9081,0,1.0,0.1667,13,6240,70,150.0,0.0,150.0,1.0,0.8974,0.0769,0,0,0,0.0000,0.0,0.0000,0,0.9231,0.0769,0.9231,12,12,13,0.0,0.0,0.0,0.0769,0.0,0.0,1.0,1.0,0,0,0.8,5,4,0.519,0.1,0.0769,1.0,0.0,0.3846,0.0,0.0,0.8,0.0,0.0,0.0,-0.0,0.0,enter_inner,obstacle,0.36,16.262272
4006,86.0,51.1682,1,6.0,1.0,39,18720,39,136.7143,0.802,137.5163,0.5571,1.7949,0.1538,0,0,0,0.0000,0.0,0.0000,0,0.8205,0.1795,0.8462,32,33,39,0.1604,0.1604,1.243,0.1538,0.1667,0.3333,0.5,0.8333,0,0,0.8333,6,5,0.5478,0.1,0.0769,0.7436,0.0256,0.1538,0.0,0.0,0.8333,0.0,0.0,0.0,1.0114,0.0,completed,,0.36,16.706546
4007,86.0,51.304,1,6.0,1.0,41,19680,41,137.5714,0.6486,138.2201,0.5857,1.7073,0.1463,1,0,1,0.0244,0.0,0.0244,0,0.8293,0.1707,0.8293,34,34,41,0.1297,0.1297,1.0054,0.1707,0.1429,0.2857,0.5714,0.8571,0,0,0.6,15,9,0.5583,0.1,0.122,0.8293,0.0244,0.3659,0.0,0.0,0.6,0.0,0.0,0.0,0.9557,0.0,completed,,0.36,17.727554
4008,86.0,52.4815,1,6.0,1.0,37,17760,37,135.8571,0.7193,136.5765,0.5286,1.8919,0.1622,0,0,0,0.0000,0.0,0.0000,0,0.8108,0.1892,0.8378,30,31,37,0.1439,0.1439,1.1149,0.1622,0.1667,0.1667,0.6667,0.8333,0,0,0.9091,11,10,0.5413,0.1,0.0811,0.7838,0.0,0.2973,0.0,0.0,0.9091,0.0,0.0,0.0,0.8676,0.0,completed,,0.36,17.340088
4009,11.621,5.6688,0,2.0,0.3333,21,10080,70,150.0,0.6403,150.6403,1.0,1.1111,0.0952,1,0,1,0.0476,0.0,0.0476,0,0.8095,0.1905,0.8571,17,18,21,0.3201,0.3201,0.9924,0.1429,0.3333,0.0,0.6667,0.6667,0,0,0.5,6,3,0.5613,0.1,0.0952,0.6667,0.0476,0.2857,0.0,0.0,0.5,0.0,0.0,0.0,0.6365,0.0,inner_patrol,obstacle,0.36,15.833009
4010,24.1501,11.7805,0,2.0,0.3333,20,9600,70,150.0,0.0,150.0,1.0,1.1667,0.1,0,0,0,0.0000,0.0,0.0000,0,0.8,0.2,0.8,16,16,20,0.0,0.0,0.0,0.2,0.0,0.0,1.0,1.0,0,0,0.6667,9,6,0.5826,0.1,0.15,0.85,0.1,0.45,0.0,0.0,0.6667,0.0,0.0,0.0,-0.0,0.0,inner_patrol,obstacle,0.36,18.300091
4011,41.6177,20.3013,0,4.0,0.6667,24,11520,70,150.0,0.0,150.0,1.0,1.9444,0.1667,0,0,0,0.0000,0.0,0.0000,0,0.8333,0.1667,0.8333,20,20,24,0.0,0.0,0.0,0.1667,0.0,0.25,0.75,1.0,0,0,0.8,10,8,0.5584,0.1,0.125,0.8333,0.0,0.4167,0.0,0.0,0.8,0.0,0.0,0.0,0.5623,0.0,outer_patrol_b,road_edge,0.36,13.564119
4012,86.0,51.8869,1,6.0,1.0,41,19680,41,137.5714,0.7455,138.317,0.5857,1.7073,0.1463,0,0,0,0.0000,0.0,0.0000,0,0.8293,0.1707,0.8293,34,34,41,0.1491,0.1491,1.1556,0.1707,0.1429,0.1429,0.7143,0.8571,0,0,0.7059,17,12,0.5883,0.1,0.2195,0.7805,0.0732,0.4146,0.0,0.0,0.7059,0.0,0.0,0.0,0.7963,0.0,completed,,0.36,14.242497
4013,69.8389,34.0677,0,5.0,0.8333,38,18240,70,150.0,0.0,150.0,1.0,1.5351,0.1316,0,0,0,0.0000,0.0,0.0000,0,0.8158,0.1842,0.8158,31,31,38,0.0,0.0,0.0,0.1842,0.0,0.1429,0.8571,1.0,0,0,0.5833,12,7,0.5796,0.1,0.1053,0.7105,0.0526,0.3158,0.0,0.0,0.5833,0.0,0.0,0.0,0.4101,0.0,final_park,wall,0.36,10.069915
4014,86.0,52.6532,1,6.0,1.0,38,18240,38,136.2857,0.6795,136.9653,0.5429,1.8421,0.1579,0,0,0,0.0000,0.0,0.0000,0,0.7895,0.2105,0.8158,30,31,38,0.1359,0.1359,1.0533,0.1842,0.1429,0.1429,0.7143,0.8571,0,0,0.9167,12,11,0.5638,0.1,0.1053,0.8158,0.0526,0.3158,0.0,0.0,0.9167,0.0,0.0,0.0,0.7963,0.0,completed,,0.36,13.034999
4015,86.0,51.1444,1,6.0,1.0,41,19680,41,137.5714,1.4098,138.9812,0.5857,1.7073,0.1463,0,0,0,0.0000,0.0,0.0000,0,0.7561,0.2439,0.7805,31,32,41,0.282,0.282,2.1852,0.2195,0.2222,0.1111,0.6667,0.7778,0,0,0.75,16,12,0.556,0.1,0.1707,0.9024,0.0244,0.3902,0.0,0.0,0.75,0.0,0.0,0.0,0.8487,0.0,completed,,0.36,10.805894
4016,0.2255,0.11,0,0.0,0.0,13,6240,70,150.0,0.0,150.0,1.0,0.0,0.0,0,0,0,0.0000,0.0,0.0000,0,1.0,0.0,1.0,13,13,13,0.0,0.0,0.0,0.0,0.0,0.0,0.0,0.0,0,0,0.5,4,2,0.5151,0.1,0.0,0.6923,0.0,0.3077,0.0,0.0,0.5,0.0,0.0,0.0,0.0,0.0,outer_patrol_a,road_edge,0.36,12.67564
4017,86.0,53.3056,1,6.0,1.0,38,18240,38,136.2857,0.0,136.2857,0.5429,1.8421,0.1579,1,0,1,0.0263,0.0,0.0263,0,0.8421,0.1579,0.8421,32,32,38,0.0,0.0,0.0,0.1579,0.0,0.1667,0.8333,1.0,0,0,0.8889,9,8,0.5493,0.1,0.1053,0.7368,0.0263,0.2368,0.0,0.0,0.8889,0.0,0.0,0.0,0.4506,0.0,completed,,0.36,10.818347
4018,86.0,51.724,1,6.0,1.0,38,18240,38,136.2857,0.7911,137.0769,0.5429,1.8421,0.1579,1,0,1,0.0263,0.0,0.0263,0,0.8421,0.1579,0.8684,32,33,38,0.1582,0.1582,1.2263,0.1316,0.2,0.2,0.6,0.8,0,0,0.8462,13,11,0.5641,0.1,0.1053,0.7368,0.0263,0.3421,0.0,0.0,0.8462,0.0,0.0,0.0,0.9503,0.0,completed,,0.36,13.234847
4019,86.0,53.5423,1,6.0,1.0,35,16800,35,135.0,0.0,135.0,0.5,2.0,0.1714,0,0,0,0.0000,0.0,0.0000,0,0.8571,0.1429,0.8571,30,30,35,0.0,0.0,0.0,0.1429,0.0,0.4,0.6,1.0,0,0,0.9091,11,10,0.5407,0.1,0.0571,0.8,0.0,0.3143,0.0,0.0,0.9091,0.0,0.0,0.0,0.673,0.0,completed,,0.36,11.779734
4020,15.902,7.7571,0,2.0,0.3333,15,7200,70,150.0,0.0,150.0,1.0,1.5556,0.1333,1,0,1,0.0667,0.0,0.0667,0,0.8667,0.1333,0.8667,13,13,15,0.0,0.0,0.0,0.1333,0.0,0.5,0.5,1.0,0,0,0.75,4,3,0.5169,0.1,0.0667,0.8,0.0,0.2667,0.0,0.0,0.75,0.0,0.0,0.0,0.6931,0.0,inner_patrol,obstacle,0.36,11.683505
4021,86.0,52.0217,1,6.0,1.0,39,18720,39,136.7143,0.6051,137.3194,0.5571,1.7949,0.1538,0,0,0,0.0000,0.0,0.0000,0,0.8462,0.1538,0.8462,33,33,39,0.121,0.121,0.9379,0.1538,0.1667,0.0,0.8333,0.8333,0,0,0.8182,11,9,0.5405,0.1,0.1026,0.8205,0.0,0.2821,0.0,0.0,0.8182,0.0,0.0,0.0,0.4506,0.0,completed,,0.36,14.43559
4022,86.0,49.6863,1,6.0,1.0,40,19200,40,137.1429,2.4858,139.6287,0.5714,1.75,0.15,0,0,0,0.0000,0.0,0.0000,0,0.8,0.2,0.825,32,33,40,0.4972,0.4972,3.853,0.175,0.4286,0.0,0.5714,0.5714,0,0,0.9231,13,12,0.5608,0.1,0.15,0.775,0.025,0.325,0.0,0.0,0.9231,0.0,0.0,0.0,0.6829,0.0,completed,,0.36,15.140456
4023,86.0,53.6875,1,6.0,1.0,36,17280,36,135.4286,0.0,135.4286,0.5143,1.9444,0.1667,0,0,0,0.0000,0.0,0.0000,0,0.8611,0.1389,0.8611,31,31,36,0.0,0.0,0.0,0.1389,0.0,0.2,0.8,1.0,0,0,0.875,8,7,0.5376,0.1,0.0278,0.8056,0.0,0.2222,0.0,0.0,0.875,0.0,0.0,0.0,0.5004,0.0,completed,,0.36,16.552917
4024,86.0,53.2563,1,6.0,1.0,38,18240,38,136.2857,0.6996,136.9853,0.5429,1.8421,0.1579,1,0,1,0.0263,0.0,0.0263,0,0.7895,0.2105,0.7895,30,30,38,0.1399,0.1399,1.0843,0.2105,0.125,0.125,0.75,0.875,0,0,0.7692,13,10,0.5699,0.1,0.1579,0.8158,0.0526,0.3421,0.0,0.0,0.7692,0.0,0.0,0.0,0.7356,0.0,completed,,0.36,13.647821
4025,16.7285,8.1603,0,2.0,0.3333,15,7200,70,150.0,0.0,150.0,1.0,1.5556,0.1333,1,0,1,0.0667,0.0,0.0667,0,0.8,0.2,0.8667,12,13,15,0.0,0.0,0.0,0.1333,0.0,0.0,1.0,1.0,0,0,1.0,1,1,0.5029,0.1,0.0,0.7333,0.0,0.0667,0.0,0.0,1.0,0.0,0.0,0.0,-0.0,0.0,inner_patrol,obstacle,0.36,12.61838
4026,86.0,52.6175,1,6.0,1.0,39,18720,39,136.7143,0.0,136.7143,0.5571,1.7949,0.1538,0,0,0,0.0000,0.0,0.0000,0,0.8462,0.1538,0.8718,33,34,39,0.0,0.0,0.0,0.1282,0.0,0.2,0.8,1.0,0,0,0.6923,13,9,0.5507,0.1,0.0769,0.7949,0.0256,0.3333,0.0,0.0,0.6923,0.0,0.0,0.0,0.5004,0.0,completed,,0.36,13.831089
4027,-10.0,-4.99,0,0.0,0.0,7,3360,70,150.0,0.0,150.0,1.0,0.0,0.0,0,0,0,0.0000,0.0,0.0000,0,0.8571,0.1429,1.0,6,7,7,0.0,0.0,0.0,0.0,0.0,0.0,0.0,0.0,0,0,1.0,2,2,0.5032,0.1,0.0,0.8571,0.0,0.2857,0.0,0.0,1.0,0.0,0.0,0.0,0.0,0.0,outer_patrol_a,road_edge,0.36,13.643495
4028,86.0,49.6152,1,6.0,1.0,46,22080,46,139.7143,1.3368,141.0511,0.6571,1.5217,0.1304,0,0,0,0.0000,0.0,0.0000,0,0.8478,0.1522,0.8478,39,39,46,0.2674,0.2674,2.0721,0.1522,0.2857,0.1429,0.5714,0.7143,0,0,0.5,18,9,0.588,0.1,0.1957,0.8261,0.087,0.3913,0.0,0.0,0.5,0.0,0.0,0.0,0.9557,0.0,completed,,0.36,17.141062
4029,31.9237,15.5725,0,3.0,0.5,25,12000,70,150.0,0.0,150.0,1.0,1.4,0.12,1,0,1,0.0400,0.0,0.0400,0,0.84,0.16,0.84,21,21,25,0.0,0.0,0.0,0.16,0.0,0.0,1.0,1.0,0,0,0.4444,9,4,0.5741,0.1,0.12,0.88,0.04,0.36,0.0,0.0,0.4444,0.0,0.0,0.0,-0.0,0.0,return_outer,obstacle,0.36,18.860569
4030,41.3244,20.1583,0,4.0,0.6667,25,12000,70,150.0,0.0,150.0,1.0,1.8667,0.16,1,0,1,0.0400,0.0,0.0400,0,0.76,0.24,0.8,19,20,25,0.0,0.0,0.0,0.2,0.0,0.4,0.6,1.0,0,0,0.3333,3,1,0.5509,0.1,0.12,0.68,0.04,0.12,0.0,0.0,0.3333,0.0,0.0,0.0,0.673,0.0,outer_patrol_b,road_edge,0.36,16.040755
4031,-5.002,-2.44,0,0.0,0.0,8,3840,70,150.0,0.0,150.0,1.0,0.0,0.0,1,0,1,0.1250,0.0,0.1250,0,1.0,0.0,1.0,8,8,8,0.0,0.0,0.0,0.0,0.0,0.0,0.0,0.0,0,0,1.0,2,2,0.4905,0.1,0.0,0.875,0.0,0.25,0.0,0.0,1.0,0.0,0.0,0.0,0.0,0.0,outer_patrol_a,road_edge,0.36,18.256748
4032,86.0,53.5744,1,6.0,1.0,39,18720,39,136.7143,0.6744,137.3887,0.5571,1.7949,0.1538,1,0,1,0.0256,0.0,0.0256,0,0.8205,0.1795,0.8205,32,32,39,0.1349,0.1349,1.0454,0.1795,0.1429,0.0,0.8571,0.8571,0,0,0.7333,15,11,0.5891,0.1,0.1538,0.8718,0.1026,0.3846,0.0,0.0,0.7333,0.0,0.0,0.0,0.4101,0.0,completed,,0.36,18.269291
4033,32.7311,15.9664,0,3.0,0.5,22,10560,70,150.0,0.0,150.0,1.0,1.5909,0.1364,0,0,0,0.0000,0.0,0.0000,0,0.8182,0.1818,0.8636,18,19,22,0.0,0.0,0.0,0.1364,0.0,0.0,1.0,1.0,0,0,0.8,5,4,0.5446,0.1,0.0455,1.0,0.0,0.2273,0.0,0.0,0.8,0.0,0.0,0.0,-0.0,0.0,return_outer,obstacle,0.36,21.207762
4034,86.0,50.4535,1,6.0,1.0,41,19680,41,137.5714,2.2516,139.823,0.5857,1.7073,0.1463,0,0,0,0.0000,0.0,0.0000,0,0.8049,0.1951,0.8049,33,33,41,0.4503,0.4503,3.49,0.1951,0.375,0.0,0.625,0.625,0,0,0.7143,14,10,0.5758,0.1,0.1707,0.8049,0.0488,0.3415,0.0,0.0,0.7143,0.0,0.0,0.0,0.6616,0.0,completed,,0.36,22.487826
4035,86.0,54.2327,1,6.0,1.0,35,16800,35,135.0,0.0,135.0,0.5,2.0,0.1714,1,0,1,0.0286,0.0,0.0286,0,0.8571,0.1429,0.8571,30,30,35,0.0,0.0,0.0,0.1429,0.0,0.0,1.0,1.0,0,0,0.8333,6,5,0.5228,0.1,0.0,0.9143,0.0,0.1714,0.0,0.0,0.8333,0.0,0.0,0.0,-0.0,0.0,completed,,0.36,23.844343
4036,86.0,52.5587,1,6.0,1.0,41,19680,41,137.5714,0.8576,138.429,0.5857,1.7073,0.1463,1,0,1,0.0244,0.0,0.0244,0,0.8049,0.1951,0.8049,33,33,41,0.1715,0.1715,1.3292,0.1951,0.125,0.0,0.875,0.875,0,0,0.6364,11,7,0.5786,0.1,0.1707,0.6829,0.0732,0.2683,0.0,0.0,0.6364,0.0,0.0,0.0,0.3768,0.0,completed,,0.36,20.67917
4037,86.0,52.5736,1,6.0,1.0,40,19200,40,137.1429,0.0,137.1429,0.5714,1.75,0.15,0,0,0,0.0000,0.0,0.0000,0,0.825,0.175,0.85,33,34,40,0.0,0.0,0.0,0.15,0.0,0.1667,0.8333,1.0,0,0,0.5,10,5,0.5569,0.1,0.075,0.725,0.025,0.25,0.0,0.0,0.5,0.0,0.0,0.0,0.4506,0.0,completed,,0.36,12.854153
4038,86.0,49.073,1,6.0,1.0,41,19680,41,137.5714,2.4124,139.9838,0.5857,1.7073,0.1463,0,0,0,0.0000,0.0,0.0000,0,0.8049,0.1951,0.8049,33,33,41,0.4825,0.4825,3.7392,0.1951,0.375,0.125,0.5,0.625,0,0,0.75,12,9,0.5556,0.1,0.0976,0.7561,0.0244,0.2927,0.0,0.0,0.75,0.0,0.0,0.0,0.9743,0.0,completed,,0.36,13.636476
4039,86.0,54.7288,1,6.0,1.0,36,17280,36,135.4286,0.0,135.4286,0.5143,1.9444,0.1667,1,0,1,0.0278,0.0,0.0278,0,0.8333,0.1667,0.8333,30,30,36,0.0,0.0,0.0,0.1667,0.0,0.0,1.0,1.0,0,0,0.8462,13,11,0.5634,0.1,0.1111,0.8333,0.0278,0.3611,0.0,0.0,0.8462,0.0,0.0,0.0,-0.0,0.0,completed,,0.36,14.587213
4040,86.0,50.4275,1,6.0,1.0,40,19200,40,137.1429,1.3328,138.4757,0.5714,1.75,0.15,0,0,0,0.0000,0.0,0.0000,0,0.8,0.2,0.825,32,33,40,0.2666,0.2666,2.0659,0.175,0.2857,0.1429,0.5714,0.7143,0,0,0.7692,13,10,0.5557,0.1,0.1,0.825,0.025,0.325,0.0,0.0,0.7692,0.0,0.0,0.0,0.9557,0.0,completed,,0.36,15.963639
4041,86.0,52.3936,1,6.0,1.0,41,19680,41,137.5714,0.0,137.5714,0.5857,1.7073,0.1463,0,0,0,0.0000,0.0,0.0000,0,0.8293,0.1707,0.8537,34,35,41,0.0,0.0,0.0,0.1463,0.0,0.1667,0.8333,1.0,0,0,0.5455,11,6,0.5591,0.1,0.0488,0.7561,0.0488,0.2683,0.0,0.0,0.5455,0.0,0.0,0.0,0.4506,0.0,completed,,0.36,13.800575
4042,44.2805,21.6003,0,4.0,0.6667,25,12000,70,150.0,0.0,150.0,1.0,1.8667,0.16,0,0,0,0.0000,0.0,0.0000,0,0.8,0.2,0.8,20,20,25,0.0,0.0,0.0,0.2,0.0,0.4,0.6,1.0,0,0,0.8571,7,6,0.5679,0.1,0.12,0.88,0.08,0.28,0.0,0.0,0.8571,0.0,0.0,0.0,0.673,0.0,outer_patrol_b,road_edge,0.36,15.406464
4043,86.0,49.0951,1,6.0,1.0,42,20160,42,138.0,2.4872,140.4872,0.6,1.6667,0.1429,1,0,1,0.0238,0.0,0.0238,0,0.8095,0.1905,0.8095,34,34,42,0.4974,0.4974,3.8551,0.1905,0.375,0.125,0.5,0.625,0,0,0.7222,18,13,0.5941,0.1,0.1905,0.881,0.0952,0.4286,0.0,0.0,0.7222,0.0,0.0,0.0,0.9743,0.0,completed,,0.36,13.901719
4044,86.0,53.2516,1,6.0,1.0,39,18720,39,136.7143,0.0,136.7143,0.5571,1.7949,0.1538,0,0,0,0.0000,0.0,0.0000,0,0.8462,0.1538,0.8462,33,33,39,0.0,0.0,0.0,0.1538,0.0,0.1667,0.8333,1.0,0,0,0.7,10,7,0.556,0.1,0.0513,0.7692,0.0256,0.2564,0.0,0.0,0.7,0.0,0.0,0.0,0.4506,0.0,completed,,0.36,14.880585
4045,86.0,52.5495,1,6.0,1.0,38,18240,38,136.2857,0.0,136.2857,0.5429,1.8421,0.1579,1,0,1,0.0263,0.0,0.0263,0,0.8421,0.1579,0.8684,32,33,38,0.0,0.0,0.0,0.1316,0.0,0.2,0.8,1.0,0,0,0.8,10,8,0.5455,0.1,0.0526,0.7632,0.0263,0.2632,0.0,0.0,0.8,0.0,0.0,0.0,0.5004,0.0,completed,,0.36,15.991243
4046,86.0,54.3827,1,6.0,1.0,35,16800,35,135.0,0.0,135.0,0.5,2.0,0.1714,1,0,1,0.0286,0.0,0.0286,0,0.8286,0.1714,0.8571,29,30,35,0.0,0.0,0.0,0.1429,0.0,0.0,1.0,1.0,0,0,1.0,4,4,0.5322,0.1,0.0286,0.7143,0.0,0.1143,0.0,0.0,1.0,0.0,0.0,0.0,-0.0,0.0,completed,,0.36,16.181244
4047,10.3081,5.0283,0,2.0,0.3333,16,7680,70,150.0,1.7061,151.7061,1.0,1.4583,0.125,0,0,0,0.0000,0.0,0.0000,0,0.8125,0.1875,0.8125,13,13,16,0.8531,0.8531,2.6445,0.1875,0.6667,0.3333,0.0,0.3333,0,0,1.0,4,4,0.5852,0.1,0.1875,0.875,0.125,0.25,0.0,0.0,1.0,0.0,0.0,0.0,0.6365,0.0,inner_patrol,obstacle,0.36,14.146012
4048,86.0,51.6773,1,6.0,1.0,44,21120,44,138.8571,0.808,139.6652,0.6286,1.5909,0.1364,0,0,0,0.0000,0.0,0.0000,0,0.7955,0.2045,0.8409,35,37,44,0.1616,0.1616,1.2525,0.1591,0.1429,0.0,0.8571,0.8571,0,0,0.5556,18,10,0.5969,0.1,0.1818,0.8182,0.1136,0.4091,0.0,0.0,0.5556,0.0,0.0,0.0,0.4101,0.0,completed,,0.36,14.760157
4049,86.0,48.8048,1,6.0,1.0,52,24960,52,142.2857,1.667,143.9527,0.7429,1.3462,0.1154,1,0,1,0.0192,0.0,0.0192,0,0.8269,0.1731,0.8462,43,44,52,0.3334,0.3334,2.5838,0.1538,0.25,0.0,0.75,0.75,0,0,0.381,21,8,0.6119,0.1,0.25,0.7692,0.1538,0.4038,0.0,0.0,0.381,0.0,0.0,0.0,0.5623,0.0,completed,,0.36,18.048818
4050,86.0,51.3326,1,6.0,1.0,43,20640,43,138.4286,0.6851,139.1137,0.6143,1.6279,0.1395,0,0,0,0.0000,0.0,0.0000,0,0.814,0.186,0.8372,35,36,43,0.137,0.137,1.062,0.1628,0.1429,0.1429,0.7143,0.8571,0,0,0.7059,17,12,0.5824,0.1,0.2093,0.7674,0.0465,0.3953,0.0,0.0,0.7059,0.0,0.0,0.0,0.7963,0.0,completed,,0.36,19.184702
4051,86.0,47.9218,1,6.0,1.0,48,23040,48,140.5714,2.5147,143.0862,0.6857,1.4583,0.125,1,0,1,0.0208,0.0,0.0208,0,0.75,0.25,0.8125,36,39,48,0.5029,0.5029,3.8978,0.1875,0.3333,0.0,0.6667,0.6667,0,0,0.4706,17,8,0.6,0.1,0.2292,0.8958,0.125,0.3542,0.0,0.0,0.4706,0.0,0.0,0.0,0.6365,0.0,completed,,0.36,15.70435
4052,86.0,51.5876,1,6.0,1.0,40,19200,40,137.1429,0.8438,137.9866,0.5714,1.75,0.15,1,0,1,0.0250,0.0,0.0250,0,0.875,0.125,0.875,35,35,40,0.1688,0.1688,1.3078,0.125,0.2,0.0,0.8,0.8,0,0,0.6667,12,8,0.5525,0.1,0.075,0.75,0.0,0.3,0.0,0.0,0.6667,0.0,0.0,0.0,0.5004,0.0,completed,,0.36,13.235661
4053,3.889,1.8971,0,1.0,0.1667,17,8160,70,150.0,0.0,150.0,1.0,0.6863,0.0588,0,0,0,0.0000,0.0,0.0000,0,0.8824,0.1176,0.8824,15,15,17,0.0,0.0,0.0,0.1176,0.0,0.5,0.5,1.0,0,0,0.1667,6,1,0.563,0.1,0.1176,0.5882,0.1176,0.3529,0.0,0.0,0.1667,0.0,0.0,0.0,0.6931,0.0,enter_inner,obstacle,0.36,13.141225
4054,86.0,54.2236,1,6.0,1.0,35,16800,35,135.0,0.0,135.0,0.5,2.0,0.1714,1,0,1,0.0286,0.0,0.0286,0,0.8286,0.1714,0.8286,29,29,35,0.0,0.0,0.0,0.1714,0.0,0.1667,0.8333,1.0,0,0,0.8889,9,8,0.5537,0.1,0.0857,0.7429,0.0286,0.2571,0.0,0.0,0.8889,0.0,0.0,0.0,0.4506,0.0,completed,,0.36,17.252829
4055,86.0,53.1066,1,6.0,1.0,38,18240,38,136.2857,0.7775,137.0632,0.5429,1.8421,0.1579,0,0,0,0.0000,0.0,0.0000,0,0.8158,0.1842,0.8158,31,31,38,0.1555,0.1555,1.2051,0.1842,0.1429,0.0,0.8571,0.8571,0,0,0.8462,13,11,0.5619,0.1,0.1053,0.7895,0.0526,0.3421,0.0,0.0,0.8462,0.0,0.0,0.0,0.4101,0.0,completed,,0.36,19.786736
4056,3.1794,1.5509,0,1.0,0.1667,16,7680,70,150.0,0.0,150.0,1.0,0.7292,0.0625,0,0,0,0.0000,0.0,0.0000,0,0.8125,0.1875,0.9375,13,15,16,0.0,0.0,0.0,0.0625,0.0,1.0,0.0,1.0,0,0,1.0,2,2,0.5188,0.1,0.0,0.625,0.0,0.125,0.0,0.0,1.0,0.0,0.0,0.0,-0.0,0.0,enter_inner,obstacle,0.36,21.09834
4057,86.0,48.9355,1,6.0,1.0,45,21600,45,139.2857,2.4969,141.7826,0.6429,1.5556,0.1333,1,0,1,0.0222,0.0,0.0222,0,0.7111,0.2889,0.7556,32,34,45,0.4994,0.4994,3.8702,0.2222,0.3,0.0,0.7,0.7,0,0,0.6471,17,11,0.5675,0.1,0.1556,0.8444,0.0444,0.3778,0.0,0.0,0.6471,0.0,0.0,0.0,0.6109,0.0,completed,,0.36,15.054637
4058,4.6087,2.2481,0,1.0,0.1667,15,7200,70,150.0,0.0,150.0,1.0,0.7778,0.0667,0,0,0,0.0000,0.0,0.0000,0,0.9333,0.0667,0.9333,14,14,15,0.0,0.0,0.0,0.0667,0.0,0.0,1.0,1.0,0,0,0.5,4,2,0.5236,0.1,0.0667,0.7333,0.0667,0.2667,0.0,0.0,0.5,0.0,0.0,0.0,-0.0,0.0,enter_inner,obstacle,0.36,13.222962
4059,64.7688,31.5946,0,4.0,0.6667,35,16800,70,150.0,0.7947,150.7947,1.0,1.3333,0.1143,1,0,1,0.0286,0.0,0.0286,0,0.8286,0.1714,0.8286,29,29,35,0.1987,0.1987,1.2318,0.1714,0.1667,0.1667,0.6667,0.8333,0,0,0.9,10,9,0.5545,0.1,0.1143,0.7429,0.0571,0.2857,0.0,0.0,0.9,0.0,0.0,0.0,0.8676,0.0,outer_patrol_b,road_edge,0.36,12.345483
4060,16.9171,8.2523,0,2.0,0.3333,14,6720,70,150.0,0.0,150.0,1.0,1.6667,0.1429,0,0,0,0.0000,0.0,0.0000,0,0.8571,0.1429,0.8571,12,12,14,0.0,0.0,0.0,0.1429,0.0,0.0,1.0,1.0,0,0,1.0,2,2,0.5366,0.1,0.0714,0.7857,0.0714,0.1429,0.0,0.0,1.0,0.0,0.0,0.0,-0.0,0.0,inner_patrol,obstacle,0.36,11.829816
4061,86.0,52.8078,1,6.0,1.0,37,17760,37,135.8571,0.6696,136.5267,0.5286,1.8919,0.1622,0,0,0,0.0000,0.0,0.0000,0,0.8378,0.1622,0.8378,31,31,37,0.1339,0.1339,1.0378,0.1622,0.1667,0.0,0.8333,0.8333,0,0,1.0,5,5,0.5385,0.1,0.1081,0.7568,0.027,0.1351,0.0,0.0,1.0,0.0,0.0,0.0,0.4506,0.0,completed,,0.36,12.914036
4062,31.1666,15.2032,0,3.0,0.5,22,10560,70,150.0,0.0,150.0,1.0,1.5909,0.1364,0,0,0,0.0000,0.0,0.0000,0,0.8636,0.1364,0.8636,19,19,22,0.0,0.0,0.0,0.1364,0.0,0.3333,0.6667,1.0,0,0,0.3333,3,1,0.5347,0.1,0.1364,0.8636,0.0,0.1364,0.0,0.0,0.3333,0.0,0.0,0.0,0.6365,0.0,return_outer,obstacle,0.36,14.782073
4063,4.8604,2.3709,0,1.0,0.1667,14,6720,70,150.0,0.0,150.0,1.0,0.8333,0.0714,0,0,0,0.0000,0.0,0.0000,0,0.9286,0.0714,0.9286,13,13,14,0.0,0.0,0.0,0.0714,0.0,1.0,0.0,1.0,0,0,0.6,5,3,0.5104,0.1,0.0714,0.7143,0.0,0.3571,0.0,0.0,0.6,0.0,0.0,0.0,-0.0,0.0,enter_inner,obstacle,0.36,13.624661
4064,24.3811,11.8932,0,2.0,0.3333,21,10080,70,150.0,0.0,150.0,1.0,1.1111,0.0952,1,0,1,0.0476,0.0,0.0476,0,0.8571,0.1429,0.8571,18,18,21,0.0,0.0,0.0,0.1429,0.0,0.3333,0.6667,1.0,0,0,0.6,5,3,0.5484,0.1,0.0952,0.6667,0.0476,0.2381,0.0,0.0,0.6,0.0,0.0,0.0,0.6365,0.0,inner_patrol,obstacle,0.36,12.503531
4065,26.343,12.8503,0,2.0,0.3333,18,8640,70,150.0,0.0,150.0,1.0,1.2963,0.1111,0,0,0,0.0000,0.0,0.0000,0,0.8889,0.1111,0.8889,16,16,18,0.0,0.0,0.0,0.1111,0.0,0.0,1.0,1.0,0,0,0.875,8,7,0.5446,0.1,0.0556,0.8889,0.0,0.4444,0.0,0.0,0.875,0.0,0.0,0.0,-0.0,0.0,inner_patrol,obstacle,0.36,12.869864
4066,43.6953,21.3148,0,4.0,0.6667,26,12480,70,150.0,0.0,150.0,1.0,1.7949,0.1538,0,0,0,0.0000,0.0,0.0000,0,0.7692,0.2308,0.7692,20,20,26,0.0,0.0,0.0,0.2308,0.0,0.0,1.0,1.0,0,0,0.4286,7,3,0.5817,0.1,0.2308,0.7692,0.1154,0.2692,0.0,0.0,0.4286,0.0,0.0,0.0,-0.0,0.0,outer_patrol_b,road_edge,0.36,10.554976
4067,6.6876,3.2623,0,1.0,0.1667,14,6720,70,150.0,0.0,150.0,1.0,0.8333,0.0714,0,0,0,0.0000,0.0,0.0000,0,0.8571,0.1429,0.8571,12,12,14,0.0,0.0,0.0,0.1429,0.0,0.0,1.0,1.0,0,0,0.8571,7,6,0.5377,0.1,0.0714,0.7857,0.0,0.5,0.0,0.0,0.8571,0.0,0.0,0.0,-0.0,0.0,enter_inner,obstacle,0.36,11.479551
4068,61.3882,29.9455,0,4.0,0.6667,35,16800,70,150.0,0.0,150.0,1.0,1.3333,0.1143,1,0,1,0.0286,0.0,0.0286,0,0.8286,0.1714,0.8571,29,30,35,0.0,0.0,0.0,0.1429,0.0,0.2,0.8,1.0,0,0,0.3333,6,2,0.5535,0.1,0.0857,0.7143,0.0286,0.1714,0.0,0.0,0.3333,0.0,0.0,0.0,0.5004,0.0,outer_patrol_b,road_edge,0.36,12.855533
4069,86.0,53.1895,1,6.0,1.0,35,16800,35,135.0,0.7154,135.7154,0.5,2.0,0.1714,1,0,1,0.0286,0.0,0.0286,0,0.8286,0.1714,0.8286,29,29,35,0.1431,0.1431,1.1089,0.1714,0.1667,0.1667,0.6667,0.8333,0,0,1.0,9,9,0.5598,0.1,0.0857,0.7714,0.0571,0.2571,0.0,0.0,1.0,0.0,0.0,0.0,0.8676,0.0,completed,,0.36,14.938846
4070,86.0,54.5427,1,6.0,1.0,35,16800,35,135.0,0.0,135.0,0.5,2.0,0.1714,1,0,1,0.0286,0.0,0.0286,0,0.8571,0.1429,0.8571,30,30,35,0.0,0.0,0.0,0.1429,0.0,0.0,1.0,1.0,0,0,0.8889,9,8,0.5351,0.1,0.0571,0.8,0.0,0.2571,0.0,0.0,0.8889,0.0,0.0,0.0,-0.0,0.0,completed,,0.36,17.160283
4071,-2.8085,-1.37,0,0.0,0.0,9,4320,70,150.0,0.0,150.0,1.0,0.0,0.0,0,0,0,0.0000,0.0,0.0000,0,1.0,0.0,1.0,9,9,9,0.0,0.0,0.0,0.0,0.0,0.0,0.0,0.0,0,0,0.5,2,1,0.5086,0.1,0.0,0.7778,0.0,0.2222,0.0,0.0,0.5,0.0,0.0,0.0,0.0,0.0,outer_patrol_a,road_edge,0.36,17.580256
4072,86.0,52.8055,1,6.0,1.0,38,18240,38,136.2857,0.6574,136.9431,0.5429,1.8421,0.1579,0,0,0,0.0000,0.0,0.0000,0,0.8158,0.1842,0.8158,31,31,38,0.1315,0.1315,1.019,0.1842,0.1429,0.1429,0.7143,0.8571,0,0,0.875,8,7,0.5597,0.1,0.1316,0.8421,0.0789,0.2105,0.0,0.0,0.875,0.0,0.0,0.0,0.7963,0.0,completed,,0.36,16.618231
4073,4.8604,2.3709,0,1.0,0.1667,14,6720,70,150.0,0.0,150.0,1.0,0.8333,0.0714,0,0,0,0.0000,0.0,0.0000,0,0.9286,0.0714,0.9286,13,13,14,0.0,0.0,0.0,0.0714,0.0,1.0,0.0,1.0,0,0,0.6,5,3,0.5429,0.1,0.0714,0.7143,0.0714,0.3571,0.0,0.0,0.6,0.0,0.0,0.0,-0.0,0.0,enter_inner,obstacle,0.36,15.9324
4074,86.0,49.1823,1,6.0,1.0,43,20640,43,138.4286,2.3272,140.7558,0.6143,1.6279,0.1395,0,0,0,0.0000,0.0,0.0000,0,0.814,0.186,0.814,35,35,43,0.4654,0.4654,3.6072,0.186,0.375,0.0,0.625,0.625,0,0,0.7143,14,10,0.5696,0.1,0.186,0.8837,0.0698,0.3256,0.0,0.0,0.7143,0.0,0.0,0.0,0.6616,0.0,completed,,0.36,16.971351
4075,86.0,54.5788,1,6.0,1.0,36,17280,36,135.4286,0.0,135.4286,0.5143,1.9444,0.1667,0,0,0,0.0000,0.0,0.0000,0,0.8333,0.1667,0.8333,30,30,36,0.0,0.0,0.0,0.1667,0.0,0.0,1.0,1.0,0,0,0.9091,11,10,0.5478,0.1,0.0556,0.7778,0.0,0.3056,0.0,0.0,0.9091,0.0,0.0,0.0,-0.0,0.0,completed,,0.36,18.188566
4076,31.8704,15.5465,0,3.0,0.5,24,11520,70,150.0,0.0,150.0,1.0,1.4583,0.125,1,0,1,0.0417,0.0,0.0417,0,0.7917,0.2083,0.8333,19,20,24,0.0,0.0,0.0,0.1667,0.0,0.0,1.0,1.0,0,0,0.625,8,5,0.558,0.1,0.0833,0.7917,0.0417,0.3333,0.0,0.0,0.625,0.0,0.0,0.0,-0.0,0.0,return_outer,obstacle,0.36,17.278047
4077,86.0,53.5527,1,6.0,1.0,38,18240,38,136.2857,0.0,136.2857,0.5429,1.8421,0.1579,1,0,1,0.0263,0.0,0.0263,0,0.8684,0.1316,0.8684,33,33,38,0.0,0.0,0.0,0.1316,0.0,0.0,1.0,1.0,0,0,0.6923,13,9,0.5533,0.1,0.0789,0.8158,0.0,0.3421,0.0,0.0,0.6923,0.0,0.0,0.0,-0.0,0.0,completed,,0.36,16.714609
4078,86.0,51.7352,1,6.0,1.0,39,18720,39,136.7143,0.8377,137.552,0.5571,1.7949,0.1538,0,0,0,0.0000,0.0,0.0000,0,0.8205,0.1795,0.8462,32,33,39,0.1675,0.1675,1.2984,0.1538,0.1667,0.0,0.8333,0.8333,0,0,0.8,10,8,0.5563,0.1,0.0513,0.7436,0.0256,0.2564,0.0,0.0,0.8,0.0,0.0,0.0,0.4506,0.0,completed,,0.36,18.283254
4079,-10.0,-7.79,0,0.0,0.0,3,1440,70,150.0,0.0,150.0,1.0,0.0,0.0,0,0,0,0.0000,0.0,0.0000,0,1.0,0.0,1.0,3,3,3,0.0,0.0,0.0,0.0,0.0,0.0,0.0,0.0,0,0,0.0,0,0,0.4837,0.1,0.0,0.6667,0.0,0.0,0.0,0.0,0.0,0.0,0.0,0.0,0.0,0.0,outer_patrol_a,road_edge,0.36,18.283254
4080,25.4641,12.4215,0,3.0,0.5,27,12960,70,150.0,0.8868,150.8868,1.0,1.2963,0.1111,1,0,1,0.0370,0.0,0.0370,0,0.8148,0.1852,0.8519,22,23,27,0.2956,0.2956,1.3746,0.1481,0.25,0.25,0.5,0.75,0,0,0.6429,14,9,0.5879,0.1,0.2222,0.8148,0.037,0.5185,0.0,0.0,0.6429,0.0,0.0,0.0,1.0397,0.0,return_outer,obstacle,0.36,18.509372
4081,86.0,52.6363,1,6.0,1.0,40,19200,40,137.1429,0.7841,137.927,0.5714,1.75,0.15,1,0,1,0.0250,0.0,0.0250,0,0.825,0.175,0.825,33,33,40,0.1568,0.1568,1.2154,0.175,0.1429,0.0,0.8571,0.8571,0,0,0.6429,14,9,0.5713,0.1,0.125,0.725,0.075,0.35,0.0,0.0,0.6429,0.0,0.0,0.0,0.4101,0.0,completed,,0.36,13.557455
4082,86.0,53.4088,1,6.0,1.0,40,19200,40,137.1429,0.0,137.1429,0.5714,1.75,0.15,0,0,0,0.0000,0.0,0.0000,0,0.85,0.15,0.85,34,34,40,0.0,0.0,0.0,0.15,0.0,0.0,1.0,1.0,0,0,0.6,15,9,0.5592,0.1,0.125,0.75,0.025,0.375,0.0,0.0,0.6,0.0,0.0,0.0,-0.0,0.0,completed,,0.36,12.535963
4083,86.0,52.1974,1,6.0,1.0,42,20160,42,138.0,0.6906,138.6906,0.6,1.6667,0.1429,1,0,1,0.0238,0.0,0.0238,0,0.7619,0.2381,0.8095,32,34,42,0.1381,0.1381,1.0704,0.1905,0.125,0.0,0.875,0.875,0,0,0.5385,13,7,0.5705,0.1,0.0952,0.7143,0.0714,0.3095,0.0,0.0,0.5385,0.0,0.0,0.0,0.3768,0.0,completed,,0.36,12.658531
4084,65.9533,32.1723,0,5.0,0.8333,37,17760,70,150.0,0.8425,150.8425,1.0,1.5766,0.1351,0,0,0,0.0000,0.0,0.0000,0,0.7838,0.2162,0.7838,29,29,37,0.1685,0.1685,1.3059,0.2162,0.125,0.375,0.5,0.875,0,0,0.75,8,6,0.5613,0.1,0.1351,0.7838,0.0541,0.2162,0.0,0.0,0.75,0.0,0.0,0.0,0.9743,0.0,final_park,wall,0.36,13.917064
4085,86.0,52.2798,1,6.0,1.0,37,17760,37,135.8571,1.4315,137.2886,0.5286,1.8919,0.1622,0,0,0,0.0000,0.0,0.0000,0,0.8108,0.1892,0.8108,30,30,37,0.2863,0.2863,2.2188,0.1892,0.2857,0.0,0.7143,0.7143,0,0,0.9091,11,10,0.5609,0.1,0.1081,0.7568,0.027,0.2973,0.0,0.0,0.9091,0.0,0.0,0.0,0.5983,0.0,completed,,0.36,13.624514
4086,86.0,54.8727,1,6.0,1.0,34,16320,34,134.5714,0.0,134.5714,0.4857,2.0588,0.1765,1,0,1,0.0294,0.0,0.0294,0,0.8529,0.1471,0.8529,29,29,34,0.0,0.0,0.0,0.1471,0.0,0.0,1.0,1.0,0,0,1.0,6,6,0.5327,0.1,0.0588,0.8529,0.0,0.1765,0.0,0.0,1.0,0.0,0.0,0.0,-0.0,0.0,completed,,0.36,15.938314
4087,86.0,53.0395,1,6.0,1.0,37,17760,37,135.8571,0.0,135.8571,0.5286,1.8919,0.1622,1,0,1,0.0270,0.0,0.0270,0,0.8649,0.1351,0.8649,32,32,37,0.0,0.0,0.0,0.1351,0.0,0.2,0.8,1.0,0,0,0.8571,7,6,0.5456,0.1,0.0811,0.7297,0.027,0.1892,0.0,0.0,0.8571,0.0,0.0,0.0,0.5004,0.0,completed,,0.36,14.922473
4088,86.0,53.9472,1,6.0,1.0,46,22080,46,139.7143,0.0,139.7143,0.6571,1.5217,0.1304,0,0,0,0.0000,0.0,0.0000,0,0.8043,0.1957,0.8043,37,37,46,0.0,0.0,0.0,0.1957,0.0,0.0,1.0,1.0,0,0,0.4286,21,9,0.6279,0.1,0.2826,0.8478,0.1957,0.4565,0.0,0.0,0.4286,0.0,0.0,0.0,-0.0,0.0,completed,,0.36,12.65358
4089,86.0,50.0517,1,6.0,1.0,42,20160,42,138.0,2.2657,140.2657,0.6,1.6667,0.1429,0,0,0,0.0000,0.0,0.0000,0,0.8095,0.1905,0.8095,34,34,42,0.4531,0.4531,3.5118,0.1905,0.375,0.0,0.625,0.625,0,0,0.75,16,12,0.5746,0.1,0.1905,0.7857,0.0476,0.381,0.0,0.0,0.75,0.0,0.0,0.0,0.6616,0.0,completed,,0.36,12.891623
4090,86.0,52.708,1,6.0,1.0,41,19680,41,137.5714,0.6154,138.1868,0.5857,1.7073,0.1463,1,0,1,0.0244,0.0,0.0244,0,0.8049,0.1951,0.8049,33,33,41,0.1231,0.1231,0.9539,0.1951,0.125,0.0,0.875,0.875,0,0,0.4545,11,5,0.576,0.1,0.1463,0.7805,0.0732,0.2683,0.0,0.0,0.4545,0.0,0.0,0.0,0.3768,0.0,completed,,0.36,16.580634
4091,86.0,51.1429,1,6.0,1.0,39,18720,39,136.7143,1.4042,138.1185,0.5571,1.7949,0.1538,0,0,0,0.0000,0.0,0.0000,0,0.7949,0.2051,0.7949,31,31,39,0.2808,0.2808,2.1766,0.2051,0.25,0.125,0.625,0.75,0,0,0.7778,9,7,0.5588,0.1,0.1026,0.7949,0.0256,0.2308,0.0,0.0,0.7778,0.0,0.0,0.0,0.9003,0.0,completed,,0.36,16.086136
4092,2.2094,1.0777,0,1.0,0.1667,15,7200,70,150.0,0.8027,150.8027,1.0,0.7778,0.0667,0,0,0,0.0000,0.0,0.0000,0,0.8667,0.1333,0.8667,13,13,15,0.8027,0.8027,1.2441,0.1333,0.5,0.5,0.0,0.5,0,0,0.75,4,3,0.5265,0.1,0.0667,0.6667,0.0,0.2667,0.0,0.0,0.75,0.0,0.0,0.0,0.6931,0.0,enter_inner,obstacle,0.36,15.011808
4093,86.0,53.6875,1,6.0,1.0,36,17280,36,135.4286,0.0,135.4286,0.5143,1.9444,0.1667,0,0,0,0.0000,0.0,0.0000,0,0.8611,0.1389,0.8611,31,31,36,0.0,0.0,0.0,0.1389,0.0,0.2,0.8,1.0,0,0,0.7143,7,5,0.5358,0.1,0.0556,0.7222,0.0,0.1944,0.0,0.0,0.7143,0.0,0.0,0.0,0.5004,0.0,completed,,0.36,12.308659
4094,86.0,53.7887,1,6.0,1.0,35,16800,35,135.0,0.0,135.0,0.5,2.0,0.1714,1,0,1,0.0286,0.0,0.0286,0,0.8286,0.1714,0.8571,29,30,35,0.0,0.0,0.0,0.1429,0.0,0.0,1.0,1.0,0,0,1.0,11,11,0.54,0.1,0.0857,0.8,0.0,0.3143,0.0,0.0,1.0,0.0,0.0,0.0,-0.0,0.0,completed,,0.36,11.443077
4095,5.5369,2.7009,0,1.0,0.1667,13,6240,70,150.0,0.0,150.0,1.0,0.8974,0.0769,0,0,0,0.0000,0.0,0.0000,0,0.9231,0.0769,0.9231,12,12,13,0.0,0.0,0.0,0.0769,0.0,1.0,0.0,1.0,0,0,1.0,2,2,0.515,0.1,0.0,0.6154,0.0,0.1538,0.0,0.0,1.0,0.0,0.0,0.0,-0.0,0.0,enter_inner,obstacle,0.36,12.625407
4096,86.0,52.1933,1,6.0,1.0,38,18240,38,136.2857,0.8531,137.1388,0.5429,1.8421,0.1579,0,0,0,0.0000,0.0,0.0000,0,0.8421,0.1579,0.8421,32,32,38,0.1706,0.1706,1.3223,0.1579,0.1667,0.0,0.8333,0.8333,0,0,0.7273,11,8,0.5523,0.1,0.0789,0.7632,0.0263,0.2895,0.0,0.0,0.7273,0.0,0.0,0.0,0.4506,0.0,completed,,0.36,16.11814
4097,86.0,50.3998,1,6.0,1.0,43,20640,43,138.4286,1.2824,139.7109,0.6143,1.6279,0.1395,1,0,1,0.0233,0.0,0.0233,0,0.7907,0.2093,0.814,34,35,43,0.2565,0.2565,1.9876,0.186,0.25,0.125,0.625,0.75,0,0,0.625,16,10,0.5661,0.1,0.186,0.8605,0.0233,0.3721,0.0,0.0,0.625,0.0,0.0,0.0,0.9003,0.0,completed,,0.36,22.571494
4098,86.0,51.7249,1,6.0,1.0,37,17760,37,135.8571,1.5777,137.4349,0.5286,1.8919,0.1622,0,0,0,0.0000,0.0,0.0000,0,0.8378,0.1622,0.8378,31,31,37,0.3155,0.3155,2.4455,0.1622,0.3333,0.0,0.6667,0.6667,0,0,0.9286,14,13,0.5621,0.1,0.1081,0.8378,0.027,0.3784,0.0,0.0,0.9286,0.0,0.0,0.0,0.6365,0.0,completed,,0.36,20.497627
4099,50.8878,24.8233,0,4.0,0.6667,33,15840,70,150.0,1.6008,151.6008,1.0,1.4141,0.1212,0,0,0,0.0000,0.0,0.0000,0,0.7576,0.2424,0.7879,25,26,33,0.4002,0.4002,2.4812,0.2121,0.2857,0.0,0.7143,0.7143,0,0,0.8182,11,9,0.5554,0.1,0.0909,0.8788,0.0,0.3333,0.0,0.0,0.8182,0.0,0.0,0.0,0.5983,0.0,outer_patrol_b,road_edge,0.36,20.03544
4100,86.0,51.6785,1,6.0,1.0,38,18240,38,136.2857,1.2057,137.4914,0.5429,1.8421,0.1579,1,0,1,0.0263,0.0,0.0263,0,0.8158,0.1842,0.8158,31,31,38,0.2411,0.2411,1.8688,0.1842,0.2857,0.1429,0.5714,0.7143,0,0,0.9091,11,10,0.5535,0.1,0.0526,0.7895,0.0263,0.2895,0.0,0.0,0.9091,0.0,0.0,0.0,0.9557,0.0,completed,,0.36,19.037882
4101,23.9861,11.7005,0,2.0,0.3333,21,10080,70,150.0,0.0,150.0,1.0,1.1111,0.0952,0,0,0,0.0000,0.0,0.0000,0,0.8095,0.1905,0.8095,17,17,21,0.0,0.0,0.0,0.1905,0.0,0.0,1.0,1.0,0,0,0.2,5,1,0.5957,0.1,0.1905,0.7143,0.1429,0.2381,0.0,0.0,0.2,0.0,0.0,0.0,-0.0,0.0,inner_patrol,obstacle,0.36,19.346262
4102,86.0,53.4495,1,6.0,1.0,36,17280,36,135.4286,0.0,135.4286,0.5143,1.9444,0.1667,1,0,1,0.0278,0.0,0.0278,0,0.8611,0.1389,0.8611,31,31,36,0.0,0.0,0.0,0.1389,0.0,0.2,0.8,1.0,0,0,0.9,10,9,0.536,0.1,0.0556,0.6389,0.0,0.2778,0.0,0.0,0.9,0.0,0.0,0.0,0.5004,0.0,completed,,0.36,14.357004
4103,86.0,52.2079,1,6.0,1.0,45,21600,45,139.2857,0.7962,140.0819,0.6429,1.5556,0.1333,1,0,1,0.0222,0.0,0.0222,0,0.8,0.2,0.8,36,36,45,0.1592,0.1592,1.2341,0.2,0.1111,0.0,0.8889,0.8889,0,0,0.4667,15,7,0.5975,0.1,0.2,0.7556,0.1333,0.3333,0.0,0.0,0.4667,0.0,0.0,0.0,0.3488,0.0,completed,,0.36,10.888924
4104,86.0,48.3486,1,6.0,1.0,44,21120,44,138.8571,3.0953,141.9525,0.6286,1.5909,0.1364,1,0,1,0.0227,0.0,0.0227,0,0.7955,0.2045,0.7955,35,35,44,0.6191,0.6191,4.7978,0.2045,0.4444,0.0,0.5556,0.5556,0,0,0.6,15,9,0.5694,0.1,0.1364,0.7727,0.0682,0.3409,0.0,0.0,0.6,0.0,0.0,0.0,0.687,0.0,completed,,0.36,10.545319
4105,86.0,52.3437,1,6.0,1.0,37,17760,37,135.8571,0.6023,136.4595,0.5286,1.8919,0.1622,1,0,1,0.0270,0.0,0.0270,0,0.7838,0.2162,0.8108,29,30,37,0.1205,0.1205,0.9336,0.1892,0.1429,0.2857,0.5714,0.8571,0,0,0.9091,11,10,0.5572,0.1,0.1081,0.7838,0.027,0.2973,0.0,0.0,0.9091,0.0,0.0,0.0,0.9557,0.0,completed,,0.36,9.374886
4106,86.0,52.3055,1,6.0,1.0,39,18720,39,136.7143,0.0,136.7143,0.5571,1.7949,0.1538,0,0,0,0.0000,0.0,0.0000,0,0.7949,0.2051,0.8718,31,34,39,0.0,0.0,0.0,0.1282,0.0,0.2,0.8,1.0,0,0,0.8333,6,5,0.5433,0.1,0.0513,0.7436,0.0,0.1538,0.0,0.0,0.8333,0.0,0.0,0.0,0.5004,0.0,completed,,0.36,10.433888
4107,86.0,51.8911,1,6.0,1.0,39,18720,39,136.7143,0.7015,137.4158,0.5571,1.7949,0.1538,0,0,0,0.0000,0.0,0.0000,0,0.8462,0.1538,0.8462,33,33,39,0.1403,0.1403,1.0873,0.1538,0.1667,0.1667,0.6667,0.8333,0,0,0.8,5,4,0.5424,0.1,0.0769,0.8205,0.0256,0.1282,0.0,0.0,0.8,0.0,0.0,0.0,0.8676,0.0,completed,,0.36,11.842144
4108,86.0,53.5636,1,6.0,1.0,37,17760,37,135.8571,0.0,135.8571,0.5286,1.8919,0.1622,1,0,1,0.0270,0.0,0.0270,0,0.8378,0.1622,0.8378,31,31,37,0.0,0.0,0.0,0.1622,0.0,0.1667,0.8333,1.0,0,0,0.8182,11,9,0.5534,0.1,0.1081,0.8378,0.027,0.2973,0.0,0.0,0.8182,0.0,0.0,0.0,0.4506,0.0,completed,,0.36,12.681662
4109,28.9181,14.1064,0,2.0,0.3333,24,11520,70,150.0,0.0,150.0,1.0,0.9722,0.0833,1,0,1,0.0417,0.0,0.0417,0,0.8333,0.1667,0.875,20,21,24,0.0,0.0,0.0,0.125,0.0,0.0,1.0,1.0,0,0,0.7143,7,5,0.5599,0.1,0.0833,0.7917,0.0417,0.2917,0.0,0.0,0.7143,0.0,0.0,0.0,-0.0,0.0,inner_patrol,obstacle,0.36,12.023853
4110,44.9088,21.9067,0,4.0,0.6667,27,12960,70,150.0,0.7237,150.7237,1.0,1.7284,0.1481,0,0,0,0.0000,0.0,0.0000,0,0.7407,0.2593,0.7778,20,21,27,0.1809,0.1809,1.1217,0.2222,0.1667,0.1667,0.6667,0.8333,0,0,0.7,10,7,0.5846,0.1,0.1111,0.7037,0.0741,0.3704,0.0,0.0,0.7,0.0,0.0,0.0,0.8676,0.0,outer_patrol_b,road_edge,0.36,12.076275
4111,86.0,51.6745,1,6.0,1.0,43,20640,43,138.4286,0.0,138.4286,0.6143,1.6279,0.1395,1,0,1,0.0233,0.0,0.0233,0,0.814,0.186,0.8372,35,36,43,0.0,0.0,0.0,0.1628,0.0,0.2857,0.7143,1.0,0,0,0.5882,17,10,0.5724,0.1,0.1628,0.7907,0.0465,0.3953,0.0,0.0,0.5882,0.0,0.0,0.0,0.5983,0.0,completed,,0.36,12.505756
4112,86.0,52.7445,1,6.0,1.0,37,17760,37,135.8571,0.7045,136.5617,0.5286,1.8919,0.1622,1,0,1,0.0270,0.0,0.0270,0,0.7838,0.2162,0.8108,29,30,37,0.1409,0.1409,1.092,0.1892,0.1429,0.1429,0.7143,0.8571,0,0,0.8,10,8,0.5513,0.1,0.1081,0.8108,0.027,0.2703,0.0,0.0,0.8,0.0,0.0,0.0,0.7963,0.0,completed,,0.36,17.07131
4113,32.2,15.7073,0,3.0,0.5,23,11040,70,150.0,0.0,150.0,1.0,1.5217,0.1304,1,0,1,0.0435,0.0,0.0435,0,0.8261,0.1739,0.8261,19,19,23,0.0,0.0,0.0,0.1739,0.0,0.25,0.75,1.0,0,0,0.5714,7,4,0.5604,0.1,0.1739,0.7826,0.0435,0.3043,0.0,0.0,0.5714,0.0,0.0,0.0,0.5623,0.0,return_outer,obstacle,0.36,15.49507
4114,32.2432,15.7284,0,3.0,0.5,22,10560,70,150.0,0.0,150.0,1.0,1.5909,0.1364,1,0,1,0.0455,0.0,0.0455,0,0.8636,0.1364,0.8636,19,19,22,0.0,0.0,0.0,0.1364,0.0,0.0,1.0,1.0,0,0,0.8571,7,6,0.5472,0.1,0.0909,0.7727,0.0,0.3182,0.0,0.0,0.8571,0.0,0.0,0.0,-0.0,0.0,return_outer,obstacle,0.36,16.733036
4115,43.9329,21.4307,0,4.0,0.6667,24,11520,70,150.0,0.0,150.0,1.0,1.9444,0.1667,0,0,0,0.0000,0.0,0.0000,0,0.7917,0.2083,0.7917,19,19,24,0.0,0.0,0.0,0.2083,0.0,0.0,1.0,1.0,0,0,0.6667,6,4,0.5372,0.1,0.1667,0.75,0.0,0.25,0.0,0.0,0.6667,0.0,0.0,0.0,-0.0,0.0,outer_patrol_b,road_edge,0.36,18.410808
4116,18.3442,8.9484,0,2.0,0.3333,17,8160,70,150.0,0.0,150.0,1.0,1.3725,0.1176,0,0,0,0.0000,0.0,0.0000,0,0.7647,0.2353,0.8235,13,14,17,0.0,0.0,0.0,0.1765,0.0,0.0,1.0,1.0,0,0,0.6,5,3,0.5327,0.1,0.1176,0.7647,0.0,0.2941,0.0,0.0,0.6,0.0,0.0,0.0,-0.0,0.0,inner_patrol,obstacle,0.36,16.944371
4117,40.0805,19.5515,0,4.0,0.6667,31,14880,70,150.0,0.8717,150.8717,1.0,1.5054,0.129,0,0,0,0.0000,0.0,0.0000,0,0.7097,0.2903,0.7742,22,24,31,0.2179,0.2179,1.3511,0.2258,0.1429,0.1429,0.7143,0.8571,0,0,0.5,8,4,0.5974,0.1,0.129,0.7419,0.129,0.2581,0.0,0.0,0.5,0.0,0.0,0.0,0.7963,0.0,outer_patrol_b,road_edge,0.36,14.430461
4118,29.7042,14.4899,0,3.0,0.5,22,10560,70,150.0,0.6698,150.6698,1.0,1.5909,0.1364,0,0,0,0.0000,0.0,0.0000,0,0.8636,0.1364,0.8636,19,19,22,0.2233,0.2233,1.0381,0.1364,0.3333,0.3333,0.3333,0.6667,0,0,1.0,5,5,0.5447,0.1,0.0,0.7727,0.0,0.2273,0.0,0.0,1.0,0.0,0.0,0.0,1.0986,0.0,return_outer,obstacle,0.36,13.191078
4119,86.0,53.8016,1,6.0,1.0,37,17760,37,135.8571,0.0,135.8571,0.5286,1.8919,0.1622,1,0,1,0.0270,0.0,0.0270,0,0.8108,0.1892,0.8378,30,31,37,0.0,0.0,0.0,0.1622,0.0,0.1667,0.8333,1.0,0,0,0.8571,7,6,0.538,0.1,0.0811,0.7838,0.027,0.1892,0.0,0.0,0.8571,0.0,0.0,0.0,0.4506,0.0,completed,,0.36,12.037615
4120,5.9617,2.9081,0,1.0,0.1667,13,6240,70,150.0,0.0,150.0,1.0,0.8974,0.0769,0,0,0,0.0000,0.0,0.0000,0,0.9231,0.0769,0.9231,12,12,13,0.0,0.0,0.0,0.0769,0.0,0.0,1.0,1.0,0,0,0.5,2,1,0.5369,0.1,0.0769,0.6154,0.0769,0.1538,0.0,0.0,0.5,0.0,0.0,0.0,-0.0,0.0,enter_inner,obstacle,0.36,9.976638
4121,17.0032,8.2943,0,2.0,0.3333,14,6720,70,150.0,0.0,150.0,1.0,1.6667,0.1429,1,0,1,0.0714,0.0,0.0714,0,0.8571,0.1429,0.8571,12,12,14,0.0,0.0,0.0,0.1429,0.0,0.0,1.0,1.0,0,0,0.6667,3,2,0.508,0.1,0.0,0.5714,0.0,0.2143,0.0,0.0,0.6667,0.0,0.0,0.0,-0.0,0.0,inner_patrol,obstacle,0.36,10.542801
4122,86.0,54.4488,1,6.0,1.0,36,17280,36,135.4286,0.0,135.4286,0.5143,1.9444,0.1667,0,0,0,0.0000,0.0,0.0000,0,0.8333,0.1667,0.8333,30,30,36,0.0,0.0,0.0,0.1667,0.0,0.0,1.0,1.0,0,0,0.8889,9,8,0.5476,0.1,0.1111,0.7778,0.0278,0.25,0.0,0.0,0.8889,0.0,0.0,0.0,-0.0,0.0,completed,,0.36,12.904695
4123,86.0,53.5516,1,6.0,1.0,38,18240,38,136.2857,0.0,136.2857,0.5429,1.8421,0.1579,1,0,1,0.0263,0.0,0.0263,0,0.8421,0.1579,0.8421,32,32,38,0.0,0.0,0.0,0.1579,0.0,0.1667,0.8333,1.0,0,0,0.6667,9,6,0.5411,0.1,0.0526,0.7895,0.0263,0.2368,0.0,0.0,0.6667,0.0,0.0,0.0,0.4506,0.0,completed,,0.36,13.380919
4124,86.0,53.7255,1,6.0,1.0,36,17280,36,135.4286,0.0,135.4286,0.5143,1.9444,0.1667,1,0,1,0.0278,0.0,0.0278,0,0.8611,0.1389,0.8611,31,31,36,0.0,0.0,0.0,0.1389,0.0,0.2,0.8,1.0,0,0,0.9,10,9,0.5457,0.1,0.0833,0.7222,0.0,0.2778,0.0,0.0,0.9,0.0,0.0,0.0,0.5004,0.0,completed,,0.36,15.507107
4125,86.0,51.8904,1,6.0,1.0,38,18240,38,136.2857,0.6276,136.9133,0.5429,1.8421,0.1579,0,0,0,0.0000,0.0,0.0000,0,0.8421,0.1579,0.8421,32,32,38,0.1255,0.1255,0.9728,0.1579,0.1667,0.3333,0.5,0.8333,0,0,0.7,10,7,0.5561,0.1,0.1316,0.7105,0.0263,0.2632,0.0,0.0,0.7,0.0,0.0,0.0,1.0114,0.0,completed,,0.36,13.873694
4126,86.0,53.4075,1,6.0,1.0,36,17280,36,135.4286,0.0,135.4286,0.5143,1.9444,0.1667,0,0,0,0.0000,0.0,0.0000,0,0.8611,0.1389,0.8611,31,31,36,0.0,0.0,0.0,0.1389,0.0,0.2,0.8,1.0,0,0,0.8182,11,9,0.5549,0.1,0.0833,0.75,0.0278,0.3056,0.0,0.0,0.8182,0.0,0.0,0.0,0.5004,0.0,completed,,0.36,15.046911
4127,86.0,49.2109,1,6.0,1.0,44,21120,44,138.8571,1.9888,140.8459,0.6286,1.5909,0.1364,1,0,1,0.0227,0.0,0.0227,0,0.7955,0.2045,0.8182,35,36,44,0.3978,0.3978,3.0826,0.1818,0.375,0.0,0.625,0.625,0,0,0.6429,14,9,0.5639,0.1,0.0909,0.8409,0.0455,0.3182,0.0,0.0,0.6429,0.0,0.0,0.0,0.6616,0.0,completed,,0.36,14.955404
4128,86.0,50.5735,1,6.0,1.0,40,19200,40,137.1429,1.5497,138.6925,0.5714,1.75,0.15,0,0,0,0.0000,0.0,0.0000,0,0.775,0.225,0.8,31,32,40,0.3099,0.3099,2.402,0.2,0.25,0.125,0.625,0.75,0,0,0.9091,11,10,0.5611,0.1,0.1,0.7,0.05,0.275,0.0,0.0,0.9091,0.0,0.0,0.0,0.9003,0.0,completed,,0.36,13.669607
4129,86.0,54.0329,1,6.0,1.0,38,18240,38,136.2857,0.0,136.2857,0.5429,1.8421,0.1579,0,0,0,0.0000,0.0,0.0000,0,0.7895,0.2105,0.8158,30,31,38,0.0,0.0,0.0,0.1842,0.0,0.0,1.0,1.0,0,0,0.75,12,9,0.5587,0.1,0.1053,0.7895,0.0263,0.3158,0.0,0.0,0.75,0.0,0.0,0.0,-0.0,0.0,completed,,0.36,15.839965
4130,86.0,53.4321,1,6.0,1.0,37,17760,37,135.8571,0.6281,136.4852,0.5286,1.8919,0.1622,1,0,1,0.0270,0.0,0.0270,0,0.8378,0.1622,0.8378,31,31,37,0.1256,0.1256,0.9735,0.1622,0.1667,0.0,0.8333,0.8333,0,0,0.9091,11,10,0.5452,0.1,0.0541,0.8378,0.027,0.2973,0.0,0.0,0.9091,0.0,0.0,0.0,0.4506,0.0,completed,,0.36,17.681875
4131,86.0,52.5588,1,6.0,1.0,37,17760,37,135.8571,0.8585,136.7157,0.5286,1.8919,0.1622,0,0,0,0.0000,0.0,0.0000,0,0.8649,0.1351,0.8649,32,32,37,0.1717,0.1717,1.3307,0.1351,0.2,0.0,0.8,0.8,0,0,1.0,13,13,0.5536,0.1,0.027,0.8378,0.0,0.3514,0.0,0.0,1.0,0.0,0.0,0.0,0.5004,0.0,completed,,0.36,17.296269
4132,86.0,48.9717,1,6.0,1.0,46,22080,46,139.7143,1.4055,141.1198,0.6571,1.5217,0.1304,1,0,1,0.0217,0.0,0.0217,0,0.7826,0.2174,0.8261,36,38,46,0.2811,0.2811,2.1785,0.1739,0.25,0.25,0.5,0.75,0,0,0.6667,18,12,0.5842,0.1,0.1957,0.7826,0.087,0.3913,0.0,0.0,0.6667,0.0,0.0,0.0,1.0397,0.0,completed,,0.36,15.794886
4133,86.0,49.6024,1,6.0,1.0,41,19680,41,137.5714,2.276,139.8475,0.5857,1.7073,0.1463,0,0,0,0.0000,0.0,0.0000,0,0.8049,0.1951,0.8049,33,33,41,0.4552,0.4552,3.5279,0.1951,0.375,0.125,0.5,0.625,0,0,0.7857,14,11,0.5919,0.1,0.1707,0.7073,0.0976,0.3415,0.0,0.0,0.7857,0.0,0.0,0.0,0.9743,0.0,completed,,0.36,14.584915
4134,86.0,52.7424,1,6.0,1.0,38,18240,38,136.2857,0.0,136.2857,0.5429,1.8421,0.1579,0,0,0,0.0000,0.0,0.0000,0,0.8421,0.1579,0.8421,32,32,38,0.0,0.0,0.0,0.1579,0.0,0.3333,0.6667,1.0,0,0,0.7143,7,5,0.5562,0.1,0.1053,0.7105,0.0526,0.1842,0.0,0.0,0.7143,0.0,0.0,0.0,0.6365,0.0,completed,,0.36,15.033207
4135,86.0,49.6285,1,6.0,1.0,44,21120,44,138.8571,1.5162,140.3733,0.6286,1.5909,0.1364,0,0,0,0.0000,0.0,0.0000,0,0.8182,0.1818,0.8409,36,37,44,0.3032,0.3032,2.3501,0.1591,0.2857,0.0,0.7143,0.7143,0,0,0.5,10,5,0.5582,0.1,0.1136,0.7045,0.0455,0.2273,0.0,0.0,0.5,0.0,0.0,0.0,0.5983,0.0,completed,,0.36,18.922706
4136,86.0,52.9475,1,6.0,1.0,38,18240,38,136.2857,0.0,136.2857,0.5429,1.8421,0.1579,1,0,1,0.0263,0.0,0.0263,0,0.8421,0.1579,0.8684,32,33,38,0.0,0.0,0.0,0.1316,0.0,0.2,0.8,1.0,0,0,0.8182,11,9,0.5389,0.1,0.0789,0.8158,0.0,0.2895,0.0,0.0,0.8182,0.0,0.0,0.0,0.5004,0.0,completed,,0.36,19.801663
4137,86.0,53.3697,1,6.0,1.0,36,17280,36,135.4286,0.8529,136.2815,0.5143,1.9444,0.1667,1,0,1,0.0278,0.0,0.0278,0,0.8056,0.1944,0.8056,29,29,36,0.1706,0.1706,1.322,0.1944,0.1429,0.0,0.8571,0.8571,0,0,0.8,5,4,0.5413,0.1,0.0278,0.6111,0.0278,0.1389,0.0,0.0,0.8,0.0,0.0,0.0,0.4101,0.0,completed,,0.36,19.382826
4138,86.0,52.6959,1,6.0,1.0,42,20160,42,138.0,0.0,138.0,0.6,1.6667,0.1429,0,0,0,0.0000,0.0,0.0000,0,0.7381,0.2619,0.8095,31,34,42,0.0,0.0,0.0,0.1905,0.0,0.125,0.875,1.0,0,0,0.6429,14,9,0.5731,0.1,0.119,0.7381,0.0476,0.3333,0.0,0.0,0.6429,0.0,0.0,0.0,0.3768,0.0,completed,,0.36,15.453753
4139,86.0,52.7336,1,6.0,1.0,39,18720,39,136.7143,0.0,136.7143,0.5571,1.7949,0.1538,0,0,0,0.0000,0.0,0.0000,0,0.7692,0.2308,0.8462,30,33,39,0.0,0.0,0.0,0.1538,0.0,0.1667,0.8333,1.0,0,0,0.8182,11,9,0.547,0.1,0.1026,0.7436,0.0256,0.2821,0.0,0.0,0.8182,0.0,0.0,0.0,0.4506,0.0,completed,,0.36,16.160469
4140,86.0,54.1656,1,6.0,1.0,36,17280,36,135.4286,0.0,135.4286,0.5143,1.9444,0.1667,0,0,0,0.0000,0.0,0.0000,0,0.8056,0.1944,0.8333,29,30,36,0.0,0.0,0.0,0.1667,0.0,0.1667,0.8333,1.0,0,0,0.8182,11,9,0.5581,0.1,0.0833,0.8056,0.0278,0.3056,0.0,0.0,0.8182,0.0,0.0,0.0,0.4506,0.0,completed,,0.36,18.243365
4141,86.0,52.4251,1,6.0,1.0,44,21120,44,138.8571,0.6494,139.5066,0.6286,1.5909,0.1364,0,0,0,0.0000,0.0,0.0000,0,0.8409,0.1591,0.8409,37,37,44,0.1299,0.1299,1.0066,0.1591,0.1429,0.0,0.8571,0.8571,0,0,0.5556,18,10,0.6041,0.1,0.2727,0.8409,0.1364,0.4091,0.0,0.0,0.5556,0.0,0.0,0.0,0.4101,0.0,completed,,0.36,17.664963
4142,86.0,51.5868,1,6.0,1.0,44,21120,44,138.8571,0.774,139.6311,0.6286,1.5909,0.1364,0,0,0,0.0000,0.0,0.0000,0,0.8409,0.1591,0.8409,37,37,44,0.1548,0.1548,1.1997,0.1591,0.1429,0.1429,0.7143,0.8571,0,0,0.65,20,13,0.6025,0.1,0.2045,0.7273,0.1136,0.4545,0.0,0.0,0.65,0.0,0.0,0.0,0.7963,0.0,completed,,0.36,17.068005
4143,14.1665,6.9105,0,2.0,0.3333,17,8160,70,150.0,0.7747,150.7747,1.0,1.3725,0.1176,0,0,0,0.0000,0.0,0.0000,0,0.8235,0.1765,0.8235,14,14,17,0.3873,0.3873,1.2007,0.1765,0.3333,0.0,0.6667,0.6667,0,0,0.5,4,2,0.5565,0.1,0.1765,0.7647,0.0588,0.2353,0.0,0.0,0.5,0.0,0.0,0.0,0.6365,0.0,inner_patrol,obstacle,0.36,16.077846
4144,86.0,49.5034,1,6.0,1.0,41,19680,41,137.5714,2.4401,140.0115,0.5857,1.7073,0.1463,1,0,1,0.0244,0.0,0.0244,0,0.7561,0.2439,0.8049,31,33,41,0.488,0.488,3.7821,0.1951,0.375,0.0,0.625,0.625,0,0,0.8462,13,11,0.5719,0.1,0.1463,0.8537,0.0488,0.3171,0.0,0.0,0.8462,0.0,0.0,0.0,0.6616,0.0,completed,,0.36,14.426037
4145,-9.389,-4.58,0,0.0,0.0,6,2880,70,150.0,0.0,150.0,1.0,0.0,0.0,1,0,1,0.1667,0.0,0.1667,0,1.0,0.0,1.0,6,6,6,0.0,0.0,0.0,0.0,0.0,0.0,0.0,0.0,0,0,0.0,0,0,0.5012,0.1,0.0,0.0,0.0,0.0,0.0,0.0,0.0,0.0,0.0,0.0,0.0,0.0,outer_patrol_a,road_edge,0.36,13.756245
4146,86.0,49.4043,1,6.0,1.0,42,20160,42,138.0,2.0593,140.0593,0.6,1.6667,0.1429,1,0,1,0.0238,0.0,0.0238,0,0.8095,0.1905,0.8333,34,35,42,0.4119,0.4119,3.1918,0.1667,0.4286,0.1429,0.4286,0.5714,0,0,0.5833,12,7,0.565,0.1,0.119,0.7857,0.0476,0.2857,0.0,0.0,0.5833,0.0,0.0,0.0,1.0042,0.0,completed,,0.36,18.086014
4147,86.0,53.0275,1,6.0,1.0,38,18240,38,136.2857,0.0,136.2857,0.5429,1.8421,0.1579,1,0,1,0.0263,0.0,0.0263,0,0.8684,0.1316,0.8684,33,33,38,0.0,0.0,0.0,0.1316,0.0,0.2,0.8,1.0,0,0,0.7692,13,10,0.5563,0.1,0.1316,0.8684,0.0263,0.3421,0.0,0.0,0.7692,0.0,0.0,0.0,0.5004,0.0,completed,,0.36,19.151224
4148,-10.0,-5.98,0,0.0,0.0,6,2880,70,150.0,0.0,150.0,1.0,0.0,0.0,1,0,1,0.1667,0.0,0.1667,0,1.0,0.0,1.0,6,6,6,0.0,0.0,0.0,0.0,0.0,0.0,0.0,0.0,0,0,0.0,0,0,0.5053,0.1,0.0,0.1667,0.0,0.0,0.0,0.0,0.0,0.0,0.0,0.0,0.0,0.0,outer_patrol_a,road_edge,0.36,19.101787
4149,86.0,52.6826,1,6.0,1.0,40,19200,40,137.1429,0.7225,137.8654,0.5714,1.75,0.15,0,0,0,0.0000,0.0,0.0000,0,0.825,0.175,0.825,33,33,40,0.1445,0.1445,1.1199,0.175,0.1429,0.1429,0.7143,0.8571,0,0,0.5455,11,6,0.5755,0.1,0.15,0.8,0.1,0.275,0.0,0.0,0.5455,0.0,0.0,0.0,0.7963,0.0,completed,,0.36,13.970822
4150,86.0,50.9691,1,6.0,1.0,41,19680,41,137.5714,1.7055,139.2769,0.5857,1.7073,0.1463,0,0,0,0.0000,0.0,0.0000,0,0.7805,0.2195,0.8049,32,33,41,0.3411,0.3411,2.6435,0.1951,0.25,0.0,0.75,0.75,0,0,0.6154,13,8,0.5855,0.1,0.1463,0.7805,0.0976,0.3171,0.0,0.0,0.6154,0.0,0.0,0.0,0.5623,0.0,completed,,0.36,15.358604
4151,86.0,51.8909,1,6.0,1.0,39,18720,39,136.7143,1.3057,138.0199,0.5571,1.7949,0.1538,1,0,1,0.0256,0.0,0.0256,0,0.7692,0.2308,0.7949,30,31,39,0.2611,0.2611,2.0238,0.2051,0.25,0.0,0.75,0.75,0,0,0.8,10,8,0.5595,0.1,0.1026,0.7179,0.0513,0.2564,0.0,0.0,0.8,0.0,0.0,0.0,0.5623,0.0,completed,,0.36,12.342668
4152,86.0,52.9363,1,6.0,1.0,35,16800,35,135.0,0.0,135.0,0.5,2.0,0.1714,0,0,0,0.0000,0.0,0.0000,0,0.8571,0.1429,0.8571,30,30,35,0.0,0.0,0.0,0.1429,0.0,0.4,0.6,1.0,0,0,0.9,10,9,0.5413,0.1,0.0286,0.7143,0.0,0.2857,0.0,0.0,0.9,0.0,0.0,0.0,0.673,0.0,completed,,0.36,12.189449
4153,-10.0,-5.98,0,0.0,0.0,6,2880,70,150.0,0.0,150.0,1.0,0.0,0.0,0,0,0,0.0000,0.0,0.0000,0,1.0,0.0,1.0,6,6,6,0.0,0.0,0.0,0.0,0.0,0.0,0.0,0.0,0,0,0.0,1,0,0.4817,0.1,0.0,0.8333,0.0,0.1667,0.0,0.0,0.0,0.0,0.0,0.0,0.0,0.0,outer_patrol_a,road_edge,0.36,12.044628
4154,68.3992,33.3655,0,5.0,0.8333,37,17760,70,150.0,0.0,150.0,1.0,1.5766,0.1351,0,0,0,0.0000,0.0,0.0000,0,0.8649,0.1351,0.8649,32,32,37,0.0,0.0,0.0,0.1351,0.0,0.2,0.8,1.0,0,0,0.6667,6,4,0.5344,0.1,0.0811,0.7027,0.0,0.1622,0.0,0.0,0.6667,0.0,0.0,0.0,0.5004,0.0,final_park,wall,0.36,11.966268
4155,86.0,52.2037,1,6.0,1.0,38,18240,38,136.2857,0.7708,137.0566,0.5429,1.8421,0.1579,1,0,1,0.0263,0.0,0.0263,0,0.8158,0.1842,0.8158,31,31,38,0.1542,0.1542,1.1948,0.1842,0.1429,0.1429,0.7143,0.8571,0,0,0.7,10,7,0.5628,0.1,0.1579,0.8158,0.0263,0.2632,0.0,0.0,0.7,0.0,0.0,0.0,0.7963,0.0,completed,,0.36,16.331706
4156,86.0,50.7741,1,6.0,1.0,43,20640,43,138.4286,1.3849,139.8135,0.6143,1.6279,0.1395,1,0,1,0.0233,0.0,0.0233,0,0.7907,0.2093,0.814,34,35,43,0.277,0.277,2.1466,0.186,0.25,0.0,0.75,0.75,0,0,0.5833,12,7,0.5649,0.1,0.186,0.8372,0.0465,0.2791,0.0,0.0,0.5833,0.0,0.0,0.0,0.5623,0.0,completed,,0.36,15.710146
4157,86.0,54.1327,1,6.0,1.0,36,17280,36,135.4286,0.0,135.4286,0.5143,1.9444,0.1667,0,0,0,0.0000,0.0,0.0000,0,0.8333,0.1667,0.8611,30,31,36,0.0,0.0,0.0,0.1389,0.0,0.0,1.0,1.0,0,0,1.0,6,6,0.53,0.1,0.0556,0.6111,0.0,0.1667,0.0,0.0,1.0,0.0,0.0,0.0,-0.0,0.0,completed,,0.36,15.580953
4158,86.0,54.2669,1,6.0,1.0,39,18720,39,136.7143,0.0,136.7143,0.5571,1.7949,0.1538,0,0,0,0.0000,0.0,0.0000,0,0.8205,0.1795,0.8205,32,32,39,0.0,0.0,0.0,0.1795,0.0,0.0,1.0,1.0,0,0,0.5,10,5,0.5629,0.1,0.1538,0.7436,0.0513,0.2564,0.0,0.0,0.5,0.0,0.0,0.0,-0.0,0.0,completed,,0.36,14.770243
4159,86.0,51.7203,1,6.0,1.0,40,19200,40,137.1429,1.6854,138.8282,0.5714,1.75,0.15,0,0,0,0.0000,0.0,0.0000,0,0.8,0.2,0.8,32,32,40,0.3371,0.3371,2.6123,0.2,0.25,0.0,0.75,0.75,0,0,0.7143,14,10,0.5783,0.1,0.2,0.75,0.1,0.35,0.0,0.0,0.7143,0.0,0.0,0.0,0.5623,0.0,completed,,0.36,14.693749
4160,39.7725,19.4012,0,4.0,0.6667,25,12000,70,150.0,0.78,150.78,1.0,1.8667,0.16,1,0,1,0.0400,0.0,0.0400,0,0.8,0.2,0.8,20,20,25,0.195,0.195,1.2091,0.2,0.2,0.2,0.6,0.8,0,0,0.8,10,8,0.6032,0.1,0.16,0.84,0.12,0.4,0.0,0.0,0.8,0.0,0.0,0.0,0.9503,0.0,outer_patrol_b,road_edge,0.36,14.957865
4161,86.0,51.6847,1,6.0,1.0,38,18240,38,136.2857,0.7392,137.0249,0.5429,1.8421,0.1579,1,0,1,0.0263,0.0,0.0263,0,0.8158,0.1842,0.8421,31,32,38,0.1478,0.1478,1.1457,0.1579,0.1667,0.1667,0.6667,0.8333,0,0,0.8571,14,12,0.5637,0.1,0.1053,0.7105,0.0526,0.3684,0.0,0.0,0.8571,0.0,0.0,0.0,0.8676,0.0,completed,,0.36,14.108169
4162,-10.0,-6.72,0,0.0,0.0,4,1920,70,150.0,0.0,150.0,1.0,0.0,0.0,0,0,0,0.0000,0.0,0.0000,0,1.0,0.0,1.0,4,4,4,0.0,0.0,0.0,0.0,0.0,0.0,0.0,0.0,0,0,1.0,2,2,0.5147,0.1,0.0,0.75,0.0,0.5,0.0,0.0,1.0,0.0,0.0,0.0,0.0,0.0,outer_patrol_a,road_edge,0.36,14.486729
4163,86.0,53.9795,1,6.0,1.0,35,16800,35,135.0,0.0,135.0,0.5,2.0,0.1714,1,0,1,0.0286,0.0,0.0286,0,0.8286,0.1714,0.8571,29,30,35,0.0,0.0,0.0,0.1429,0.0,0.2,0.8,1.0,0,0,1.0,5,5,0.5209,0.1,0.0571,0.6857,0.0,0.1429,0.0,0.0,1.0,0.0,0.0,0.0,0.5004,0.0,completed,,0.36,15.075662
4164,13.032,6.3571,0,2.0,0.3333,19,9120,70,150.0,0.0,150.0,1.0,1.2281,0.1053,1,0,1,0.0526,0.0,0.0526,0,0.8421,0.1579,0.8947,16,17,19,0.0,0.0,0.0,0.1053,0.0,0.5,0.5,1.0,0,0,0.4,5,2,0.5101,0.1,0.0526,0.7895,0.0,0.2632,0.0,0.0,0.4,0.0,0.0,0.0,0.6931,0.0,inner_patrol,obstacle,0.36,15.519051
4165,-10.0,-8.86,0,0.0,0.0,2,960,70,150.0,0.0,150.0,1.0,0.0,0.0,1,0,1,0.5000,0.0,0.5000,0,1.0,0.0,1.0,2,2,2,0.0,0.0,0.0,0.0,0.0,0.0,0.0,0.0,0,0,0.0,0,0,0.5025,0.1,0.0,1.0,0.0,0.0,0.0,0.0,0.0,0.0,0.0,0.0,0.0,0.0,outer_patrol_a,road_edge,0.36,15.965778
4166,86.0,52.4333,1,6.0,1.0,38,18240,38,136.2857,1.5196,137.8053,0.5429,1.8421,0.1579,1,0,1,0.0263,0.0,0.0263,0,0.7895,0.2105,0.7895,30,30,38,0.3039,0.3039,2.3554,0.2105,0.25,0.0,0.75,0.75,0,0,0.8182,11,9,0.57,0.1,0.1579,0.8158,0.0789,0.2895,0.0,0.0,0.8182,0.0,0.0,0.0,0.5623,0.0,completed,,0.36,16.282324
4167,39.9497,19.4876,0,4.0,0.6667,29,13920,70,150.0,2.0204,152.0204,1.0,1.6092,0.1379,0,0,0,0.0000,0.0,0.0000,0,0.7241,0.2759,0.7931,21,23,29,0.5051,0.5051,3.1316,0.2069,0.5,0.0,0.5,0.5,0,0,0.7778,9,7,0.5574,0.1,0.1034,0.7931,0.0,0.3103,0.0,0.0,0.7778,0.0,0.0,0.0,0.6931,0.0,outer_patrol_b,road_edge,0.36,16.123911
4168,86.0,53.6875,1,6.0,1.0,36,17280,36,135.4286,0.0,135.4286,0.5143,1.9444,0.1667,1,0,1,0.0278,0.0,0.0278,0,0.8611,0.1389,0.8611,31,31,36,0.0,0.0,0.0,0.1389,0.0,0.2,0.8,1.0,0,0,0.8,10,8,0.5534,0.1,0.0833,0.8056,0.0278,0.2778,0.0,0.0,0.8,0.0,0.0,0.0,0.5004,0.0,completed,,0.36,16.189658
4169,86.0,52.411,1,6.0,1.0,40,19200,40,137.1429,0.825,137.9679,0.5714,1.75,0.15,1,0,1,0.0250,0.0,0.0250,0,0.825,0.175,0.825,33,33,40,0.165,0.165,1.2788,0.175,0.1429,0.0,0.8571,0.8571,0,0,0.6154,13,8,0.5605,0.1,0.1,0.775,0.05,0.325,0.0,0.0,0.6154,0.0,0.0,0.0,0.4101,0.0,completed,,0.36,16.551558
4170,-10.0,-9.93,0,0.0,0.0,1,480,70,150.0,0.0,150.0,1.0,0.0,0.0,0,0,0,0.0000,0.0,0.0000,0,1.0,0.0,1.0,1,1,1,0.0,0.0,0.0,0.0,0.0,0.0,0.0,0.0,0,0,0.0,1,0,0.5259,0.1,0.0,1.0,0.0,1.0,0.0,0.0,0.0,0.0,0.0,0.0,0.0,0.0,outer_patrol_a,road_edge,0.36,16.372352
4171,68.66,33.4927,0,5.0,0.8333,37,17760,70,150.0,0.0,150.0,1.0,1.5766,0.1351,0,0,0,0.0000,0.0,0.0000,0,0.8378,0.1622,0.8649,31,32,37,0.0,0.0,0.0,0.1351,0.0,0.0,1.0,1.0,0,0,0.8889,9,8,0.5372,0.1,0.027,0.8378,0.0,0.2432,0.0,0.0,0.8889,0.0,0.0,0.0,-0.0,0.0,final_park,wall,0.36,15.064021
4172,86.0,50.6455,1,6.0,1.0,41,19680,41,137.5714,1.7484,139.3198,0.5857,1.7073,0.1463,0,0,0,0.0000,0.0,0.0000,0,0.7805,0.2195,0.8049,32,33,41,0.3497,0.3497,2.71,0.1951,0.25,0.125,0.625,0.75,0,0,0.5,10,5,0.5765,0.1,0.122,0.9024,0.0732,0.2439,0.0,0.0,0.5,0.0,0.0,0.0,0.9003,0.0,completed,,0.36,11.996459
4173,-10.0,-5.65,0,0.0,0.0,5,2400,70,150.0,0.0,150.0,1.0,0.0,0.0,0,0,0,0.0000,0.0,0.0000,0,1.0,0.0,1.0,5,5,5,0.0,0.0,0.0,0.0,0.0,0.0,0.0,0.0,0,0,0.0,0,0,0.4875,0.1,0.0,0.8,0.0,0.0,0.0,0.0,0.0,0.0,0.0,0.0,0.0,0.0,outer_patrol_a,road_edge,0.36,12.268731
4174,86.0,52.8675,1,6.0,1.0,38,18240,38,136.2857,0.0,136.2857,0.5429,1.8421,0.1579,1,0,1,0.0263,0.0,0.0263,0,0.8421,0.1579,0.8684,32,33,38,0.0,0.0,0.0,0.1316,0.0,0.2,0.8,1.0,0,0,0.75,12,9,0.5523,0.1,0.0789,0.7105,0.0263,0.3158,0.0,0.0,0.75,0.0,0.0,0.0,0.5004,0.0,completed,,0.36,11.538398
4175,86.0,50.2644,1,6.0,1.0,46,22080,46,139.7143,1.4648,141.1791,0.6571,1.5217,0.1304,0,0,0,0.0000,0.0,0.0000,0,0.7826,0.2174,0.8043,36,37,46,0.293,0.293,2.2704,0.1957,0.2222,0.0,0.7778,0.7778,0,0,0.5,16,8,0.5771,0.1,0.1304,0.7609,0.0435,0.3478,0.0,0.0,0.5,0.0,0.0,0.0,0.5297,0.0,completed,,0.36,13.405409
4176,86.0,51.1392,1,6.0,1.0,40,19200,40,137.1429,1.4164,138.5592,0.5714,1.75,0.15,0,0,0,0.0000,0.0,0.0000,0,0.775,0.225,0.825,31,33,40,0.2833,0.2833,2.1954,0.175,0.2857,0.0,0.7143,0.7143,0,0,0.6923,13,9,0.5691,0.1,0.15,0.8,0.05,0.325,0.0,0.0,0.6923,0.0,0.0,0.0,0.5983,0.0,completed,,0.36,12.576128
4177,5.5369,2.7009,0,1.0,0.1667,13,6240,70,150.0,0.0,150.0,1.0,0.8974,0.0769,1,0,1,0.0769,0.0,0.0769,0,0.9231,0.0769,0.9231,12,12,13,0.0,0.0,0.0,0.0769,0.0,1.0,0.0,1.0,0,0,0.6667,3,2,0.5449,0.1,0.0769,0.4615,0.0769,0.2308,0.0,0.0,0.6667,0.0,0.0,0.0,-0.0,0.0,enter_inner,obstacle,0.36,15.0221
4178,86.0,52.3881,1,6.0,1.0,42,20160,42,138.0,0.8373,138.8373,0.6,1.6667,0.1429,0,0,0,0.0000,0.0,0.0000,0,0.7857,0.2143,0.8095,33,34,42,0.1675,0.1675,1.2978,0.1905,0.125,0.0,0.875,0.875,0,0,0.5,12,6,0.5761,0.1,0.1905,0.7143,0.0714,0.2857,0.0,0.0,0.5,0.0,0.0,0.0,0.3768,0.0,completed,,0.36,15.807986
4179,39.8801,19.4537,0,4.0,0.6667,28,13440,70,150.0,0.8225,150.8225,1.0,1.6667,0.1429,0,0,0,0.0000,0.0,0.0000,0,0.75,0.25,0.75,21,21,28,0.2056,0.2056,1.2748,0.25,0.1429,0.1429,0.7143,0.8571,0,0,0.5,10,5,0.6096,0.1,0.25,0.9286,0.1429,0.3571,0.0,0.0,0.5,0.0,0.0,0.0,0.7963,0.0,outer_patrol_b,road_edge,0.36,13.390604
4180,46.9174,22.8865,0,4.0,0.6667,26,12480,70,150.0,0.0,150.0,1.0,1.7949,0.1538,0,0,0,0.0000,0.0,0.0000,0,0.8462,0.1538,0.8462,22,22,26,0.0,0.0,0.0,0.1538,0.0,0.0,1.0,1.0,0,0,0.6667,6,4,0.5519,0.1,0.0769,0.7692,0.0,0.2308,0.0,0.0,0.6667,0.0,0.0,0.0,-0.0,0.0,outer_patrol_b,road_edge,0.36,11.364229
4181,31.4183,15.326,0,3.0,0.5,21,10080,70,150.0,0.0,150.0,1.0,1.6667,0.1429,0,0,0,0.0000,0.0,0.0000,0,0.8571,0.1429,0.8571,18,18,21,0.0,0.0,0.0,0.1429,0.0,0.6667,0.3333,1.0,0,0,0.75,4,3,0.549,0.1,0.0476,0.8095,0.0,0.1905,0.0,0.0,0.75,0.0,0.0,0.0,0.6365,0.0,return_outer,obstacle,0.36,11.909743
4182,86.0,49.722,1,6.0,1.0,41,19680,41,137.5714,2.3524,139.9239,0.5857,1.7073,0.1463,1,0,1,0.0244,0.0,0.0244,0,0.8049,0.1951,0.8049,33,33,41,0.4705,0.4705,3.6463,0.1951,0.375,0.125,0.5,0.625,0,0,0.75,16,12,0.5684,0.1,0.1707,0.8049,0.0488,0.3902,0.0,0.0,0.75,0.0,0.0,0.0,0.9743,0.0,completed,,0.36,16.030546
4183,86.0,53.3824,1,6.0,1.0,39,18720,39,136.7143,0.8461,137.5604,0.5571,1.7949,0.1538,0,0,0,0.0000,0.0,0.0000,0,0.7949,0.2051,0.7949,31,31,39,0.1692,0.1692,1.3114,0.2051,0.125,0.0,0.875,0.875,0,0,0.7,10,7,0.5718,0.1,0.1538,0.7436,0.0769,0.2564,0.0,0.0,0.7,0.0,0.0,0.0,0.3768,0.0,completed,,0.36,15.273524
4184,13.96,6.8097,0,2.0,0.3333,15,7200,70,150.0,0.7924,150.7924,1.0,1.5556,0.1333,1,0,1,0.0667,0.0,0.0667,0,0.8,0.2,0.8,12,12,15,0.3962,0.3962,1.2283,0.2,0.3333,0.3333,0.3333,0.6667,0,0,1.0,3,3,0.5193,0.1,0.0667,0.8,0.0,0.2,0.0,0.0,1.0,0.0,0.0,0.0,1.0986,0.0,inner_patrol,obstacle,0.36,14.272443
4185,86.0,49.7371,1,6.0,1.0,43,20640,43,138.4286,1.6543,140.0829,0.6143,1.6279,0.1395,1,0,1,0.0233,0.0,0.0233,0,0.7907,0.2093,0.7907,34,34,43,0.3309,0.3309,2.5641,0.2093,0.2222,0.3333,0.4444,0.7778,0,0,0.5333,15,8,0.5942,0.1,0.1628,0.7674,0.093,0.3488,0.0,0.0,0.5333,0.0,0.0,0.0,1.0609,0.0,completed,,0.36,12.446542
4186,17.0032,8.2943,0,2.0,0.3333,14,6720,70,150.0,0.0,150.0,1.0,1.6667,0.1429,1,0,1,0.0714,0.0,0.0714,0,0.8571,0.1429,0.8571,12,12,14,0.0,0.0,0.0,0.1429,0.0,0.0,1.0,1.0,0,0,0.8,5,4,0.5391,0.1,0.1429,0.8571,0.0,0.3571,0.0,0.0,0.8,0.0,0.0,0.0,-0.0,0.0,inner_patrol,obstacle,0.36,13.429025
4187,25.455,12.4171,0,3.0,0.5,24,11520,70,150.0,1.6593,151.6593,1.0,1.4583,0.125,1,0,1,0.0417,0.0,0.0417,0,0.7917,0.2083,0.8333,19,20,24,0.5531,0.5531,2.5719,0.1667,0.5,0.25,0.25,0.5,0,0,0.6667,3,2,0.5506,0.1,0.125,0.75,0.0,0.125,0.0,0.0,0.6667,0.0,0.0,0.0,1.0397,0.0,return_outer,obstacle,0.36,12.514059
4188,86.0,54.5427,1,6.0,1.0,35,16800,35,135.0,0.0,135.0,0.5,2.0,0.1714,0,0,0,0.0000,0.0,0.0000,0,0.8571,0.1429,0.8571,30,30,35,0.0,0.0,0.0,0.1429,0.0,0.0,1.0,1.0,0,0,0.875,8,7,0.5404,0.1,0.0857,0.7429,0.0,0.2286,0.0,0.0,0.875,0.0,0.0,0.0,-0.0,0.0,completed,,0.36,12.024122
4189,86.0,52.7223,1,6.0,1.0,37,17760,37,135.8571,0.0,135.8571,0.5286,1.8919,0.1622,0,0,0,0.0000,0.0,0.0000,0,0.8378,0.1622,0.8649,31,32,37,0.0,0.0,0.0,0.1351,0.0,0.4,0.6,1.0,0,0,0.8333,12,10,0.5457,0.1,0.1081,0.7297,0.0,0.3243,0.0,0.0,0.8333,0.0,0.0,0.0,0.673,0.0,completed,,0.36,12.317309
4190,86.0,52.2637,1,6.0,1.0,39,18720,39,136.7143,0.7999,137.5142,0.5571,1.7949,0.1538,0,0,0,0.0000,0.0,0.0000,0,0.8462,0.1538,0.8462,33,33,39,0.16,0.16,1.2399,0.1538,0.1667,0.0,0.8333,0.8333,0,0,0.7,10,7,0.538,0.1,0.1026,0.7949,0.0,0.2564,0.0,0.0,0.7,0.0,0.0,0.0,0.4506,0.0,completed,,0.36,13.91119
4191,86.0,51.6343,1,6.0,1.0,40,19200,40,137.1429,0.8131,137.9559,0.5714,1.75,0.15,0,0,0,0.0000,0.0,0.0000,0,0.8,0.2,0.825,32,33,40,0.1626,0.1626,1.2603,0.175,0.1429,0.1429,0.7143,0.8571,0,0,0.5833,12,7,0.5645,0.1,0.15,0.725,0.05,0.3,0.0,0.0,0.5833,0.0,0.0,0.0,0.7963,0.0,completed,,0.36,13.596519
4192,86.0,50.9782,1,6.0,1.0,42,20160,42,138.0,0.8887,138.8887,0.6,1.6667,0.1429,0,0,0,0.0000,0.0,0.0000,0,0.8095,0.1905,0.8333,34,35,42,0.1777,0.1777,1.3776,0.1667,0.1429,0.0,0.8571,0.8571,0,0,0.5455,11,6,0.5468,0.1,0.119,0.7857,0.0238,0.2619,0.0,0.0,0.5455,0.0,0.0,0.0,0.4101,0.0,completed,,0.36,12.910418
4193,86.0,52.0233,1,6.0,1.0,39,18720,39,136.7143,0.6982,137.4125,0.5571,1.7949,0.1538,0,0,0,0.0000,0.0,0.0000,0,0.8205,0.1795,0.8462,32,33,39,0.1396,0.1396,1.0823,0.1538,0.1667,0.0,0.8333,0.8333,0,0,0.75,8,6,0.5503,0.1,0.0769,0.6667,0.0256,0.2051,0.0,0.0,0.75,0.0,0.0,0.0,0.4506,0.0,completed,,0.36,9.120866
4194,86.0,51.2966,1,6.0,1.0,42,20160,42,138.0,1.3019,139.3019,0.6,1.6667,0.1429,1,0,1,0.0238,0.0,0.0238,0,0.8095,0.1905,0.8333,34,35,42,0.2604,0.2604,2.0179,0.1667,0.2857,0.0,0.7143,0.7143,0,0,0.4545,11,5,0.5716,0.1,0.1667,0.7857,0.0714,0.2619,0.0,0.0,0.4545,0.0,0.0,0.0,0.5983,0.0,completed,,0.36,11.320158
4195,15.226,7.4273,0,2.0,0.3333,19,9120,70,150.0,0.0,150.0,1.0,1.2281,0.1053,0,0,0,0.0000,0.0,0.0000,0,0.7895,0.2105,0.7895,15,15,19,0.0,0.0,0.0,0.2105,0.0,0.25,0.75,1.0,0,0,0.375,8,3,0.5815,0.1,0.2105,1.0,0.1053,0.4211,0.0,0.0,0.375,0.0,0.0,0.0,0.5623,0.0,inner_patrol,obstacle,0.36,13.621811
4196,86.0,53.4356,1,6.0,1.0,38,18240,38,136.2857,0.0,136.2857,0.5429,1.8421,0.1579,0,0,0,0.0000,0.0,0.0000,0,0.8421,0.1579,0.8421,32,32,38,0.0,0.0,0.0,0.1579,0.0,0.1667,0.8333,1.0,0,0,0.7143,14,10,0.5524,0.1,0.0789,0.7895,0.0,0.3684,0.0,0.0,0.7143,0.0,0.0,0.0,0.4506,0.0,completed,,0.36,15.664372
4197,86.0,53.0747,1,6.0,1.0,38,18240,38,136.2857,0.0,136.2857,0.5429,1.8421,0.1579,1,0,1,0.0263,0.0,0.0263,0,0.8421,0.1579,0.8684,32,33,38,0.0,0.0,0.0,0.1316,0.0,0.0,1.0,1.0,0,0,1.0,4,4,0.5384,0.1,0.0526,0.6316,0.0,0.1053,0.0,0.0,1.0,0.0,0.0,0.0,-0.0,0.0,completed,,0.36,14.433028
4198,86.0,54.0527,1,6.0,1.0,36,17280,36,135.4286,0.0,135.4286,0.5143,1.9444,0.1667,0,0,0,0.0000,0.0,0.0000,0,0.8333,0.1667,0.8611,30,31,36,0.0,0.0,0.0,0.1389,0.0,0.0,1.0,1.0,0,0,0.6667,6,4,0.53,0.1,0.0278,0.6667,0.0,0.1667,0.0,0.0,0.6667,0.0,0.0,0.0,-0.0,0.0,completed,,0.36,14.70997
4199,86.0,54.3895,1,6.0,1.0,34,16320,34,134.5714,0.0,134.5714,0.4857,2.0588,0.1765,1,0,1,0.0294,0.0,0.0294,0,0.8529,0.1471,0.8529,29,29,34,0.0,0.0,0.0,0.1471,0.0,0.2,0.8,1.0,0,0,1.0,8,8,0.5422,0.1,0.0588,0.7353,0.0,0.2353,0.0,0.0,1.0,0.0,0.0,0.0,0.5004,0.0,completed,,0.36,14.523874
4200,86.0,50.3462,1,6.0,1.0,43,20640,43,138.4286,1.6299,140.0584,0.6143,1.6279,0.1395,0,0,0,0.0000,0.0,0.0000,0,0.8372,0.1628,0.8372,36,36,43,0.326,0.326,2.5263,0.1628,0.2857,0.0,0.7143,0.7143,0,0,0.5333,15,8,0.5744,0.1,0.2326,0.6977,0.0698,0.3488,0.0,0.0,0.5333,0.0,0.0,0.0,0.5983,0.0,completed,,0.36,15.603514
4201,29.4591,14.3703,0,3.0,0.5,24,11520,70,150.0,0.6541,150.6541,1.0,1.4583,0.125,1,0,1,0.0417,0.0,0.0417,0,0.8333,0.1667,0.8333,20,20,24,0.218,0.218,1.0138,0.1667,0.25,0.25,0.5,0.75,0,0,0.8182,11,9,0.5873,0.1,0.125,0.7917,0.0833,0.4583,0.0,0.0,0.8182,0.0,0.0,0.0,1.0397,0.0,return_outer,obstacle,0.36,11.776161
4202,86.0,49.7913,1,6.0,1.0,39,18720,39,136.7143,2.1437,138.858,0.5571,1.7949,0.1538,1,0,1,0.0256,0.0,0.0256,0,0.7949,0.2051,0.8205,31,32,39,0.4287,0.4287,3.3228,0.1795,0.4286,0.1429,0.4286,0.5714,0,0,0.8571,14,12,0.5534,0.1,0.1282,0.8718,0.0,0.359,0.0,0.0,0.8571,0.0,0.0,0.0,1.0042,0.0,completed,,0.36,13.411451
4203,86.0,54.2247,1,6.0,1.0,35,16800,35,135.0,0.0,135.0,0.5,2.0,0.1714,0,0,0,0.0000,0.0,0.0000,0,0.8571,0.1429,0.8571,30,30,35,0.0,0.0,0.0,0.1429,0.0,0.0,1.0,1.0,0,0,0.8,5,4,0.5264,0.1,0.0571,0.6286,0.0,0.1429,0.0,0.0,0.8,0.0,0.0,0.0,-0.0,0.0,completed,,0.36,12.227475
4204,86.0,53.3995,1,6.0,1.0,37,17760,37,135.8571,0.0,135.8571,0.5286,1.8919,0.1622,0,0,0,0.0000,0.0,0.0000,0,0.8649,0.1351,0.8649,32,32,37,0.0,0.0,0.0,0.1351,0.0,0.2,0.8,1.0,0,0,0.7,10,7,0.5418,0.1,0.0541,0.7838,0.0,0.2703,0.0,0.0,0.7,0.0,0.0,0.0,0.5004,0.0,completed,,0.36,11.91104
4205,86.0,49.838,1,6.0,1.0,44,21120,44,138.8571,1.6869,140.544,0.6286,1.5909,0.1364,0,0,0,0.0000,0.0,0.0000,0,0.7955,0.2045,0.8182,35,36,44,0.3374,0.3374,2.6146,0.1818,0.25,0.0,0.75,0.75,0,0,0.5714,14,8,0.5803,0.1,0.1818,0.8636,0.0682,0.3182,0.0,0.0,0.5714,0.0,0.0,0.0,0.5623,0.0,completed,,0.36,14.544971
4206,48.5041,23.6605,0,4.0,0.6667,35,16800,70,150.0,2.207,152.207,1.0,1.3333,0.1143,0,0,0,0.0000,0.0,0.0000,0,0.8,0.2,0.8,28,28,35,0.5517,0.5517,3.4208,0.2,0.4286,0.0,0.5714,0.5714,0,0,0.6667,12,8,0.5936,0.1,0.1714,0.7429,0.0857,0.3429,0.0,0.0,0.6667,0.0,0.0,0.0,0.6829,0.0,outer_patrol_b,road_edge,0.36,14.879273
4207,86.0,54.4188,1,6.0,1.0,36,17280,36,135.4286,0.0,135.4286,0.5143,1.9444,0.1667,1,0,1,0.0278,0.0,0.0278,0,0.8056,0.1944,0.8333,29,30,36,0.0,0.0,0.0,0.1667,0.0,0.0,1.0,1.0,0,0,0.8,10,8,0.5453,0.1,0.0833,0.75,0.0,0.2778,0.0,0.0,0.8,0.0,0.0,0.0,-0.0,0.0,completed,,0.36,17.407791
4208,86.0,51.0612,1,6.0,1.0,41,19680,41,137.5714,1.4866,139.0581,0.5857,1.7073,0.1463,1,0,1,0.0244,0.0,0.0244,0,0.8049,0.1951,0.8049,33,33,41,0.2973,0.2973,2.3043,0.1951,0.25,0.125,0.625,0.75,0,0,0.75,16,12,0.579,0.1,0.1463,0.8293,0.0732,0.3902,0.0,0.0,0.75,0.0,0.0,0.0,0.9003,0.0,completed,,0.36,14.038838
4209,86.0,52.3395,1,6.0,1.0,39,18720,39,136.7143,0.0,136.7143,0.5571,1.7949,0.1538,1,0,1,0.0256,0.0,0.0256,0,0.7949,0.2051,0.8718,31,34,39,0.0,0.0,0.0,0.1282,0.0,0.2,0.8,1.0,0,0,0.7778,9,7,0.5299,0.1,0.0513,0.8462,0.0,0.2308,0.0,0.0,0.7778,0.0,0.0,0.0,0.5004,0.0,completed,,0.36,14.964913
4210,67.4155,32.8856,0,5.0,0.8333,37,17760,70,150.0,0.0,150.0,1.0,1.5766,0.1351,0,0,0,0.0000,0.0,0.0000,0,0.8108,0.1892,0.8378,30,31,37,0.0,0.0,0.0,0.1622,0.0,0.1667,0.8333,1.0,0,0,0.5556,9,5,0.5628,0.1,0.1081,0.7838,0.0541,0.2432,0.0,0.0,0.5556,0.0,0.0,0.0,0.4506,0.0,final_park,wall,0.36,12.682535
4211,86.0,51.7586,1,6.0,1.0,39,18720,39,136.7143,1.5097,138.224,0.5571,1.7949,0.1538,1,0,1,0.0256,0.0,0.0256,0,0.7692,0.2308,0.7949,30,31,39,0.3019,0.3019,2.34,0.2051,0.25,0.0,0.75,0.75,0,0,0.8571,7,6,0.5494,0.1,0.0769,0.7436,0.0256,0.1795,0.0,0.0,0.8571,0.0,0.0,0.0,0.5623,0.0,completed,,0.36,11.01027
4212,18.4095,8.9803,0,2.0,0.3333,17,8160,70,150.0,0.0,150.0,1.0,1.3725,0.1176,0,0,0,0.0000,0.0,0.0000,0,0.8824,0.1176,0.8824,15,15,17,0.0,0.0,0.0,0.1176,0.0,0.0,1.0,1.0,0,0,0.8333,6,5,0.5293,0.1,0.0588,0.7059,0.0,0.3529,0.0,0.0,0.8333,0.0,0.0,0.0,-0.0,0.0,inner_patrol,obstacle,0.36,12.22181
4213,63.3992,30.9265,0,5.0,0.8333,40,19200,70,150.0,1.4117,151.4117,1.0,1.4583,0.125,0,0,0,0.0000,0.0,0.0000,0,0.825,0.175,0.825,33,33,40,0.2823,0.2823,2.1881,0.175,0.2857,0.0,0.7143,0.7143,0,0,0.6154,13,8,0.5718,0.1,0.125,0.75,0.05,0.325,0.0,0.0,0.6154,0.0,0.0,0.0,0.5983,0.0,final_park,wall,0.36,16.975058
4214,86.0,54.2388,1,6.0,1.0,37,17760,37,135.8571,0.0,135.8571,0.5286,1.8919,0.1622,1,0,1,0.0270,0.0,0.0270,0,0.8108,0.1892,0.8378,30,31,37,0.0,0.0,0.0,0.1622,0.0,0.0,1.0,1.0,0,0,0.6,5,3,0.5416,0.1,0.027,0.7297,0.027,0.1351,0.0,0.0,0.6,0.0,0.0,0.0,-0.0,0.0,completed,,0.36,18.789517
4215,86.0,51.374,1,6.0,1.0,39,18720,39,136.7143,0.8803,137.5945,0.5571,1.7949,0.1538,1,0,1,0.0256,0.0,0.0256,0,0.7949,0.2051,0.8462,31,33,39,0.1761,0.1761,1.3644,0.1538,0.1667,0.1667,0.6667,0.8333,0,0,0.8333,12,10,0.5594,0.1,0.1282,0.7692,0.0513,0.3077,0.0,0.0,0.8333,0.0,0.0,0.0,0.8676,0.0,completed,,0.36,18.481345
4216,70.2467,34.2667,0,5.0,0.8333,35,16800,70,150.0,0.0,150.0,1.0,1.6667,0.1429,0,0,0,0.0000,0.0,0.0000,0,0.8571,0.1429,0.8571,30,30,35,0.0,0.0,0.0,0.1429,0.0,0.0,1.0,1.0,0,0,0.9286,14,13,0.5472,0.1,0.0857,0.8286,0.0,0.4,0.0,0.0,0.9286,0.0,0.0,0.0,-0.0,0.0,final_park,wall,0.36,17.123753
4217,86.0,54.3827,1,6.0,1.0,35,16800,35,135.0,0.0,135.0,0.5,2.0,0.1714,0,0,0,0.0000,0.0,0.0000,0,0.8286,0.1714,0.8571,29,30,35,0.0,0.0,0.0,0.1429,0.0,0.0,1.0,1.0,0,0,0.875,8,7,0.5463,0.1,0.0857,0.6571,0.0,0.2286,0.0,0.0,0.875,0.0,0.0,0.0,-0.0,0.0,completed,,0.36,19.240441
4218,86.0,53.0481,1,6.0,1.0,40,19200,40,137.1429,0.7844,137.9272,0.5714,1.75,0.15,0,0,0,0.0000,0.0,0.0000,0,0.8,0.2,0.8,32,32,40,0.1569,0.1569,1.2158,0.2,0.125,0.0,0.875,0.875,0,0,0.6429,14,9,0.5719,0.1,0.2,0.85,0.05,0.35,0.0,0.0,0.6429,0.0,0.0,0.0,0.3768,0.0,completed,,0.36,15.839796
4219,86.0,52.3507,1,6.0,1.0,37,17760,37,135.8571,0.8308,136.6879,0.5286,1.8919,0.1622,1,0,1,0.0270,0.0,0.0270,0,0.8378,0.1622,0.8378,31,31,37,0.1662,0.1662,1.2877,0.1622,0.1667,0.1667,0.6667,0.8333,0,0,0.9,10,9,0.5471,0.1,0.0811,0.7838,0.027,0.2703,0.0,0.0,0.9,0.0,0.0,0.0,0.8676,0.0,completed,,0.36,19.327845
4220,86.0,49.3654,1,6.0,1.0,41,19680,41,137.5714,2.4025,139.974,0.5857,1.7073,0.1463,0,0,0,0.0000,0.0,0.0000,0,0.8293,0.1707,0.8293,34,34,41,0.4805,0.4805,3.7239,0.1707,0.4286,0.0,0.5714,0.5714,0,0,0.7778,9,7,0.55,0.1,0.122,0.7561,0.0,0.2195,0.0,0.0,0.7778,0.0,0.0,0.0,0.6829,0.0,completed,,0.36,18.729058
4221,86.0,51.5736,1,6.0,1.0,43,20640,43,138.4286,0.0,138.4286,0.6143,1.6279,0.1395,1,0,1,0.0233,0.0,0.0233,0,0.814,0.186,0.8605,35,37,43,0.0,0.0,0.0,0.1395,0.0,0.1667,0.8333,1.0,0,0,0.5714,14,8,0.556,0.1,0.1163,0.8372,0.0465,0.3256,0.0,0.0,0.5714,0.0,0.0,0.0,0.4506,0.0,completed,,0.36,23.492259
4222,23.8324,11.6256,0,2.0,0.3333,25,12000,70,150.0,0.6688,150.6688,1.0,0.9333,0.08,1,0,1,0.0400,0.0,0.0400,0,0.84,0.16,0.84,21,21,25,0.3344,0.3344,1.0366,0.16,0.25,0.25,0.5,0.75,0,0,0.5455,11,6,0.6015,0.1,0.24,0.88,0.12,0.44,0.0,0.0,0.5455,0.0,0.0,0.0,1.0397,0.0,inner_patrol,obstacle,0.36,19.508332
4223,86.0,51.515,1,6.0,1.0,37,17760,37,135.8571,1.3795,137.2366,0.5286,1.8919,0.1622,0,0,0,0.0000,0.0,0.0000,0,0.8378,0.1622,0.8378,31,31,37,0.2759,0.2759,2.1382,0.1622,0.3333,0.1667,0.5,0.6667,0,0,0.8889,9,8,0.5452,0.1,0.1081,0.8378,0.0,0.2432,0.0,0.0,0.8889,0.0,0.0,0.0,1.0114,0.0,completed,,0.36,19.426371
4224,86.0,54.0175,1,6.0,1.0,35,16800,35,135.0,0.0,135.0,0.5,2.0,0.1714,1,0,1,0.0286,0.0,0.0286,0,0.8571,0.1429,0.8571,30,30,35,0.0,0.0,0.0,0.1429,0.0,0.2,0.8,1.0,0,0,0.8889,9,8,0.5435,0.1,0.0286,0.8571,0.0,0.2571,0.0,0.0,0.8889,0.0,0.0,0.0,0.5004,0.0,completed,,0.36,13.807149
4225,30.4901,14.8732,0,3.0,0.5,23,11040,70,150.0,0.0,150.0,1.0,1.5217,0.1304,0,0,0,0.0000,0.0,0.0000,0,0.8696,0.1304,0.8696,20,20,23,0.0,0.0,0.0,0.1304,0.0,0.3333,0.6667,1.0,0,0,0.75,8,6,0.5474,0.1,0.087,0.913,0.0,0.3478,0.0,0.0,0.75,0.0,0.0,0.0,0.6365,0.0,return_outer,obstacle,0.36,13.94795
4226,86.0,51.7629,1,6.0,1.0,39,18720,39,136.7143,0.8087,137.523,0.5571,1.7949,0.1538,1,0,1,0.0256,0.0,0.0256,0,0.8462,0.1538,0.8462,33,33,39,0.1617,0.1617,1.2535,0.1538,0.1667,0.1667,0.6667,0.8333,0,0,0.5,8,4,0.5447,0.1,0.0256,0.7179,0.0256,0.2051,0.0,0.0,0.5,0.0,0.0,0.0,0.8676,0.0,completed,,0.36,14.419578
4227,86.0,53.3056,1,6.0,1.0,38,18240,38,136.2857,0.0,136.2857,0.5429,1.8421,0.1579,1,0,1,0.0263,0.0,0.0263,0,0.8421,0.1579,0.8421,32,32,38,0.0,0.0,0.0,0.1579,0.0,0.1667,0.8333,1.0,0,0,0.7,10,7,0.5492,0.1,0.1053,0.7895,0.0263,0.2632,0.0,0.0,0.7,0.0,0.0,0.0,0.4506,0.0,completed,,0.36,11.958801
4228,63.9798,31.2097,0,5.0,0.8333,42,20160,70,150.0,0.8935,150.8935,1.0,1.3889,0.119,1,0,1,0.0238,0.0,0.0238,0,0.8095,0.1905,0.8333,34,35,42,0.1787,0.1787,1.3849,0.1667,0.1429,0.1429,0.7143,0.8571,0,0,0.7059,17,12,0.5596,0.1,0.1429,0.881,0.0476,0.4048,0.0,0.0,0.7059,0.0,0.0,0.0,0.7963,0.0,final_park,wall,0.36,10.383342
4229,86.0,52.3451,1,6.0,1.0,39,18720,39,136.7143,0.7785,137.4927,0.5571,1.7949,0.1538,0,0,0,0.0000,0.0,0.0000,0,0.8205,0.1795,0.8205,32,32,39,0.1557,0.1557,1.2066,0.1795,0.1429,0.0,0.8571,0.8571,0,0,0.6923,13,9,0.5601,0.1,0.0769,0.7436,0.0256,0.3333,0.0,0.0,0.6923,0.0,0.0,0.0,0.4101,0.0,completed,,0.36,13.249654
4230,86.0,53.7117,1,6.0,1.0,38,18240,38,136.2857,0.0,136.2857,0.5429,1.8421,0.1579,0,0,0,0.0000,0.0,0.0000,0,0.7895,0.2105,0.8158,30,31,38,0.0,0.0,0.0,0.1842,0.0,0.1429,0.8571,1.0,0,0,0.4,5,2,0.5435,0.1,0.0789,0.7632,0.0263,0.1316,0.0,0.0,0.4,0.0,0.0,0.0,0.4101,0.0,completed,,0.36,16.302183
4231,5.5369,2.7009,0,1.0,0.1667,13,6240,70,150.0,0.0,150.0,1.0,0.8974,0.0769,0,0,0,0.0000,0.0,0.0000,0,0.9231,0.0769,0.9231,12,12,13,0.0,0.0,0.0,0.0769,0.0,1.0,0.0,1.0,0,0,0.8,5,4,0.5259,0.1,0.0769,0.6154,0.0,0.3846,0.0,0.0,0.8,0.0,0.0,0.0,-0.0,0.0,enter_inner,obstacle,0.36,17.894059
4232,86.0,54.4528,1,6.0,1.0,36,17280,36,135.4286,0.0,135.4286,0.5143,1.9444,0.1667,0,0,0,0.0000,0.0,0.0000,0,0.8333,0.1667,0.8611,30,31,36,0.0,0.0,0.0,0.1667,0.0,0.0,1.0,1.0,0,0,0.8182,11,9,0.5478,0.1,0.0833,0.8333,0.0278,0.3056,0.0,0.0,0.8182,0.0,0.0,0.0,-0.0,0.0,completed,,0.36,17.180839
4233,86.0,51.6841,1,6.0,1.0,40,19200,40,137.1429,0.7874,137.9302,0.5714,1.75,0.15,0,0,0,0.0000,0.0,0.0000,0,0.825,0.175,0.825,33,33,40,0.1575,0.1575,1.2205,0.175,0.1429,0.1429,0.7143,0.8571,0,0,0.6667,12,8,0.5607,0.1,0.125,0.8,0.05,0.3,0.0,0.0,0.6667,0.0,0.0,0.0,0.7963,0.0,completed,,0.36,13.138687
4234,86.0,50.3393,1,6.0,1.0,41,19680,41,137.5714,1.6233,139.1948,0.5857,1.7073,0.1463,0,0,0,0.0000,0.0,0.0000,0,0.7805,0.2195,0.8049,32,33,41,0.3247,0.3247,2.5162,0.1951,0.25,0.125,0.625,0.75,0,0,0.6364,11,7,0.5567,0.1,0.1707,0.8049,0.0244,0.2683,0.0,0.0,0.6364,0.0,0.0,0.0,0.9003,0.0,completed,,0.36,13.479724
4235,86.0,50.0189,1,6.0,1.0,45,21600,45,139.2857,1.6572,140.9429,0.6429,1.5556,0.1333,0,0,0,0.0000,0.0,0.0000,0,0.7556,0.2444,0.8,34,36,45,0.3314,0.3314,2.5687,0.2,0.2222,0.1111,0.6667,0.7778,0,0,0.5882,17,10,0.5971,0.1,0.1778,0.8222,0.1333,0.3778,0.0,0.0,0.5882,0.0,0.0,0.0,0.8487,0.0,completed,,0.36,18.191388
4236,42.9136,20.9335,0,4.0,0.6667,24,11520,70,150.0,0.0,150.0,1.0,1.9444,0.1667,1,0,1,0.0417,0.0,0.0417,0,0.7083,0.2917,0.7917,17,19,24,0.0,0.0,0.0,0.2083,0.0,0.2,0.8,1.0,0,0,0.8571,7,6,0.56,0.1,0.0417,0.75,0.0417,0.2917,0.0,0.0,0.8571,0.0,0.0,0.0,0.5004,0.0,outer_patrol_b,road_edge,0.36,18.107794
4237,65.8919,32.1424,0,5.0,0.8333,39,18720,70,150.0,0.6802,150.6802,1.0,1.4957,0.1282,1,0,1,0.0256,0.0,0.0256,0,0.7179,0.2821,0.7949,28,31,39,0.136,0.136,1.0543,0.2051,0.125,0.125,0.75,0.875,0,0,0.75,12,9,0.5539,0.1,0.1538,0.7692,0.0256,0.3077,0.0,0.0,0.75,0.0,0.0,0.0,0.7356,0.0,final_park,wall,0.36,14.905622
4238,86.0,52.6548,1,6.0,1.0,36,17280,36,135.4286,0.6694,136.098,0.5143,1.9444,0.1667,0,0,0,0.0000,0.0,0.0000,0,0.8333,0.1667,0.8333,30,30,36,0.1339,0.1339,1.0376,0.1667,0.1667,0.1667,0.6667,0.8333,0,0,0.9167,12,11,0.5631,0.1,0.0833,0.7778,0.0556,0.3333,0.0,0.0,0.9167,0.0,0.0,0.0,0.8676,0.0,completed,,0.36,10.950903
4239,37.4997,18.2925,0,4.0,0.6667,28,13440,70,150.0,1.4547,151.4547,1.0,1.6667,0.1429,0,0,0,0.0000,0.0,0.0000,0,0.75,0.25,0.75,21,21,28,0.3637,0.3637,2.2548,0.25,0.2857,0.1429,0.5714,0.7143,0,0,0.6923,13,9,0.6142,0.1,0.2143,0.9286,0.1429,0.4643,0.0,0.0,0.6923,0.0,0.0,0.0,0.9557,0.0,outer_patrol_b,road_edge,0.36,13.686635
4240,86.0,53.6875,1,6.0,1.0,36,17280,36,135.4286,0.0,135.4286,0.5143,1.9444,0.1667,0,0,0,0.0000,0.0,0.0000,0,0.8611,0.1389,0.8611,31,31,36,0.0,0.0,0.0,0.1389,0.0,0.2,0.8,1.0,0,0,0.8462,13,11,0.5495,0.1,0.1111,0.7778,0.0,0.3611,0.0,0.0,0.8462,0.0,0.0,0.0,0.5004,0.0,completed,,0.36,16.675208
4241,86.0,51.3122,1,6.0,1.0,39,18720,39,136.7143,1.4433,138.1576,0.5571,1.7949,0.1538,1,0,1,0.0256,0.0,0.0256,0,0.8205,0.1795,0.8205,32,32,39,0.2887,0.2887,2.2371,0.1795,0.2857,0.1429,0.5714,0.7143,0,0,0.7273,11,8,0.5777,0.1,0.1538,0.7436,0.0769,0.2821,0.0,0.0,0.7273,0.0,0.0,0.0,0.9557,0.0,completed,,0.36,12.487327
4242,14.3918,7.0204,0,2.0,0.3333,21,10080,70,150.0,0.0,150.0,1.0,1.1111,0.0952,0,0,0,0.0000,0.0,0.0000,0,0.8095,0.1905,0.8571,17,18,21,0.0,0.0,0.0,0.1429,0.0,0.0,1.0,1.0,0,0,0.2857,7,2,0.5979,0.1,0.1905,0.5714,0.1905,0.3333,0.0,0.0,0.2857,0.0,0.0,0.0,-0.0,0.0,inner_patrol,obstacle,0.36,12.378177
4243,-10.0,-6.72,0,0.0,0.0,4,1920,70,150.0,0.0,150.0,1.0,0.0,0.0,1,0,1,0.2500,0.0,0.2500,0,1.0,0.0,1.0,4,4,4,0.0,0.0,0.0,0.0,0.0,0.0,0.0,0.0,0,0,1.0,1,1,0.4916,0.1,0.0,1.0,0.0,0.25,0.0,0.0,1.0,0.0,0.0,0.0,0.0,0.0,outer_patrol_a,road_edge,0.36,11.059031
4244,0.902,0.44,0,0.0,0.0,12,5760,70,150.0,0.0,150.0,1.0,0.0,0.0,0,0,0,0.0000,0.0,0.0000,0,1.0,0.0,1.0,12,12,12,0.0,0.0,0.0,0.0,0.0,0.0,0.0,0.0,0,0,0.8,5,4,0.5003,0.1,0.0,0.75,0.0,0.4167,0.0,0.0,0.8,0.0,0.0,0.0,0.0,0.0,outer_patrol_a,road_edge,0.36,11.139767
4245,86.0,51.962,1,6.0,1.0,39,18720,39,136.7143,0.6862,137.4005,0.5571,1.7949,0.1538,1,0,1,0.0256,0.0,0.0256,0,0.8205,0.1795,0.8462,32,33,39,0.1372,0.1372,1.0636,0.1538,0.1667,0.0,0.8333,0.8333,0,0,0.75,8,6,0.5557,0.1,0.1026,0.7692,0.0256,0.2051,0.0,0.0,0.75,0.0,0.0,0.0,0.4506,0.0,completed,,0.36,11.370881
4246,-10.0,-6.72,0,0.0,0.0,4,1920,70,150.0,0.0,150.0,1.0,0.0,0.0,0,0,0,0.0000,0.0,0.0000,0,1.0,0.0,1.0,4,4,4,0.0,0.0,0.0,0.0,0.0,0.0,0.0,0.0,0,0,0.0,1,0,0.4829,0.1,0.0,1.0,0.0,0.25,0.0,0.0,0.0,0.0,0.0,0.0,0.0,0.0,outer_patrol_a,road_edge,0.36,12.268858
4247,86.0,52.9167,1,6.0,1.0,36,17280,36,135.4286,0.6353,136.0639,0.5143,1.9444,0.1667,0,0,0,0.0000,0.0,0.0000,0,0.8611,0.1389,0.8611,31,31,36,0.1271,0.1271,0.9848,0.1389,0.2,0.0,0.8,0.8,0,0,0.9091,11,10,0.5485,0.1,0.0556,0.8056,0.0,0.3056,0.0,0.0,0.9091,0.0,0.0,0.0,0.5004,0.0,completed,,0.36,14.353202
4248,26.1069,12.7351,0,2.0,0.3333,21,10080,70,150.0,0.0,150.0,1.0,1.1111,0.0952,1,0,1,0.0476,0.0,0.0476,0,0.9048,0.0952,0.9048,19,19,21,0.0,0.0,0.0,0.0952,0.0,0.5,0.5,1.0,0,0,0.7143,7,5,0.5652,0.1,0.1429,0.9048,0.0476,0.3333,0.0,0.0,0.7143,0.0,0.0,0.0,0.6931,0.0,inner_patrol,obstacle,0.36,14.142676
4249,55.7204,27.1807,0,4.0,0.6667,32,15360,70,150.0,0.0,150.0,1.0,1.4583,0.125,1,0,1,0.0312,0.0,0.0312,0,0.8125,0.1875,0.8438,26,27,32,0.0,0.0,0.0,0.1562,0.0,0.0,1.0,1.0,0,0,0.5833,12,7,0.5603,0.1,0.0625,0.8438,0.0312,0.375,0.0,0.0,0.5833,0.0,0.0,0.0,-0.0,0.0,outer_patrol_b,road_edge,0.36,13.05368
4250,86.0,52.2907,1,6.0,1.0,39,18720,39,136.7143,0.713,137.4272,0.5571,1.7949,0.1538,0,0,0,0.0000,0.0,0.0000,0,0.7949,0.2051,0.8205,31,32,39,0.1426,0.1426,1.1051,0.1795,0.1429,0.0,0.8571,0.8571,0,0,0.7,10,7,0.5555,0.1,0.1026,0.8718,0.0256,0.2564,0.0,0.0,0.7,0.0,0.0,0.0,0.4101,0.0,completed,,0.36,13.220126
4251,86.0,53.9327,1,6.0,1.0,36,17280,36,135.4286,0.0,135.4286,0.5143,1.9444,0.1667,1,0,1,0.0278,0.0,0.0278,0,0.8611,0.1389,0.8611,31,31,36,0.0,0.0,0.0,0.1389,0.0,0.0,1.0,1.0,0,0,0.7778,9,7,0.5314,0.1,0.0556,0.6667,0.0,0.25,0.0,0.0,0.7778,0.0,0.0,0.0,-0.0,0.0,completed,,0.36,12.883916
4252,0.902,0.44,0,0.0,0.0,12,5760,70,150.0,0.0,150.0,1.0,0.0,0.0,0,0,0,0.0000,0.0,0.0000,0,1.0,0.0,1.0,12,12,12,0.0,0.0,0.0,0.0,0.0,0.0,0.0,0.0,0,0,1.0,4,4,0.5063,0.1,0.0,0.6667,0.0,0.3333,0.0,0.0,1.0,0.0,0.0,0.0,0.0,0.0,outer_patrol_a,road_edge,0.36,14.589249
4253,86.0,49.8935,1,6.0,1.0,44,21120,44,138.8571,2.1123,140.9695,0.6286,1.5909,0.1364,1,0,1,0.0227,0.0,0.0227,0,0.7727,0.2273,0.7955,34,35,44,0.4225,0.4225,3.2741,0.2045,0.3333,0.0,0.6667,0.6667,0,0,0.6154,13,8,0.5853,0.1,0.1364,0.7955,0.1136,0.2955,0.0,0.0,0.6154,0.0,0.0,0.0,0.6365,0.0,completed,,0.36,15.086675
4254,86.0,53.9688,1,6.0,1.0,37,17760,37,135.8571,0.0,135.8571,0.5286,1.8919,0.1622,0,0,0,0.0000,0.0,0.0000,0,0.8378,0.1622,0.8378,31,31,37,0.0,0.0,0.0,0.1622,0.0,0.0,1.0,1.0,0,0,0.625,8,5,0.5409,0.1,0.1351,0.7838,0.0,0.2162,0.0,0.0,0.625,0.0,0.0,0.0,-0.0,0.0,completed,,0.36,16.410439
4255,86.0,52.1982,1,6.0,1.0,39,18720,39,136.7143,0.6053,137.3196,0.5571,1.7949,0.1538,1,0,1,0.0256,0.0,0.0256,0,0.8205,0.1795,0.8462,32,33,39,0.1211,0.1211,0.9382,0.1538,0.1667,0.1667,0.6667,0.8333,0,0,0.9091,11,10,0.5489,0.1,0.1026,0.641,0.0256,0.2821,0.0,0.0,0.9091,0.0,0.0,0.0,0.8676,0.0,completed,,0.36,17.472868
4256,86.0,51.4496,1,6.0,1.0,38,18240,38,136.2857,1.5205,137.8062,0.5429,1.8421,0.1579,0,0,0,0.0000,0.0,0.0000,0,0.8421,0.1579,0.8421,32,32,38,0.3041,0.3041,2.3568,0.1579,0.3333,0.0,0.6667,0.6667,0,0,0.7778,9,7,0.5425,0.1,0.1053,0.8158,0.0,0.2368,0.0,0.0,0.7778,0.0,0.0,0.0,0.6365,0.0,completed,,0.36,17.456106
4257,-2.8085,-1.37,0,0.0,0.0,9,4320,70,150.0,0.0,150.0,1.0,0.0,0.0,1,0,1,0.1111,0.0,0.1111,0,1.0,0.0,1.0,9,9,9,0.0,0.0,0.0,0.0,0.0,0.0,0.0,0.0,0,0,1.0,1,1,0.4786,0.1,0.0,0.6667,0.0,0.1111,0.0,0.0,1.0,0.0,0.0,0.0,0.0,0.0,outer_patrol_a,road_edge,0.36,16.617675
4258,86.0,54.0527,1,6.0,1.0,36,17280,36,135.4286,0.0,135.4286,0.5143,1.9444,0.1667,1,0,1,0.0278,0.0,0.0278,0,0.8333,0.1667,0.8611,30,31,36,0.0,0.0,0.0,0.1389,0.0,0.0,1.0,1.0,0,0,1.0,13,13,0.5406,0.1,0.0556,0.8611,0.0,0.3611,0.0,0.0,1.0,0.0,0.0,0.0,-0.0,0.0,completed,,0.36,13.889159
4259,86.0,53.6075,1,6.0,1.0,36,17280,36,135.4286,0.0,135.4286,0.5143,1.9444,0.1667,1,0,1,0.0278,0.0,0.0278,0,0.8333,0.1667,0.8611,30,31,36,0.0,0.0,0.0,0.1389,0.0,0.2,0.8,1.0,0,0,0.8571,7,6,0.544,0.1,0.1111,0.7222,0.0,0.1944,0.0,0.0,0.8571,0.0,0.0,0.0,0.5004,0.0,completed,,0.36,14.44432
4260,55.3527,27.0013,0,4.0,0.6667,30,14400,70,150.0,0.0,150.0,1.0,1.5556,0.1333,1,0,1,0.0333,0.0,0.0333,0,0.8667,0.1333,0.8667,26,26,30,0.0,0.0,0.0,0.1333,0.0,0.25,0.75,1.0,0,0,0.6,5,3,0.5238,0.1,0.0333,0.6667,0.0,0.1667,0.0,0.0,0.6,0.0,0.0,0.0,0.5623,0.0,outer_patrol_b,road_edge,0.36,18.188832
4261,67.0208,32.6931,0,5.0,0.8333,37,17760,70,150.0,0.6151,150.6151,1.0,1.5766,0.1351,1,0,1,0.0270,0.0,0.0270,0,0.8378,0.1622,0.8378,31,31,37,0.123,0.123,0.9533,0.1622,0.1667,0.1667,0.6667,0.8333,0,0,0.5,6,3,0.5467,0.1,0.0811,0.7027,0.027,0.1622,0.0,0.0,0.5,0.0,0.0,0.0,0.8676,0.0,final_park,wall,0.36,16.915656
4262,86.0,52.4503,1,6.0,1.0,43,20640,43,138.4286,0.779,139.2076,0.6143,1.6279,0.1395,1,0,1,0.0233,0.0,0.0233,0,0.8372,0.1628,0.8372,36,36,43,0.1558,0.1558,1.2075,0.1628,0.1429,0.0,0.8571,0.8571,0,0,0.5333,15,8,0.6067,0.1,0.2093,0.7442,0.1395,0.3488,0.0,0.0,0.5333,0.0,0.0,0.0,0.4101,0.0,completed,,0.36,13.966309
4263,16.6939,8.1433,0,2.0,0.3333,18,8640,70,150.0,0.8958,150.8958,1.0,1.2963,0.1111,0,0,0,0.0000,0.0,0.0000,0,0.8889,0.1111,0.8889,16,16,18,0.4479,0.4479,1.3885,0.1111,0.5,0.5,0.0,0.5,0,0,1.0,2,2,0.5136,0.1,0.0,0.7222,0.0,0.1111,0.0,0.0,1.0,0.0,0.0,0.0,0.6931,0.0,inner_patrol,obstacle,0.36,12.663215
4264,86.0,52.8662,1,6.0,1.0,40,19200,40,137.1429,0.8166,137.9595,0.5714,1.75,0.15,0,0,0,0.0000,0.0,0.0000,0,0.775,0.225,0.775,31,31,40,0.1633,0.1633,1.2658,0.225,0.1111,0.0,0.8889,0.8889,0,0,0.5833,12,7,0.5847,0.1,0.225,0.725,0.075,0.3,0.0,0.0,0.5833,0.0,0.0,0.0,0.3488,0.0,completed,,0.36,11.599782
4265,86.0,51.8879,1,6.0,1.0,39,18720,39,136.7143,0.7294,137.4437,0.5571,1.7949,0.1538,0,0,0,0.0000,0.0,0.0000,0,0.7949,0.2051,0.8462,31,33,39,0.1459,0.1459,1.1305,0.1538,0.1667,0.1667,0.6667,0.8333,0,0,0.625,8,5,0.5538,0.1,0.1026,0.7692,0.0256,0.2051,0.0,0.0,0.625,0.0,0.0,0.0,0.8676,0.0,completed,,0.36,15.04587
4266,68.5515,33.4397,0,5.0,0.8333,38,18240,70,150.0,0.0,150.0,1.0,1.5351,0.1316,0,0,0,0.0000,0.0,0.0000,0,0.7895,0.2105,0.8158,30,31,38,0.0,0.0,0.0,0.1842,0.0,0.1429,0.8571,1.0,0,0,0.7143,14,10,0.5607,0.1,0.1053,0.7368,0.0263,0.3684,0.0,0.0,0.7143,0.0,0.0,0.0,0.4101,0.0,final_park,wall,0.36,13.824622
4267,3.2874,1.6036,0,1.0,0.1667,15,7200,70,150.0,0.828,150.828,1.0,0.7778,0.0667,0,0,0,0.0000,0.0,0.0000,0,0.8,0.2,0.8,12,12,15,0.828,0.828,1.2834,0.1333,0.5,0.0,0.5,0.5,0,0,0.6667,6,4,0.6047,0.1,0.2,0.8,0.2,0.4,0.0,0.0,0.6667,0.0,0.0,0.0,0.6931,0.0,enter_inner,red_light,0.36,15.235982
4268,86.0,53.4336,1,6.0,1.0,37,17760,37,135.8571,0.0,135.8571,0.5286,1.8919,0.1622,0,0,0,0.0000,0.0,0.0000,0,0.8108,0.1892,0.8378,30,31,37,0.0,0.0,0.0,0.1622,0.0,0.1667,0.8333,1.0,0,0,0.8462,13,11,0.5556,0.1,0.1351,0.7297,0.027,0.3514,0.0,0.0,0.8462,0.0,0.0,0.0,0.4506,0.0,completed,,0.36,12.001596
4269,86.0,53.2347,1,6.0,1.0,38,18240,38,136.2857,0.0,136.2857,0.5429,1.8421,0.1579,1,0,1,0.0263,0.0,0.0263,0,0.8684,0.1316,0.8684,33,33,38,0.0,0.0,0.0,0.1316,0.0,0.0,1.0,1.0,0,0,0.9,10,9,0.5463,0.1,0.0789,0.7895,0.0,0.2632,0.0,0.0,0.9,0.0,0.0,0.0,-0.0,0.0,completed,,0.36,12.163817
4270,86.0,50.5173,1,6.0,1.0,43,20640,43,138.4286,1.5648,139.9933,0.6143,1.6279,0.1395,0,0,0,0.0000,0.0,0.0000,0,0.814,0.186,0.814,35,35,43,0.313,0.313,2.4254,0.186,0.25,0.0,0.75,0.75,0,0,0.6875,16,11,0.5794,0.1,0.186,0.6977,0.0465,0.3721,0.0,0.0,0.6875,0.0,0.0,0.0,0.5623,0.0,completed,,0.36,12.546005
4271,54.5314,26.6007,0,4.0,0.6667,30,14400,70,150.0,0.0,150.0,1.0,1.5556,0.1333,1,0,1,0.0333,0.0,0.0333,0,0.8333,0.1667,0.8333,25,25,30,0.0,0.0,0.0,0.1667,0.0,0.0,1.0,1.0,0,0,0.7778,9,7,0.5532,0.1,0.0667,0.8,0.0333,0.3,0.0,0.0,0.7778,0.0,0.0,0.0,-0.0,0.0,outer_patrol_b,road_edge,0.36,9.629694
4272,86.0,52.8129,1,6.0,1.0,37,17760,37,135.8571,0.8707,136.7279,0.5286,1.8919,0.1622,0,0,0,0.0000,0.0,0.0000,0,0.8108,0.1892,0.8108,30,30,37,0.1741,0.1741,1.3496,0.1892,0.1429,0.1429,0.7143,0.8571,0,0,0.8182,11,9,0.5718,0.1,0.1351,0.7568,0.0541,0.2973,0.0,0.0,0.8182,0.0,0.0,0.0,0.7963,0.0,completed,,0.36,8.849502
4273,86.0,52.377,1,6.0,1.0,40,19200,40,137.1429,1.4902,138.6331,0.5714,1.75,0.15,1,0,1,0.0250,0.0,0.0250,0,0.775,0.225,0.775,31,31,40,0.298,0.298,2.3098,0.225,0.2222,0.0,0.7778,0.7778,0,0,0.7,10,7,0.569,0.1,0.125,0.825,0.075,0.25,0.0,0.0,0.7,0.0,0.0,0.0,0.5297,0.0,completed,,0.36,7.701362
4274,11.7502,5.7318,0,2.0,0.3333,18,8640,70,150.0,1.2672,151.2672,1.0,1.2963,0.1111,1,0,1,0.0556,0.0,0.0556,0,0.8333,0.1667,0.8333,15,15,18,0.6336,0.6336,1.9642,0.1667,0.6667,0.0,0.3333,0.3333,0,0,0.6,5,3,0.5588,0.1,0.1667,0.8333,0.0556,0.2778,0.0,0.0,0.6,0.0,0.0,0.0,0.6365,0.0,inner_patrol,obstacle,0.36,10.977333
4275,-10.0,-4.91,0,0.0,0.0,7,3360,70,150.0,0.0,150.0,1.0,0.0,0.0,1,0,1,0.1429,0.0,0.1429,0,1.0,0.0,1.0,7,7,7,0.0,0.0,0.0,0.0,0.0,0.0,0.0,0.0,0,0,0.5,2,1,0.5295,0.1,0.0,0.5714,0.0,0.2857,0.0,0.0,0.5,0.0,0.0,0.0,0.0,0.0,outer_patrol_a,road_edge,0.36,12.469892
4276,86.0,53.055,1,6.0,1.0,37,17760,37,135.8571,0.7146,136.5717,0.5286,1.8919,0.1622,0,0,0,0.0000,0.0,0.0000,0,0.8108,0.1892,0.8108,30,30,37,0.1429,0.1429,1.1076,0.1892,0.1429,0.1429,0.7143,0.8571,0,0,0.8333,12,10,0.5654,0.1,0.0811,0.8108,0.0541,0.3243,0.0,0.0,0.8333,0.0,0.0,0.0,0.7963,0.0,completed,,0.36,11.979998
4277,86.0,52.6773,1,6.0,1.0,39,18720,39,136.7143,0.6635,137.3778,0.5571,1.7949,0.1538,0,0,0,0.0000,0.0,0.0000,0,0.8205,0.1795,0.8205,32,32,39,0.1327,0.1327,1.0285,0.1795,0.1429,0.0,0.8571,0.8571,0,0,0.75,12,9,0.5639,0.1,0.0769,0.7179,0.0513,0.3077,0.0,0.0,0.75,0.0,0.0,0.0,0.4101,0.0,completed,,0.36,13.770792
4278,86.0,52.6523,1,6.0,1.0,40,19200,40,137.1429,0.7654,137.9083,0.5714,1.75,0.15,1,0,1,0.0250,0.0,0.0250,0,0.8,0.2,0.8,32,32,40,0.1531,0.1531,1.1864,0.2,0.125,0.125,0.75,0.875,0,0,0.5,10,5,0.5894,0.1,0.125,0.85,0.125,0.25,0.0,0.0,0.5,0.0,0.0,0.0,0.7356,0.0,completed,,0.36,11.840128
4279,86.0,52.676,1,6.0,1.0,36,17280,36,135.4286,0.8338,136.2624,0.5143,1.9444,0.1667,1,0,1,0.0278,0.0,0.0278,0,0.8333,0.1667,0.8333,30,30,36,0.1668,0.1668,1.2924,0.1667,0.1667,0.1667,0.6667,0.8333,0,0,1.0,6,6,0.5571,0.1,0.0833,0.6667,0.0556,0.1667,0.0,0.0,1.0,0.0,0.0,0.0,0.8676,0.0,completed,,0.36,9.630905
4280,68.824,33.5727,0,5.0,0.8333,37,17760,70,150.0,0.0,150.0,1.0,1.5766,0.1351,0,0,0,0.0000,0.0,0.0000,0,0.8649,0.1351,0.8649,32,32,37,0.0,0.0,0.0,0.1351,0.0,0.0,1.0,1.0,0,0,0.625,8,5,0.5433,0.1,0.0811,0.7297,0.0,0.2162,0.0,0.0,0.625,0.0,0.0,0.0,-0.0,0.0,final_park,wall,0.36,10.199633
4281,86.0,51.6023,1,6.0,1.0,38,18240,38,136.2857,0.6168,136.9025,0.5429,1.8421,0.1579,0,0,0,0.0000,0.0,0.0000,0,0.8158,0.1842,0.8421,31,32,38,0.1234,0.1234,0.9561,0.1579,0.1667,0.1667,0.6667,0.8333,0,0,0.8,10,8,0.5486,0.1,0.0789,0.7368,0.0,0.2632,0.0,0.0,0.8,0.0,0.0,0.0,0.8676,0.0,completed,,0.36,13.614466
4282,5.5369,2.7009,0,1.0,0.1667,13,6240,70,150.0,0.0,150.0,1.0,0.8974,0.0769,0,0,0,0.0000,0.0,0.0000,0,0.9231,0.0769,0.9231,12,12,13,0.0,0.0,0.0,0.0769,0.0,1.0,0.0,1.0,0,0,0.6667,3,2,0.5087,0.1,0.0769,0.5385,0.0,0.2308,0.0,0.0,0.6667,0.0,0.0,0.0,-0.0,0.0,enter_inner,obstacle,0.36,15.818084
4283,65.7723,32.0841,0,5.0,0.8333,38,18240,70,150.0,0.741,150.741,1.0,1.5351,0.1316,0,0,0,0.0000,0.0,0.0000,0,0.7632,0.2368,0.8158,29,31,38,0.1482,0.1482,1.1485,0.1842,0.1429,0.1429,0.7143,0.8571,0,0,0.7857,14,11,0.5646,0.1,0.1316,0.8158,0.0263,0.3684,0.0,0.0,0.7857,0.0,0.0,0.0,0.7963,0.0,final_park,wall,0.36,19.30174
4284,49.6444,24.2168,0,4.0,0.6667,29,13920,70,150.0,0.0,150.0,1.0,1.6092,0.1379,0,0,0,0.0000,0.0,0.0000,0,0.7931,0.2069,0.7931,23,23,29,0.0,0.0,0.0,0.2069,0.0,0.0,1.0,1.0,0,0,0.5714,7,4,0.5597,0.1,0.1034,0.7241,0.0345,0.2414,0.0,0.0,0.5714,0.0,0.0,0.0,-0.0,0.0,outer_patrol_b,road_edge,0.36,15.807835
4285,31.8185,15.5212,0,3.0,0.5,22,10560,70,150.0,0.0,150.0,1.0,1.5909,0.1364,0,0,0,0.0000,0.0,0.0000,0,0.8636,0.1364,0.8636,19,19,22,0.0,0.0,0.0,0.1364,0.0,0.3333,0.6667,1.0,0,0,0.7778,9,7,0.5697,0.1,0.1364,0.8636,0.0455,0.4091,0.0,0.0,0.7778,0.0,0.0,0.0,0.6365,0.0,return_outer,obstacle,0.36,17.326062
4286,3.5121,1.7132,0,1.0,0.1667,14,6720,70,150.0,0.7392,150.7392,1.0,0.8333,0.0714,1,0,1,0.0714,0.0,0.0714,0,0.8571,0.1429,0.8571,12,12,14,0.7392,0.7392,1.1458,0.1429,0.5,0.0,0.5,0.5,0,0,0.8,5,4,0.577,0.1,0.1429,0.7143,0.1429,0.3571,0.0,0.0,0.8,0.0,0.0,0.0,0.6931,0.0,enter_inner,obstacle,0.36,15.535588
4287,86.0,54.3209,1,6.0,1.0,37,17760,37,135.8571,0.0,135.8571,0.5286,1.8919,0.1622,0,0,0,0.0000,0.0,0.0000,0,0.8108,0.1892,0.8108,30,30,37,0.0,0.0,0.0,0.1892,0.0,0.0,1.0,1.0,0,0,0.75,12,9,0.5666,0.1,0.1081,0.7838,0.0541,0.3243,0.0,0.0,0.75,0.0,0.0,0.0,-0.0,0.0,completed,,0.36,13.480244
4288,13.1,6.3902,0,2.0,0.3333,19,9120,70,150.0,0.6355,150.6355,1.0,1.2281,0.1053,0,0,0,0.0000,0.0,0.0000,0,0.8421,0.1579,0.8421,16,16,19,0.3177,0.3177,0.985,0.1579,0.3333,0.0,0.6667,0.6667,0,0,0.3333,6,2,0.593,0.1,0.2632,0.6316,0.1579,0.3158,0.0,0.0,0.3333,0.0,0.0,0.0,0.6365,0.0,inner_patrol,obstacle,0.36,15.531541
4289,86.0,53.2327,1,6.0,1.0,38,18240,38,136.2857,0.0,136.2857,0.5429,1.8421,0.1579,0,0,0,0.0000,0.0,0.0000,0,0.8158,0.1842,0.8684,31,33,38,0.0,0.0,0.0,0.1316,0.0,0.0,1.0,1.0,0,0,0.75,12,9,0.5484,0.1,0.1053,0.7632,0.0,0.3158,0.0,0.0,0.75,0.0,0.0,0.0,-0.0,0.0,completed,,0.36,14.952233
4290,5.9185,2.8871,0,1.0,0.1667,14,6720,70,150.0,0.0,150.0,1.0,0.8333,0.0714,1,0,1,0.0714,0.0,0.0714,0,0.8571,0.1429,0.8571,12,12,14,0.0,0.0,0.0,0.1429,0.0,0.5,0.5,1.0,0,0,0.0,1,0,0.5161,0.1,0.0714,0.6429,0.0714,0.0714,0.0,0.0,0.0,0.0,0.0,0.0,0.6931,0.0,enter_inner,obstacle,0.36,14.028387
4291,16.7001,8.1464,0,2.0,0.3333,17,8160,70,150.0,0.0,150.0,1.0,1.3725,0.1176,0,0,0,0.0000,0.0,0.0000,0,0.8235,0.1765,0.8235,14,14,17,0.0,0.0,0.0,0.1765,0.0,0.0,1.0,1.0,0,0,0.4286,7,3,0.5677,0.1,0.1765,0.7647,0.0588,0.4118,0.0,0.0,0.4286,0.0,0.0,0.0,-0.0,0.0,inner_patrol,obstacle,0.36,14.40237
4292,37.379,18.2337,0,4.0,0.6667,28,13440,70,150.0,1.3933,151.3933,1.0,1.6667,0.1429,1,0,1,0.0357,0.0,0.0357,0,0.75,0.25,0.75,21,21,28,0.3483,0.3483,2.1597,0.25,0.2857,0.1429,0.5714,0.7143,0,0,0.5556,9,5,0.5807,0.1,0.2143,0.9286,0.0714,0.3214,0.0,0.0,0.5556,0.0,0.0,0.0,0.9557,0.0,outer_patrol_b,road_edge,0.36,15.359247
4293,86.0,53.3575,1,6.0,1.0,37,17760,37,135.8571,0.0,135.8571,0.5286,1.8919,0.1622,0,0,0,0.0000,0.0,0.0000,0,0.8649,0.1351,0.8649,32,32,37,0.0,0.0,0.0,0.1351,0.0,0.2,0.8,1.0,0,0,0.75,8,6,0.5521,0.1,0.0541,0.6757,0.027,0.2162,0.0,0.0,0.75,0.0,0.0,0.0,0.5004,0.0,completed,,0.36,17.494174
4294,42.1649,20.5683,0,4.0,0.6667,24,11520,70,150.0,0.0,150.0,1.0,1.9444,0.1667,0,0,0,0.0000,0.0,0.0000,0,0.7917,0.2083,0.7917,19,19,24,0.0,0.0,0.0,0.2083,0.0,0.4,0.6,1.0,0,0,0.6667,6,4,0.5612,0.1,0.0833,0.8333,0.0833,0.25,0.0,0.0,0.6667,0.0,0.0,0.0,0.673,0.0,outer_patrol_b,road_edge,0.36,22.469633
4295,86.0,48.8034,1,6.0,1.0,46,22080,46,139.7143,2.2658,141.9801,0.6571,1.5217,0.1304,1,0,1,0.0217,0.0,0.0217,0,0.7826,0.2174,0.8261,36,38,46,0.4532,0.4532,3.5121,0.1739,0.375,0.0,0.625,0.625,0,0,0.4615,13,6,0.5767,0.1,0.1087,0.8261,0.087,0.2826,0.0,0.0,0.4615,0.0,0.0,0.0,0.6616,0.0,completed,,0.36,22.41428
4296,86.0,51.447,1,6.0,1.0,39,18720,39,136.7143,1.5093,138.2236,0.5571,1.7949,0.1538,0,0,0,0.0000,0.0,0.0000,0,0.7692,0.2308,0.7692,30,30,39,0.3019,0.3019,2.3394,0.2308,0.2222,0.2222,0.5556,0.7778,0,0,0.8,15,12,0.5849,0.1,0.2051,0.8205,0.0769,0.3846,0.0,0.0,0.8,0.0,0.0,0.0,0.995,0.0,completed,,0.36,16.1497
4297,86.0,50.7444,1,6.0,1.0,38,18240,38,136.2857,1.478,137.7637,0.5429,1.8421,0.1579,1,0,1,0.0263,0.0,0.0263,0,0.8421,0.1579,0.8421,32,32,38,0.2956,0.2956,2.2908,0.1579,0.3333,0.1667,0.5,0.6667,0,0,0.8889,9,8,0.5559,0.1,0.0789,0.7895,0.0526,0.2368,0.0,0.0,0.8889,0.0,0.0,0.0,1.0114,0.0,completed,,0.36,12.090079
4298,86.0,51.4417,1,6.0,1.0,44,21120,44,138.8571,0.0,138.8571,0.6286,1.5909,0.1364,0,0,0,0.0000,0.0,0.0000,0,0.7955,0.2045,0.8409,35,37,44,0.0,0.0,0.0,0.1591,0.0,0.1429,0.8571,1.0,0,0,0.5,14,7,0.5553,0.1,0.0682,0.7273,0.0455,0.3182,0.0,0.0,0.5,0.0,0.0,0.0,0.4101,0.0,completed,,0.36,8.616363
4299,86.0,52.9908,1,6.0,1.0,39,18720,39,136.7143,0.0,136.7143,0.5571,1.7949,0.1538,0,0,0,0.0000,0.0,0.0000,0,0.8462,0.1538,0.8462,33,33,39,0.0,0.0,0.0,0.1538,0.0,0.0,1.0,1.0,0,0,0.6667,15,10,0.5633,0.1,0.1282,0.8205,0.0256,0.3846,0.0,0.0,0.6667,0.0,0.0,0.0,-0.0,0.0,completed,,0.36,8.535413
4300,86.0,52.1432,1,6.0,1.0,35,16800,35,135.0,0.8278,135.8278,0.5,2.0,0.1714,0,0,0,0.0000,0.0,0.0000,0,0.8571,0.1429,0.8571,30,30,35,0.1656,0.1656,1.283,0.1429,0.2,0.2,0.6,0.8,0,0,1.0,10,10,0.5486,0.1,0.0286,0.7714,0.0,0.2857,0.0,0.0,1.0,0.0,0.0,0.0,0.9503,0.0,completed,,0.36,11.210626
4301,86.0,51.1755,1,6.0,1.0,42,20160,42,138.0,1.3,139.3,0.6,1.6667,0.1429,0,0,0,0.0000,0.0,0.0000,0,0.8333,0.1667,0.8333,35,35,42,0.26,0.26,2.0151,0.1667,0.2857,0.0,0.7143,0.7143,0,0,0.625,16,10,0.582,0.1,0.1429,0.8571,0.0714,0.381,0.0,0.0,0.625,0.0,0.0,0.0,0.5983,0.0,completed,,0.36,16.41653
4302,86.0,53.8827,1,6.0,1.0,37,17760,37,135.8571,0.0,135.8571,0.5286,1.8919,0.1622,0,0,0,0.0000,0.0,0.0000,0,0.8649,0.1351,0.8649,32,32,37,0.0,0.0,0.0,0.1351,0.0,0.0,1.0,1.0,0,0,0.8462,13,11,0.5433,0.1,0.027,0.8378,0.0,0.3514,0.0,0.0,0.8462,0.0,0.0,0.0,-0.0,0.0,completed,,0.36,15.541549
4303,86.0,53.2327,1,6.0,1.0,38,18240,38,136.2857,0.0,136.2857,0.5429,1.8421,0.1579,0,0,0,0.0000,0.0,0.0000,0,0.8158,0.1842,0.8684,31,33,38,0.0,0.0,0.0,0.1316,0.0,0.0,1.0,1.0,0,0,0.7,10,7,0.5486,0.1,0.0526,0.7895,0.0,0.2632,0.0,0.0,0.7,0.0,0.0,0.0,-0.0,0.0,completed,,0.36,14.725148
4304,86.0,52.7447,1,6.0,1.0,39,18720,39,136.7143,0.0,136.7143,0.5571,1.7949,0.1538,0,0,0,0.0000,0.0,0.0000,0,0.8462,0.1538,0.8718,33,34,39,0.0,0.0,0.0,0.1282,0.0,0.0,1.0,1.0,0,0,0.7143,7,5,0.5387,0.1,0.0513,0.7949,0.0,0.1795,0.0,0.0,0.7143,0.0,0.0,0.0,-0.0,0.0,completed,,0.36,11.780571
4305,53.4993,26.0972,0,4.0,0.6667,38,18240,70,150.0,0.8235,150.8235,1.0,1.2281,0.1053,0,0,0,0.0000,0.0,0.0000,0,0.8158,0.1842,0.8421,31,32,38,0.2059,0.2059,1.2764,0.1579,0.1667,0.0,0.8333,0.8333,0,0,0.5,10,5,0.592,0.1,0.2105,0.7895,0.1053,0.2632,0.0,0.0,0.5,0.0,0.0,0.0,0.4506,0.0,outer_patrol_b,road_edge,0.36,14.24085
4306,86.0,53.2136,1,6.0,1.0,39,18720,39,136.7143,0.0,136.7143,0.5571,1.7949,0.1538,0,0,0,0.0000,0.0,0.0000,0,0.8462,0.1538,0.8462,33,33,39,0.0,0.0,0.0,0.1538,0.0,0.1667,0.8333,1.0,0,0,0.6923,13,9,0.5531,0.1,0.1282,0.7436,0.0256,0.3333,0.0,0.0,0.6923,0.0,0.0,0.0,0.4506,0.0,completed,,0.36,18.949758
4307,86.0,48.2675,1,6.0,1.0,45,21600,45,139.2857,2.878,142.1637,0.6429,1.5556,0.1333,0,0,0,0.0000,0.0,0.0000,0,0.8,0.2,0.8,36,36,45,0.5756,0.5756,4.4609,0.2,0.4444,0.0,0.5556,0.5556,0,0,0.7,20,14,0.5944,0.1,0.2222,0.7556,0.0889,0.4444,0.0,0.0,0.7,0.0,0.0,0.0,0.687,0.0,completed,,0.36,17.461155
4308,5.9617,2.9081,0,1.0,0.1667,13,6240,70,150.0,0.0,150.0,1.0,0.8974,0.0769,1,0,1,0.0769,0.0,0.0769,0,0.9231,0.0769,0.9231,12,12,13,0.0,0.0,0.0,0.0769,0.0,0.0,1.0,1.0,0,0,0.5,2,1,0.4932,0.1,0.0769,0.7692,0.0,0.1538,0.0,0.0,0.5,0.0,0.0,0.0,-0.0,0.0,enter_inner,obstacle,0.36,13.729865
4309,86.0,50.8127,1,6.0,1.0,45,21600,45,139.2857,1.5523,140.838,0.6429,1.5556,0.1333,1,0,1,0.0222,0.0,0.0222,0,0.8,0.2,0.8,36,36,45,0.3105,0.3105,2.4061,0.2,0.2222,0.0,0.7778,0.7778,0,0,0.5556,18,10,0.6056,0.1,0.2444,0.7111,0.1333,0.4,0.0,0.0,0.5556,0.0,0.0,0.0,0.5297,0.0,completed,,0.36,12.549926
4310,86.0,50.3848,1,6.0,1.0,44,21120,44,138.8571,2.0057,140.8628,0.6286,1.5909,0.1364,1,0,1,0.0227,0.0,0.0227,0,0.7955,0.2045,0.7955,35,35,44,0.4011,0.4011,3.1088,0.2045,0.3333,0.0,0.6667,0.6667,0,0,0.6111,18,11,0.6066,0.1,0.1818,0.7045,0.1364,0.4091,0.0,0.0,0.6111,0.0,0.0,0.0,0.6365,0.0,completed,,0.36,15.239322
4311,5.9617,2.9081,0,1.0,0.1667,13,6240,70,150.0,0.0,150.0,1.0,0.8974,0.0769,0,0,0,0.0000,0.0,0.0000,0,0.9231,0.0769,0.9231,12,12,13,0.0,0.0,0.0,0.0769,0.0,0.0,1.0,1.0,0,0,0.0,0,0,0.501,0.1,0.0,0.5385,0.0,0.0,0.0,0.0,0.0,0.0,0.0,0.0,-0.0,0.0,enter_inner,obstacle,0.36,14.321344
4312,5.5369,2.7009,0,1.0,0.1667,13,6240,70,150.0,0.0,150.0,1.0,0.8974,0.0769,0,0,0,0.0000,0.0,0.0000,0,0.9231,0.0769,0.9231,12,12,13,0.0,0.0,0.0,0.0769,0.0,1.0,0.0,1.0,0,0,1.0,1,1,0.5139,0.1,0.0,0.6154,0.0,0.0769,0.0,0.0,1.0,0.0,0.0,0.0,-0.0,0.0,enter_inner,obstacle,0.36,14.205171
4313,86.0,51.7577,1,6.0,1.0,42,20160,42,138.0,0.8581,138.8581,0.6,1.6667,0.1429,0,0,0,0.0000,0.0,0.0000,0,0.8333,0.1667,0.8333,35,35,42,0.1716,0.1716,1.33,0.1667,0.1429,0.0,0.8571,0.8571,0,0,0.5,10,5,0.5494,0.1,0.0952,0.8095,0.0238,0.2381,0.0,0.0,0.5,0.0,0.0,0.0,0.4101,0.0,completed,,0.36,15.255526
4314,4.0199,1.9609,0,1.0,0.1667,15,7200,70,150.0,0.0,150.0,1.0,0.7778,0.0667,0,0,0,0.0000,0.0,0.0000,0,0.8667,0.1333,0.9333,13,14,15,0.0,0.0,0.0,0.0667,0.0,1.0,0.0,1.0,0,0,0.3333,3,1,0.5239,0.1,0.0667,0.6,0.0667,0.2,0.0,0.0,0.3333,0.0,0.0,0.0,-0.0,0.0,enter_inner,obstacle,0.36,14.748433
4315,86.0,50.4514,1,6.0,1.0,41,19680,41,137.5714,1.6975,139.269,0.5857,1.7073,0.1463,0,0,0,0.0000,0.0,0.0000,0,0.8293,0.1707,0.8293,34,34,41,0.3395,0.3395,2.6312,0.1707,0.2857,0.0,0.7143,0.7143,0,0,0.7647,17,13,0.5602,0.1,0.0244,0.8049,0.0,0.4146,0.0,0.0,0.7647,0.0,0.0,0.0,0.5983,0.0,completed,,0.36,18.062439
4316,86.0,52.4253,1,6.0,1.0,39,18720,39,136.7143,0.8518,137.5661,0.5571,1.7949,0.1538,1,0,1,0.0256,0.0,0.0256,0,0.8462,0.1538,0.8462,33,33,39,0.1704,0.1704,1.3203,0.1538,0.1667,0.0,0.8333,0.8333,0,0,0.7692,13,10,0.5518,0.1,0.1026,0.6923,0.0256,0.3333,0.0,0.0,0.7692,0.0,0.0,0.0,0.4506,0.0,completed,,0.36,15.901097
4317,86.0,54.3827,1,6.0,1.0,35,16800,35,135.0,0.0,135.0,0.5,2.0,0.1714,1,0,1,0.0286,0.0,0.0286,0,0.8286,0.1714,0.8571,29,30,35,0.0,0.0,0.0,0.1429,0.0,0.0,1.0,1.0,0,0,1.0,6,6,0.5361,0.1,0.0286,0.7429,0.0,0.1714,0.0,0.0,1.0,0.0,0.0,0.0,-0.0,0.0,completed,,0.36,11.958772
4318,86.0,51.7058,1,6.0,1.0,39,18720,39,136.7143,0.6468,137.3611,0.5571,1.7949,0.1538,1,0,1,0.0256,0.0,0.0256,0,0.7949,0.2051,0.8462,31,33,39,0.1294,0.1294,1.0026,0.1538,0.1667,0.1667,0.6667,0.8333,0,0,0.8333,12,10,0.5467,0.1,0.0769,0.8718,0.0256,0.3077,0.0,0.0,0.8333,0.0,0.0,0.0,0.8676,0.0,completed,,0.36,11.301937
4319,86.0,49.1391,1,6.0,1.0,43,20640,43,138.4286,1.7543,140.1828,0.6143,1.6279,0.1395,0,0,0,0.0000,0.0,0.0000,0,0.7907,0.2093,0.814,34,35,43,0.3509,0.3509,2.7191,0.186,0.25,0.25,0.5,0.75,0,0,0.3333,9,3,0.5726,0.1,0.1395,0.6977,0.0698,0.2093,0.0,0.0,0.3333,0.0,0.0,0.0,1.0397,0.0,completed,,0.36,14.328682
4320,24.9937,12.192,0,3.0,0.5,27,12960,70,150.0,1.731,151.731,1.0,1.2963,0.1111,1,0,1,0.0370,0.0,0.0370,0,0.8148,0.1852,0.8148,22,22,27,0.577,0.577,2.683,0.1852,0.4,0.2,0.4,0.6,0,0,0.375,8,3,0.5829,0.1,0.1481,0.7778,0.1111,0.2963,0.0,0.0,0.375,0.0,0.0,0.0,1.0549,0.0,return_outer,obstacle,0.36,14.044893
4321,43.5365,21.2373,0,4.0,0.6667,22,10560,70,150.0,0.0,150.0,1.0,2.1212,0.1818,1,0,1,0.0455,0.0,0.0455,0,0.8182,0.1818,0.8182,18,18,22,0.0,0.0,0.0,0.1818,0.0,0.25,0.75,1.0,0,0,1.0,3,3,0.5419,0.1,0.0455,0.7727,0.0,0.1364,0.0,0.0,1.0,0.0,0.0,0.0,0.5623,0.0,outer_patrol_b,road_edge,0.36,13.613351
4322,-2.8085,-1.37,0,0.0,0.0,9,4320,70,150.0,0.0,150.0,1.0,0.0,0.0,1,0,1,0.1111,0.0,0.1111,0,1.0,0.0,1.0,9,9,9,0.0,0.0,0.0,0.0,0.0,0.0,0.0,0.0,0,0,1.0,1,1,0.4842,0.1,0.0,0.6667,0.0,0.1111,0.0,0.0,1.0,0.0,0.0,0.0,0.0,0.0,outer_patrol_a,road_edge,0.36,12.900292
4323,86.0,48.5054,1,6.0,1.0,46,22080,46,139.7143,2.5735,142.2878,0.6571,1.5217,0.1304,1,0,1,0.0217,0.0,0.0217,0,0.8043,0.1957,0.8043,37,37,46,0.5147,0.5147,3.989,0.1957,0.4444,0.0,0.5556,0.5556,0,0,0.6842,19,13,0.5865,0.1,0.1957,0.7826,0.0652,0.413,0.0,0.0,0.6842,0.0,0.0,0.0,0.687,0.0,completed,,0.36,15.532942
4324,86.0,53.8827,1,6.0,1.0,37,17760,37,135.8571,0.0,135.8571,0.5286,1.8919,0.1622,0,0,0,0.0000,0.0,0.0000,0,0.8649,0.1351,0.8649,32,32,37,0.0,0.0,0.0,0.1351,0.0,0.0,1.0,1.0,0,0,0.7857,14,11,0.5531,0.1,0.0811,0.7027,0.0,0.3784,0.0,0.0,0.7857,0.0,0.0,0.0,-0.0,0.0,completed,,0.36,15.237888
4325,86.0,53.2547,1,6.0,1.0,37,17760,37,135.8571,0.0,135.8571,0.5286,1.8919,0.1622,0,0,0,0.0000,0.0,0.0000,0,0.8649,0.1351,0.8649,32,32,37,0.0,0.0,0.0,0.1351,0.0,0.0,1.0,1.0,0,0,0.625,8,5,0.5378,0.1,0.027,0.7838,0.0,0.2162,0.0,0.0,0.625,0.0,0.0,0.0,-0.0,0.0,completed,,0.36,15.358634
4326,86.0,50.2975,1,6.0,1.0,41,19680,41,137.5714,1.5444,139.1158,0.5857,1.7073,0.1463,0,0,0,0.0000,0.0,0.0000,0,0.8293,0.1707,0.8293,34,34,41,0.3089,0.3089,2.3938,0.1707,0.2857,0.1429,0.5714,0.7143,0,0,0.5,6,3,0.5567,0.1,0.0732,0.6829,0.0244,0.1463,0.0,0.0,0.5,0.0,0.0,0.0,0.9557,0.0,completed,,0.36,15.185614
4327,3.5074,1.7109,0,1.0,0.1667,16,7680,70,150.0,0.0,150.0,1.0,0.7292,0.0625,0,0,0,0.0000,0.0,0.0000,0,0.9375,0.0625,0.9375,15,15,16,0.0,0.0,0.0,0.0625,0.0,1.0,0.0,1.0,0,0,0.4,5,2,0.5171,0.1,0.0,0.8125,0.0,0.3125,0.0,0.0,0.4,0.0,0.0,0.0,-0.0,0.0,enter_inner,obstacle,0.36,17.134289
4328,25.2884,12.3358,0,2.0,0.3333,24,11520,70,150.0,0.859,150.859,1.0,0.9722,0.0833,0,0,0,0.0000,0.0,0.0000,0,0.8333,0.1667,0.8333,20,20,24,0.4295,0.4295,1.3315,0.1667,0.25,0.0,0.75,0.75,0,0,0.5556,9,5,0.5993,0.1,0.2083,0.875,0.1667,0.375,0.0,0.0,0.5556,0.0,0.0,0.0,0.5623,0.0,inner_patrol,obstacle,0.36,15.050112
4329,23.8426,11.6305,0,2.0,0.3333,20,9600,70,150.0,0.0,150.0,1.0,1.1667,0.1,0,0,0,0.0000,0.0,0.0000,0,0.8,0.2,0.8,16,16,20,0.0,0.0,0.0,0.2,0.0,0.0,1.0,1.0,0,0,0.625,8,5,0.5636,0.1,0.15,0.7,0.05,0.4,0.0,0.0,0.625,0.0,0.0,0.0,-0.0,0.0,inner_patrol,obstacle,0.36,16.699548
4330,86.0,52.2597,1,6.0,1.0,43,20640,43,138.4286,0.0,138.4286,0.6143,1.6279,0.1395,1,0,1,0.0233,0.0,0.0233,0,0.8372,0.1628,0.8372,36,36,43,0.0,0.0,0.0,0.1628,0.0,0.1429,0.8571,1.0,0,0,0.65,20,13,0.5715,0.1,0.1395,0.814,0.0233,0.4651,0.0,0.0,0.65,0.0,0.0,0.0,0.4101,0.0,completed,,0.36,14.192693
4331,86.0,53.2564,1,6.0,1.0,36,17280,36,135.4286,0.0,135.4286,0.5143,1.9444,0.1667,0,0,0,0.0000,0.0,0.0000,0,0.8333,0.1667,0.8333,30,30,36,0.0,0.0,0.0,0.1667,0.0,0.3333,0.6667,1.0,0,0,0.6667,6,4,0.5334,0.1,0.0556,0.7222,0.0,0.1667,0.0,0.0,0.6667,0.0,0.0,0.0,0.6365,0.0,completed,,0.36,12.875102
4332,16.8925,8.2403,0,2.0,0.3333,15,7200,70,150.0,0.0,150.0,1.0,1.5556,0.1333,0,0,0,0.0000,0.0,0.0000,0,0.8667,0.1333,0.8667,13,13,15,0.0,0.0,0.0,0.1333,0.0,0.0,1.0,1.0,0,0,0.3333,3,1,0.5155,0.1,0.0,0.6667,0.0,0.2,0.0,0.0,0.3333,0.0,0.0,0.0,-0.0,0.0,inner_patrol,obstacle,0.36,11.691439
4333,86.0,52.2786,1,6.0,1.0,37,17760,37,135.8571,1.3703,137.2274,0.5286,1.8919,0.1622,0,0,0,0.0000,0.0,0.0000,0,0.8108,0.1892,0.8108,30,30,37,0.2741,0.2741,2.124,0.1892,0.2857,0.0,0.7143,0.7143,0,0,0.8889,9,8,0.5483,0.1,0.0811,0.7297,0.027,0.2432,0.0,0.0,0.8889,0.0,0.0,0.0,0.5983,0.0,completed,,0.36,16.236683
4334,86.0,54.1129,1,6.0,1.0,39,18720,39,136.7143,0.0,136.7143,0.5571,1.7949,0.1538,1,0,1,0.0256,0.0,0.0256,0,0.8205,0.1795,0.8205,32,32,39,0.0,0.0,0.0,0.1795,0.0,0.0,1.0,1.0,0,0,0.5,8,4,0.5654,0.1,0.1538,0.6154,0.0256,0.2051,0.0,0.0,0.5,0.0,0.0,0.0,-0.0,0.0,completed,,0.36,15.81125
4335,16.3267,7.9643,0,2.0,0.3333,15,7200,70,150.0,0.0,150.0,1.0,1.5556,0.1333,0,0,0,0.0000,0.0,0.0000,0,0.8667,0.1333,0.8667,13,13,15,0.0,0.0,0.0,0.1333,0.0,0.0,1.0,1.0,0,0,0.8,5,4,0.5199,0.1,0.0667,0.9333,0.0,0.3333,0.0,0.0,0.8,0.0,0.0,0.0,-0.0,0.0,inner_patrol,obstacle,0.36,16.929414
4336,86.0,51.1268,1,6.0,1.0,39,18720,39,136.7143,1.5365,138.2508,0.5571,1.7949,0.1538,1,0,1,0.0256,0.0,0.0256,0,0.7949,0.2051,0.8462,31,33,39,0.3073,0.3073,2.3816,0.1538,0.3333,0.0,0.6667,0.6667,0,0,0.8,10,8,0.5555,0.1,0.0513,0.7692,0.0256,0.2564,0.0,0.0,0.8,0.0,0.0,0.0,0.6365,0.0,completed,,0.36,14.261994
4337,5.6421,2.7523,0,1.0,0.1667,16,7680,70,150.0,0.0,150.0,1.0,0.7292,0.0625,0,0,0,0.0000,0.0,0.0000,0,0.875,0.125,0.875,14,14,16,0.0,0.0,0.0,0.125,0.0,0.0,1.0,1.0,0,0,0.6,5,3,0.5467,0.1,0.125,0.6875,0.0625,0.3125,0.0,0.0,0.6,0.0,0.0,0.0,-0.0,0.0,enter_inner,obstacle,0.36,13.310996
4338,86.0,52.3166,1,6.0,1.0,41,19680,41,137.5714,0.6484,138.2199,0.5857,1.7073,0.1463,0,0,0,0.0000,0.0,0.0000,0,0.8293,0.1707,0.8293,34,34,41,0.1297,0.1297,1.0051,0.1707,0.1429,0.0,0.8571,0.8571,0,0,0.7059,17,12,0.5682,0.1,0.1951,0.7317,0.0244,0.4146,0.0,0.0,0.7059,0.0,0.0,0.0,0.4101,0.0,completed,,0.36,15.418022
4339,33.4328,16.3087,0,3.0,0.5,24,11520,70,150.0,0.0,150.0,1.0,1.4583,0.125,1,0,1,0.0417,0.0,0.0417,0,0.75,0.25,0.75,18,18,24,0.0,0.0,0.0,0.2083,0.0,0.0,1.0,1.0,0,0,0.5,8,4,0.5892,0.1,0.2083,0.9583,0.125,0.3333,0.0,0.0,0.5,0.0,0.0,0.0,-0.0,0.0,return_outer,red_light,0.36,15.38864
4340,86.0,53.4923,1,6.0,1.0,35,16800,35,135.0,0.0,135.0,0.5,2.0,0.1714,0,0,0,0.0000,0.0,0.0000,0,0.8571,0.1429,0.8571,30,30,35,0.0,0.0,0.0,0.1429,0.0,0.4,0.6,1.0,0,0,1.0,8,8,0.5584,0.1,0.0857,0.6857,0.0571,0.2286,0.0,0.0,1.0,0.0,0.0,0.0,0.673,0.0,completed,,0.36,14.911601
4341,-10.0,-4.91,0,0.0,0.0,7,3360,70,150.0,0.0,150.0,1.0,0.0,0.0,0,0,0,0.0000,0.0,0.0000,0,1.0,0.0,1.0,7,7,7,0.0,0.0,0.0,0.0,0.0,0.0,0.0,0.0,0,0,0.0,1,0,0.5189,0.1,0.0,0.5714,0.0,0.1429,0.0,0.0,0.0,0.0,0.0,0.0,0.0,0.0,outer_patrol_a,road_edge,0.36,15.844627
4342,86.0,53.8069,1,6.0,1.0,40,19200,40,137.1429,0.0,137.1429,0.5714,1.75,0.15,1,0,1,0.0250,0.0,0.0250,0,0.825,0.175,0.825,33,33,40,0.0,0.0,0.0,0.175,0.0,0.0,1.0,1.0,0,0,0.5385,13,7,0.5721,0.1,0.075,0.825,0.075,0.325,0.0,0.0,0.5385,0.0,0.0,0.0,-0.0,0.0,completed,,0.36,14.681497
4343,86.0,51.3784,1,6.0,1.0,41,19680,41,137.5714,1.5879,139.1593,0.5857,1.7073,0.1463,0,0,0,0.0000,0.0,0.0000,0,0.7805,0.2195,0.7805,32,32,41,0.3176,0.3176,2.4612,0.2195,0.2222,0.1111,0.6667,0.7778,0,0,0.5455,11,6,0.5834,0.1,0.1707,0.6829,0.0732,0.2683,0.0,0.0,0.5455,0.0,0.0,0.0,0.8487,0.0,completed,,0.36,14.081977
4344,2.1811,1.064,0,1.0,0.1667,15,7200,70,150.0,0.8116,150.8116,1.0,0.7778,0.0667,0,0,0,0.0000,0.0,0.0000,0,0.8667,0.1333,0.8667,13,13,15,0.8116,0.8116,1.2579,0.1333,0.5,0.5,0.0,0.5,0,0,0.3333,3,1,0.5335,0.1,0.0667,0.6667,0.0667,0.2,0.0,0.0,0.3333,0.0,0.0,0.0,0.6931,0.0,enter_inner,obstacle,0.36,14.487854
4345,86.0,51.3128,1,6.0,1.0,40,19200,40,137.1429,1.301,138.4439,0.5714,1.75,0.15,0,0,0,0.0000,0.0,0.0000,0,0.825,0.175,0.825,33,33,40,0.2602,0.2602,2.0166,0.175,0.2857,0.1429,0.5714,0.7143,0,0,0.6667,9,6,0.5685,0.1,0.125,0.675,0.1,0.225,0.0,0.0,0.6667,0.0,0.0,0.0,0.9557,0.0,completed,,0.36,14.97431
4346,22.5327,10.9916,0,2.0,0.3333,24,11520,70,150.0,0.796,150.796,1.0,0.9722,0.0833,0,0,0,0.0000,0.0,0.0000,0,0.8333,0.1667,0.8333,20,20,24,0.398,0.398,1.2338,0.1667,0.25,0.0,0.75,0.75,0,0,0.5455,11,6,0.6327,0.1,0.25,0.7917,0.1667,0.4583,0.0,0.0,0.5455,0.0,0.0,0.0,0.5623,0.0,inner_patrol,obstacle,0.36,15.248545
4347,86.0,52.2064,1,6.0,1.0,40,19200,40,137.1429,0.0,137.1429,0.5714,1.75,0.15,0,0,0,0.0000,0.0,0.0000,0,0.8,0.2,0.85,32,34,40,0.0,0.0,0.0,0.15,0.0,0.3333,0.6667,1.0,0,0,0.7143,14,10,0.5671,0.1,0.125,0.725,0.05,0.35,0.0,0.0,0.7143,0.0,0.0,0.0,0.6365,0.0,completed,,0.36,20.451572
4348,86.0,51.7633,1,6.0,1.0,38,18240,38,136.2857,1.5433,137.829,0.5429,1.8421,0.1579,0,0,0,0.0000,0.0,0.0000,0,0.7895,0.2105,0.7895,30,30,38,0.3087,0.3087,2.3921,0.2105,0.25,0.125,0.625,0.75,0,0,0.8462,13,11,0.5815,0.1,0.1842,0.8421,0.0789,0.3421,0.0,0.0,0.8462,0.0,0.0,0.0,0.9003,0.0,completed,,0.36,19.277305
4349,86.0,51.7997,1,6.0,1.0,39,18720,39,136.7143,0.8173,137.5315,0.5571,1.7949,0.1538,0,0,0,0.0000,0.0,0.0000,0,0.8462,0.1538,0.8462,33,33,39,0.1635,0.1635,1.2667,0.1538,0.1667,0.1667,0.6667,0.8333,0,0,0.7273,11,8,0.5542,0.1,0.0769,0.6667,0.0,0.2821,0.0,0.0,0.7273,0.0,0.0,0.0,0.8676,0.0,completed,,0.36,18.02324
4350,86.0,53.2327,1,6.0,1.0,38,18240,38,136.2857,0.0,136.2857,0.5429,1.8421,0.1579,0,0,0,0.0000,0.0,0.0000,0,0.8158,0.1842,0.8684,31,33,38,0.0,0.0,0.0,0.1316,0.0,0.0,1.0,1.0,0,0,0.7,10,7,0.5396,0.1,0.0263,0.8947,0.0,0.2632,0.0,0.0,0.7,0.0,0.0,0.0,-0.0,0.0,completed,,0.36,14.646008
4351,69.7522,34.0255,0,5.0,0.8333,35,16800,70,150.0,0.0,150.0,1.0,1.6667,0.1429,0,0,0,0.0000,0.0,0.0000,0,0.8571,0.1429,0.8571,30,30,35,0.0,0.0,0.0,0.1429,0.0,0.2,0.8,1.0,0,0,1.0,8,8,0.539,0.1,0.0571,0.8571,0.0,0.2286,0.0,0.0,1.0,0.0,0.0,0.0,0.5004,0.0,final_park,wall,0.36,12.311043
4352,59.3611,28.9566,0,4.0,0.6667,34,16320,70,150.0,0.8844,150.8844,1.0,1.3725,0.1176,1,0,1,0.0294,0.0,0.0294,0,0.8529,0.1471,0.8529,29,29,34,0.2211,0.2211,1.3709,0.1471,0.2,0.0,0.8,0.8,0,0,0.6667,6,4,0.5335,0.1,0.0588,0.7353,0.0,0.1765,0.0,0.0,0.6667,0.0,0.0,0.0,0.5004,0.0,outer_patrol_b,road_edge,0.36,11.723067
4353,86.0,54.214,1,6.0,1.0,41,19680,41,137.5714,0.0,137.5714,0.5857,1.7073,0.1463,1,0,1,0.0244,0.0,0.0244,0,0.7805,0.2195,0.7805,32,32,41,0.0,0.0,0.0,0.2195,0.0,0.1111,0.8889,1.0,0,0,0.4615,13,6,0.5892,0.1,0.2195,0.7805,0.0976,0.3171,0.0,0.0,0.4615,0.0,0.0,0.0,0.3488,0.0,completed,,0.36,14.25549
4354,4.8604,2.3709,0,1.0,0.1667,14,6720,70,150.0,0.0,150.0,1.0,0.8333,0.0714,0,0,0,0.0000,0.0,0.0000,0,0.9286,0.0714,0.9286,13,13,14,0.0,0.0,0.0,0.0714,0.0,1.0,0.0,1.0,0,0,0.8,5,4,0.524,0.1,0.0714,0.8571,0.0,0.3571,0.0,0.0,0.8,0.0,0.0,0.0,-0.0,0.0,enter_inner,obstacle,0.36,16.21313
4355,86.0,52.6472,1,6.0,1.0,47,22560,47,140.1429,0.0,140.1429,0.6714,1.4894,0.1277,0,0,0,0.0000,0.0,0.0000,0,0.766,0.234,0.8085,36,38,47,0.0,0.0,0.0,0.1915,0.0,0.0,1.0,1.0,0,0,0.4211,19,8,0.5939,0.1,0.1702,0.8511,0.1277,0.4043,0.0,0.0,0.4211,0.0,0.0,0.0,-0.0,0.0,completed,,0.36,15.585976
4356,39.2004,19.1221,0,4.0,0.6667,26,12480,70,150.0,0.8273,150.8273,1.0,1.7949,0.1538,0,0,0,0.0000,0.0,0.0000,0,0.7692,0.2308,0.7692,20,20,26,0.2068,0.2068,1.2823,0.2308,0.1667,0.1667,0.6667,0.8333,0,0,0.6364,11,7,0.5964,0.1,0.2308,0.8462,0.1154,0.4231,0.0,0.0,0.6364,0.0,0.0,0.0,0.8676,0.0,outer_patrol_b,road_edge,0.36,16.325372
4357,86.0,53.5577,1,6.0,1.0,38,18240,38,136.2857,0.0,136.2857,0.5429,1.8421,0.1579,0,0,0,0.0000,0.0,0.0000,0,0.8158,0.1842,0.8158,31,31,38,0.0,0.0,0.0,0.1842,0.0,0.1429,0.8571,1.0,0,0,0.7143,7,5,0.5465,0.1,0.0789,0.7105,0.0263,0.1842,0.0,0.0,0.7143,0.0,0.0,0.0,0.4101,0.0,completed,,0.36,13.727846
4358,45.9178,22.3989,0,4.0,0.6667,29,13920,70,150.0,0.6338,150.6338,1.0,1.6092,0.1379,1,0,1,0.0345,0.0,0.0345,0,0.7931,0.2069,0.8621,23,25,29,0.1585,0.1585,0.9824,0.1379,0.25,0.0,0.75,0.75,0,0,0.8571,7,6,0.5396,0.1,0.0,0.6897,0.0,0.2414,0.0,0.0,0.8571,0.0,0.0,0.0,0.5623,0.0,outer_patrol_b,road_edge,0.36,11.590166
4359,86.0,53.2057,1,6.0,1.0,37,17760,37,135.8571,0.0,135.8571,0.5286,1.8919,0.1622,1,0,1,0.0270,0.0,0.0270,0,0.7838,0.2162,0.8108,29,30,37,0.0,0.0,0.0,0.1892,0.0,0.1429,0.8571,1.0,0,0,0.8,10,8,0.5712,0.1,0.1351,0.7838,0.0811,0.2703,0.0,0.0,0.8,0.0,0.0,0.0,0.4101,0.0,completed,,0.36,14.867818
4360,3.772,1.84,0,0.0,0.0,12,5760,70,150.0,0.0,150.0,1.0,0.0,0.0,1,0,1,0.0833,0.0,0.0833,0,1.0,0.0,1.0,12,12,12,0.0,0.0,0.0,0.0,0.0,0.0,0.0,0.0,0,0,0.5,2,1,0.5024,0.1,0.0,0.5833,0.0,0.1667,0.0,0.0,0.5,0.0,0.0,0.0,0.0,0.0,outer_patrol_a,road_edge,0.36,15.469037
4361,86.0,53.3857,1,6.0,1.0,41,19680,41,137.5714,0.0,137.5714,0.5857,1.7073,0.1463,0,0,0,0.0000,0.0,0.0000,0,0.8049,0.1951,0.8293,33,34,41,0.0,0.0,0.0,0.1707,0.0,0.1429,0.8571,1.0,0,0,0.5,12,6,0.5843,0.1,0.1463,0.8537,0.0976,0.2927,0.0,0.0,0.5,0.0,0.0,0.0,0.4101,0.0,completed,,0.36,16.865959
4362,86.0,52.7166,1,6.0,1.0,39,18720,39,136.7143,0.8718,137.5861,0.5571,1.7949,0.1538,1,0,1,0.0256,0.0,0.0256,0,0.7949,0.2051,0.7949,31,31,39,0.1744,0.1744,1.3513,0.2051,0.125,0.0,0.875,0.875,0,0,0.75,12,9,0.5574,0.1,0.1538,0.7436,0.0513,0.3077,0.0,0.0,0.75,0.0,0.0,0.0,0.3768,0.0,completed,,0.36,16.056764
4363,39.831,19.4298,0,4.0,0.6667,26,12480,70,150.0,0.7585,150.7585,1.0,1.7949,0.1538,0,0,0,0.0000,0.0,0.0000,0,0.7692,0.2308,0.8077,20,21,26,0.1896,0.1896,1.1757,0.1923,0.2,0.0,0.8,0.8,0,0,0.7273,11,8,0.561,0.1,0.0769,0.7692,0.0,0.4231,0.0,0.0,0.7273,0.0,0.0,0.0,0.5004,0.0,outer_patrol_b,road_edge,0.36,14.351065
4364,41.6604,20.3222,0,4.0,0.6667,28,13440,70,150.0,0.706,150.706,1.0,1.6667,0.1429,0,0,0,0.0000,0.0,0.0000,0,0.7857,0.2143,0.7857,22,22,28,0.1765,0.1765,1.0942,0.2143,0.1667,0.1667,0.6667,0.8333,0,0,0.5455,11,6,0.5877,0.1,0.2143,0.8571,0.0714,0.3929,0.0,0.0,0.5455,0.0,0.0,0.0,0.8676,0.0,outer_patrol_b,road_edge,0.36,14.2648
4365,11.0457,5.3881,0,2.0,0.3333,16,7680,70,150.0,1.474,151.474,1.0,1.4583,0.125,0,0,0,0.0000,0.0,0.0000,0,0.8125,0.1875,0.8125,13,13,16,0.737,0.737,2.2847,0.1875,0.6667,0.3333,0.0,0.3333,0,0,1.0,4,4,0.5388,0.1,0.125,0.8125,0.0,0.25,0.0,0.0,1.0,0.0,0.0,0.0,0.6365,0.0,inner_patrol,obstacle,0.36,14.038314
4366,69.0295,33.6729,0,5.0,0.8333,39,18720,70,150.0,0.0,150.0,1.0,1.4957,0.1282,0,0,0,0.0000,0.0,0.0000,0,0.7949,0.2051,0.8205,31,32,39,0.0,0.0,0.0,0.1795,0.0,0.0,1.0,1.0,0,0,0.6364,11,7,0.5453,0.1,0.1538,0.7436,0.0256,0.2821,0.0,0.0,0.6364,0.0,0.0,0.0,-0.0,0.0,final_park,wall,0.36,16.074313
4367,86.0,52.7977,1,6.0,1.0,41,19680,41,137.5714,0.0,137.5714,0.5857,1.7073,0.1463,0,0,0,0.0000,0.0,0.0000,0,0.8049,0.1951,0.8293,33,34,41,0.0,0.0,0.0,0.1707,0.0,0.1429,0.8571,1.0,0,0,0.7143,14,10,0.5546,0.1,0.1463,0.7073,0.0244,0.3415,0.0,0.0,0.7143,0.0,0.0,0.0,0.4101,0.0,completed,,0.36,18.993527
4368,86.0,47.2858,1,6.0,1.0,42,20160,42,138.0,3.2536,141.2536,0.6,1.6667,0.1429,1,0,1,0.0238,0.0,0.0238,0,0.8333,0.1667,0.8333,35,35,42,0.6507,0.6507,5.0431,0.1667,0.5714,0.1429,0.2857,0.4286,0,0,0.6,10,6,0.546,0.1,0.0476,0.8333,0.0,0.2381,0.0,0.0,0.6,0.0,0.0,0.0,0.9557,0.0,completed,,0.36,15.574204
4369,5.4781,2.6723,0,1.0,0.1667,16,7680,70,150.0,0.0,150.0,1.0,0.7292,0.0625,0,0,0,0.0000,0.0,0.0000,0,0.8125,0.1875,0.875,13,14,16,0.0,0.0,0.0,0.125,0.0,0.0,1.0,1.0,0,0,0.3333,3,1,0.5402,0.1,0.125,0.625,0.0625,0.1875,0.0,0.0,0.3333,0.0,0.0,0.0,-0.0,0.0,enter_inner,obstacle,0.36,15.977576
4370,86.0,53.2203,1,6.0,1.0,36,17280,36,135.4286,0.8525,136.2811,0.5143,1.9444,0.1667,1,0,1,0.0278,0.0,0.0278,0,0.8056,0.1944,0.8056,29,29,36,0.1705,0.1705,1.3214,0.1944,0.1429,0.0,0.8571,0.8571,0,0,0.9286,14,13,0.5669,0.1,0.1389,0.8056,0.0278,0.3889,0.0,0.0,0.9286,0.0,0.0,0.0,0.4101,0.0,completed,,0.36,14.668228
4371,86.0,54.0175,1,6.0,1.0,35,16800,35,135.0,0.0,135.0,0.5,2.0,0.1714,0,0,0,0.0000,0.0,0.0000,0,0.8571,0.1429,0.8571,30,30,35,0.0,0.0,0.0,0.1429,0.0,0.2,0.8,1.0,0,0,0.75,4,3,0.531,0.1,0.0286,0.9143,0.0,0.1143,0.0,0.0,0.75,0.0,0.0,0.0,0.5004,0.0,completed,,0.36,14.086926
4372,86.0,52.1676,1,6.0,1.0,42,20160,42,138.0,0.7937,138.7937,0.6,1.6667,0.1429,0,0,0,0.0000,0.0,0.0000,0,0.7857,0.2143,0.8095,33,34,42,0.1587,0.1587,1.2302,0.1905,0.125,0.0,0.875,0.875,0,0,0.6471,17,11,0.5817,0.1,0.1667,0.7143,0.0714,0.4048,0.0,0.0,0.6471,0.0,0.0,0.0,0.3768,0.0,completed,,0.36,12.551421
4373,86.0,51.8961,1,6.0,1.0,39,18720,39,136.7143,1.2958,138.0101,0.5571,1.7949,0.1538,1,0,1,0.0256,0.0,0.0256,0,0.7949,0.2051,0.8205,31,32,39,0.2592,0.2592,2.0085,0.1795,0.2857,0.0,0.7143,0.7143,0,0,0.75,8,6,0.555,0.1,0.0769,0.7692,0.0513,0.2051,0.0,0.0,0.75,0.0,0.0,0.0,0.5983,0.0,completed,,0.36,10.621926
4374,86.0,52.8675,1,6.0,1.0,38,18240,38,136.2857,0.0,136.2857,0.5429,1.8421,0.1579,0,0,0,0.0000,0.0,0.0000,0,0.8421,0.1579,0.8684,32,33,38,0.0,0.0,0.0,0.1316,0.0,0.2,0.8,1.0,0,0,0.8,10,8,0.5613,0.1,0.0526,0.6316,0.0263,0.2632,0.0,0.0,0.8,0.0,0.0,0.0,0.5004,0.0,completed,,0.36,12.23455
4375,86.0,52.6204,1,6.0,1.0,38,18240,38,136.2857,0.0,136.2857,0.5429,1.8421,0.1579,1,0,1,0.0263,0.0,0.0263,0,0.8158,0.1842,0.8421,31,32,38,0.0,0.0,0.0,0.1579,0.0,0.3333,0.6667,1.0,0,0,0.7333,15,11,0.5632,0.1,0.1316,0.8158,0.0263,0.3947,0.0,0.0,0.7333,0.0,0.0,0.0,0.6365,0.0,completed,,0.36,14.40416
4376,86.0,53.3927,1,6.0,1.0,38,18240,38,136.2857,0.0,136.2857,0.5429,1.8421,0.1579,0,0,0,0.0000,0.0,0.0000,0,0.8421,0.1579,0.8684,32,33,38,0.0,0.0,0.0,0.1316,0.0,0.0,1.0,1.0,0,0,0.6667,9,6,0.5393,0.1,0.0526,0.7895,0.0,0.2368,0.0,0.0,0.6667,0.0,0.0,0.0,-0.0,0.0,completed,,0.36,13.143605
4377,86.0,52.6821,1,6.0,1.0,37,17760,37,135.8571,0.8532,136.7103,0.5286,1.8919,0.1622,0,0,0,0.0000,0.0,0.0000,0,0.8108,0.1892,0.8108,30,30,37,0.1706,0.1706,1.3224,0.1892,0.1429,0.1429,0.7143,0.8571,0,0,0.8333,12,10,0.5687,0.1,0.0541,0.7297,0.027,0.3243,0.0,0.0,0.8333,0.0,0.0,0.0,0.7963,0.0,completed,,0.36,11.553208
4378,86.0,52.2575,1,6.0,1.0,39,18720,39,136.7143,0.6212,137.3355,0.5571,1.7949,0.1538,1,0,1,0.0256,0.0,0.0256,0,0.8462,0.1538,0.8462,33,33,39,0.1242,0.1242,0.9629,0.1538,0.1667,0.1667,0.6667,0.8333,0,0,0.75,12,9,0.5529,0.1,0.0769,0.7692,0.0256,0.3077,0.0,0.0,0.75,0.0,0.0,0.0,0.8676,0.0,completed,,0.36,11.967727
4379,31.886,15.5541,0,3.0,0.5,22,10560,70,150.0,0.0,150.0,1.0,1.5909,0.1364,1,0,1,0.0455,0.0,0.0455,0,0.8182,0.1818,0.8182,18,18,22,0.0,0.0,0.0,0.1818,0.0,0.5,0.5,1.0,0,0,0.6,5,3,0.5545,0.1,0.1364,1.0,0.0909,0.2273,0.0,0.0,0.6,0.0,0.0,0.0,0.6931,0.0,return_outer,obstacle,0.36,15.496923
4380,86.0,53.7131,1,6.0,1.0,41,19680,41,137.5714,0.0,137.5714,0.5857,1.7073,0.1463,1,0,1,0.0244,0.0,0.0244,0,0.7805,0.2195,0.8049,32,33,41,0.0,0.0,0.0,0.1951,0.0,0.0,1.0,1.0,0,0,0.625,16,10,0.5801,0.1,0.122,0.9024,0.0732,0.3902,0.0,0.0,0.625,0.0,0.0,0.0,-0.0,0.0,completed,,0.36,15.152842
4381,86.0,51.4472,1,6.0,1.0,38,18240,38,136.2857,1.5382,137.8239,0.5429,1.8421,0.1579,1,0,1,0.0263,0.0,0.0263,0,0.8158,0.1842,0.8158,31,31,38,0.3076,0.3076,2.3842,0.1842,0.2857,0.1429,0.5714,0.7143,0,0,0.8824,17,15,0.5706,0.1,0.1579,0.8947,0.0263,0.4474,0.0,0.0,0.8824,0.0,0.0,0.0,0.9557,0.0,completed,,0.36,17.002531
4382,16.9601,8.2732,0,2.0,0.3333,15,7200,70,150.0,0.0,150.0,1.0,1.5556,0.1333,1,0,1,0.0667,0.0,0.0667,0,0.8,0.2,0.8,12,12,15,0.0,0.0,0.0,0.2,0.0,0.3333,0.6667,1.0,0,0,0.0,2,0,0.5288,0.1,0.1333,0.6667,0.0667,0.1333,0.0,0.0,0.0,0.0,0.0,0.0,0.6365,0.0,inner_patrol,obstacle,0.36,16.370929
4383,16.3267,7.9643,0,2.0,0.3333,15,7200,70,150.0,0.0,150.0,1.0,1.5556,0.1333,1,0,1,0.0667,0.0,0.0667,0,0.8667,0.1333,0.8667,13,13,15,0.0,0.0,0.0,0.1333,0.0,0.0,1.0,1.0,0,0,0.75,4,3,0.5197,0.1,0.0667,0.6667,0.0,0.2667,0.0,0.0,0.75,0.0,0.0,0.0,-0.0,0.0,inner_patrol,obstacle,0.36,15.877506
4384,86.0,54.1312,1,6.0,1.0,44,21120,44,138.8571,0.0,138.8571,0.6286,1.5909,0.1364,0,0,0,0.0000,0.0,0.0000,0,0.7955,0.2045,0.7955,35,35,44,0.0,0.0,0.0,0.2045,0.0,0.0,1.0,1.0,0,0,0.4737,19,9,0.6208,0.1,0.2273,0.8182,0.1818,0.4318,0.0,0.0,0.4737,0.0,0.0,0.0,-0.0,0.0,completed,,0.36,11.050855
4385,-0.615,-0.3,0,0.0,0.0,10,4800,70,150.0,0.0,150.0,1.0,0.0,0.0,0,0,0,0.0000,0.0,0.0000,0,1.0,0.0,1.0,10,10,10,0.0,0.0,0.0,0.0,0.0,0.0,0.0,0.0,0,0,1.0,2,2,0.4871,0.1,0.0,0.8,0.0,0.2,0.0,0.0,1.0,0.0,0.0,0.0,0.0,0.0,outer_patrol_a,road_edge,0.36,11.250209
4386,86.0,54.0527,1,6.0,1.0,36,17280,36,135.4286,0.0,135.4286,0.5143,1.9444,0.1667,1,0,1,0.0278,0.0,0.0278,0,0.8333,0.1667,0.8611,30,31,36,0.0,0.0,0.0,0.1389,0.0,0.0,1.0,1.0,0,0,0.9091,11,10,0.5437,0.1,0.0833,0.8056,0.0,0.3056,0.0,0.0,0.9091,0.0,0.0,0.0,-0.0,0.0,completed,,0.36,14.359602
4387,86.0,52.2508,1,6.0,1.0,45,21600,45,139.2857,0.7246,140.0103,0.6429,1.5556,0.1333,1,0,1,0.0222,0.0,0.0222,0,0.7778,0.2222,0.8,35,36,45,0.1449,0.1449,1.1232,0.2,0.1111,0.0,0.8889,0.8889,0,0,0.5263,19,10,0.5967,0.1,0.2222,0.8,0.1111,0.4222,0.0,0.0,0.5263,0.0,0.0,0.0,0.3488,0.0,completed,,0.36,16.42776
4388,28.2416,13.7764,0,2.0,0.3333,25,12000,70,150.0,0.0,150.0,1.0,0.9333,0.08,0,0,0,0.0000,0.0,0.0000,0,0.84,0.16,0.88,21,22,25,0.0,0.0,0.0,0.12,0.0,0.0,1.0,1.0,0,0,0.6667,9,6,0.5694,0.1,0.08,0.68,0.04,0.36,0.0,0.0,0.6667,0.0,0.0,0.0,-0.0,0.0,inner_patrol,obstacle,0.36,20.102044
4389,86.0,49.706,1,6.0,1.0,42,20160,42,138.0,1.7178,139.7178,0.6,1.6667,0.1429,0,0,0,0.0000,0.0,0.0000,0,0.7381,0.2619,0.8333,31,35,42,0.3436,0.3436,2.6625,0.1667,0.2857,0.0,0.7143,0.7143,0,0,0.7368,19,14,0.5639,0.1,0.0952,0.8095,0.0,0.4524,0.0,0.0,0.7368,0.0,0.0,0.0,0.5983,0.0,completed,,0.36,18.864492
4390,86.0,52.4652,1,6.0,1.0,40,19200,40,137.1429,0.8804,138.0232,0.5714,1.75,0.15,1,0,1,0.0250,0.0,0.0250,0,0.8,0.2,0.825,32,33,40,0.1761,0.1761,1.3646,0.175,0.1429,0.0,0.8571,0.8571,0,0,0.6923,13,9,0.5768,0.1,0.1,0.825,0.05,0.325,0.0,0.0,0.6923,0.0,0.0,0.0,0.4101,0.0,completed,,0.36,16.006156
4391,86.0,52.76,1,6.0,1.0,39,18720,39,136.7143,0.6043,137.3186,0.5571,1.7949,0.1538,0,0,0,0.0000,0.0,0.0000,0,0.7692,0.2308,0.7949,30,31,39,0.1209,0.1209,0.9366,0.2051,0.125,0.125,0.75,0.875,0,0,0.625,8,5,0.5575,0.1,0.0769,0.8462,0.0513,0.2051,0.0,0.0,0.625,0.0,0.0,0.0,0.7356,0.0,completed,,0.36,12.583561
4392,53.5233,26.1089,0,4.0,0.6667,32,15360,70,150.0,1.2879,151.2879,1.0,1.4583,0.125,0,0,0,0.0000,0.0,0.0000,0,0.7812,0.2188,0.8125,25,26,32,0.322,0.322,1.9963,0.1875,0.3333,0.1667,0.5,0.6667,0,0,0.8889,9,8,0.5552,0.1,0.0938,0.9062,0.0625,0.2812,0.0,0.0,0.8889,0.0,0.0,0.0,1.0114,0.0,outer_patrol_b,road_edge,0.36,11.147865
4393,86.0,48.7719,1,6.0,1.0,45,21600,45,139.2857,2.3726,141.6583,0.6429,1.5556,0.1333,0,0,0,0.0000,0.0,0.0000,0,0.8,0.2,0.8222,36,37,45,0.4745,0.4745,3.6775,0.1778,0.375,0.0,0.625,0.625,0,0,0.5,16,8,0.605,0.1,0.2444,0.7111,0.1333,0.3556,0.0,0.0,0.5,0.0,0.0,0.0,0.6616,0.0,completed,,0.36,13.474524
4394,86.0,54.2627,1,6.0,1.0,35,16800,35,135.0,0.0,135.0,0.5,2.0,0.1714,1,0,1,0.0286,0.0,0.0286,0,0.8571,0.1429,0.8571,30,30,35,0.0,0.0,0.0,0.1429,0.0,0.0,1.0,1.0,0,0,0.9091,11,10,0.5495,0.1,0.0857,0.8286,0.0,0.3143,0.0,0.0,0.9091,0.0,0.0,0.0,-0.0,0.0,completed,,0.36,14.304666
4395,51.9863,25.3592,0,4.0,0.6667,34,16320,70,150.0,1.4035,151.4035,1.0,1.3725,0.1176,0,0,0,0.0000,0.0,0.0000,0,0.7941,0.2059,0.7941,27,27,34,0.3509,0.3509,2.1754,0.2059,0.2857,0.0,0.7143,0.7143,0,0,0.5,8,4,0.5696,0.1,0.1176,0.7353,0.0588,0.2353,0.0,0.0,0.5,0.0,0.0,0.0,0.5983,0.0,outer_patrol_b,road_edge,0.36,14.141076
4396,-10.0,-7.79,0,0.0,0.0,3,1440,70,150.0,0.0,150.0,1.0,0.0,0.0,1,0,1,0.3333,0.0,0.3333,0,1.0,0.0,1.0,3,3,3,0.0,0.0,0.0,0.0,0.0,0.0,0.0,0.0,0,0,1.0,1,1,0.4726,0.1,0.0,1.0,0.0,0.3333,0.0,0.0,1.0,0.0,0.0,0.0,0.0,0.0,outer_patrol_a,road_edge,0.36,14.189918
4397,86.0,50.8981,1,6.0,1.0,38,18240,38,136.2857,1.7117,137.9974,0.5429,1.8421,0.1579,1,0,1,0.0263,0.0,0.0263,0,0.8158,0.1842,0.8158,31,31,38,0.3423,0.3423,2.6532,0.1842,0.2857,0.1429,0.5714,0.7143,0,0,0.8462,13,11,0.5578,0.1,0.1053,0.7105,0.0526,0.3421,0.0,0.0,0.8462,0.0,0.0,0.0,0.9557,0.0,completed,,0.36,11.836655
4398,86.0,54.8727,1,6.0,1.0,34,16320,34,134.5714,0.0,134.5714,0.4857,2.0588,0.1765,0,0,0,0.0000,0.0,0.0000,0,0.8529,0.1471,0.8529,29,29,34,0.0,0.0,0.0,0.1471,0.0,0.0,1.0,1.0,0,0,1.0,10,10,0.5308,0.1,0.0588,0.8824,0.0,0.2941,0.0,0.0,1.0,0.0,0.0,0.0,-0.0,0.0,completed,,0.36,10.738391
4399,64.5806,31.5027,0,5.0,0.8333,42,20160,70,150.0,0.8574,150.8574,1.0,1.3889,0.119,0,0,0,0.0000,0.0,0.0000,0,0.8333,0.1667,0.8333,35,35,42,0.1715,0.1715,1.329,0.1667,0.1429,0.0,0.8571,0.8571,0,0,0.5833,12,7,0.569,0.1,0.1667,0.7381,0.0476,0.2857,0.0,0.0,0.5833,0.0,0.0,0.0,0.4101,0.0,final_park,wall,0.36,16.960542
4400,38.1994,18.6339,0,4.0,0.6667,30,14400,70,150.0,1.5502,151.5502,1.0,1.5556,0.1333,0,0,0,0.0000,0.0,0.0000,0,0.7333,0.2667,0.7333,22,22,30,0.3875,0.3875,2.4028,0.2667,0.25,0.0,0.75,0.75,0,0,0.4444,9,4,0.6024,0.1,0.2,0.8333,0.1667,0.3,0.0,0.0,0.4444,0.0,0.0,0.0,0.5623,0.0,outer_patrol_b,road_edge,0.36,16.944936
4401,86.0,53.7256,1,6.0,1.0,36,17280,36,135.4286,0.0,135.4286,0.5143,1.9444,0.1667,0,0,0,0.0000,0.0,0.0000,0,0.8056,0.1944,0.8333,29,30,36,0.0,0.0,0.0,0.1667,0.0,0.1667,0.8333,1.0,0,0,0.8333,6,5,0.5471,0.1,0.0833,0.7222,0.0556,0.1667,0.0,0.0,0.8333,0.0,0.0,0.0,0.4506,0.0,completed,,0.36,15.890467
4402,86.0,52.1812,1,6.0,1.0,37,17760,37,135.8571,1.6693,137.5265,0.5286,1.8919,0.1622,1,0,1,0.0270,0.0,0.0270,0,0.7838,0.2162,0.7838,29,29,37,0.3339,0.3339,2.5875,0.2162,0.25,0.0,0.75,0.75,0,0,0.9286,14,13,0.5599,0.1,0.0811,0.8108,0.0,0.3784,0.0,0.0,0.9286,0.0,0.0,0.0,0.5623,0.0,completed,,0.36,10.410247
4403,16.874,8.2312,0,2.0,0.3333,15,7200,70,150.0,0.0,150.0,1.0,1.5556,0.1333,1,0,1,0.0667,0.0,0.0667,0,0.8,0.2,0.8,12,12,15,0.0,0.0,0.0,0.2,0.0,0.3333,0.6667,1.0,0,0,0.5,4,2,0.5542,0.1,0.1333,0.6667,0.1333,0.2667,0.0,0.0,0.5,0.0,0.0,0.0,0.6365,0.0,inner_patrol,obstacle,0.36,10.704623
4404,86.0,51.812,1,6.0,1.0,39,18720,39,136.7143,1.4016,138.1159,0.5571,1.7949,0.1538,1,0,1,0.0256,0.0,0.0256,0,0.8205,0.1795,0.8205,32,32,39,0.2803,0.2803,2.1725,0.1795,0.2857,0.0,0.7143,0.7143,0,0,0.7273,11,8,0.5598,0.1,0.0769,0.7179,0.0513,0.2821,0.0,0.0,0.7273,0.0,0.0,0.0,0.5983,0.0,completed,,0.36,9.632553
4405,86.0,54.9149,1,6.0,1.0,37,17760,37,135.8571,0.0,135.8571,0.5286,1.8919,0.1622,1,0,1,0.0270,0.0,0.0270,0,0.8108,0.1892,0.8108,30,30,37,0.0,0.0,0.0,0.1892,0.0,0.0,1.0,1.0,0,0,0.75,12,9,0.5526,0.1,0.1081,0.8108,0.0541,0.3243,0.0,0.0,0.75,0.0,0.0,0.0,-0.0,0.0,completed,,0.36,10.078868
4406,86.0,52.8138,1,6.0,1.0,37,17760,37,135.8571,0.6644,136.5215,0.5286,1.8919,0.1622,1,0,1,0.0270,0.0,0.0270,0,0.7838,0.2162,0.8378,29,31,37,0.1329,0.1329,1.0298,0.1622,0.1667,0.0,0.8333,0.8333,0,0,0.875,8,7,0.5361,0.1,0.0811,0.7838,0.0,0.2162,0.0,0.0,0.875,0.0,0.0,0.0,0.4506,0.0,completed,,0.36,12.819056
4407,86.0,54.5929,1,6.0,1.0,38,18240,38,136.2857,0.0,136.2857,0.5429,1.8421,0.1579,0,0,0,0.0000,0.0,0.0000,0,0.8158,0.1842,0.8158,31,31,38,0.0,0.0,0.0,0.1842,0.0,0.0,1.0,1.0,0,0,0.7692,13,10,0.575,0.1,0.1579,0.7105,0.0526,0.3421,0.0,0.0,0.7692,0.0,0.0,0.0,-0.0,0.0,completed,,0.36,11.113477
4408,86.0,51.0095,1,6.0,1.0,41,19680,41,137.5714,1.4936,139.065,0.5857,1.7073,0.1463,0,0,0,0.0000,0.0,0.0000,0,0.8293,0.1707,0.8293,34,34,41,0.2987,0.2987,2.315,0.1707,0.2857,0.0,0.7143,0.7143,0,0,0.75,16,12,0.5625,0.1,0.122,0.8293,0.0244,0.3902,0.0,0.0,0.75,0.0,0.0,0.0,0.5983,0.0,completed,,0.36,13.22027
4409,86.0,53.0695,1,6.0,1.0,38,18240,38,136.2857,0.0,136.2857,0.5429,1.8421,0.1579,0,0,0,0.0000,0.0,0.0000,0,0.8684,0.1316,0.8684,33,33,38,0.0,0.0,0.0,0.1316,0.0,0.2,0.8,1.0,0,0,0.6667,12,8,0.5443,0.1,0.0526,0.7632,0.0,0.3158,0.0,0.0,0.6667,0.0,0.0,0.0,0.5004,0.0,completed,,0.36,11.240455
4410,4.1839,2.0409,0,1.0,0.1667,15,7200,70,150.0,0.0,150.0,1.0,0.7778,0.0667,0,0,0,0.0000,0.0,0.0000,0,0.9333,0.0667,0.9333,14,14,15,0.0,0.0,0.0,0.0667,0.0,1.0,0.0,1.0,0,0,0.5,4,2,0.5233,0.1,0.0667,0.8667,0.0667,0.2667,0.0,0.0,0.5,0.0,0.0,0.0,-0.0,0.0,enter_inner,obstacle,0.36,13.13091
4411,-10.0,-7.79,0,0.0,0.0,3,1440,70,150.0,0.0,150.0,1.0,0.0,0.0,1,0,1,0.3333,0.0,0.3333,0,1.0,0.0,1.0,3,3,3,0.0,0.0,0.0,0.0,0.0,0.0,0.0,0.0,0,0,0.0,0,0,0.5115,0.1,0.0,0.6667,0.0,0.0,0.0,0.0,0.0,0.0,0.0,0.0,0.0,0.0,outer_patrol_a,road_edge,0.36,14.435172
4412,-6.519,-3.18,0,0.0,0.0,10,4800,70,150.0,0.0,150.0,1.0,0.0,0.0,1,0,1,0.1000,0.0,0.1000,0,0.9,0.1,1.0,9,10,10,0.0,0.0,0.0,0.0,0.0,0.0,0.0,0.0,0,0,0.0,0,0,0.5022,0.1,0.0,0.3,0.0,0.0,0.0,0.0,0.0,0.0,0.0,0.0,0.0,0.0,outer_patrol_a,road_edge,0.36,14.930599
4413,33.3013,16.2445,0,3.0,0.5,22,10560,70,150.0,0.0,150.0,1.0,1.5909,0.1364,1,0,1,0.0455,0.0,0.0455,0,0.8182,0.1818,0.8182,18,18,22,0.0,0.0,0.0,0.1818,0.0,0.0,1.0,1.0,0,0,0.6667,6,4,0.5555,0.1,0.0909,1.0,0.0455,0.2727,0.0,0.0,0.6667,0.0,0.0,0.0,-0.0,0.0,return_outer,obstacle,0.36,13.606239
4414,-2.132,-1.04,0,0.0,0.0,12,5760,70,150.0,0.0,150.0,1.0,0.0,0.0,1,0,1,0.0833,0.0,0.0833,0,0.9167,0.0833,1.0,11,12,12,0.0,0.0,0.0,0.0,0.0,0.0,0.0,0.0,0,0,1.0,1,1,0.5069,0.1,0.0,0.4167,0.0,0.0833,0.0,0.0,1.0,0.0,0.0,0.0,0.0,0.0,outer_patrol_a,road_edge,0.36,13.573919
4415,5.9371,2.8961,0,1.0,0.1667,14,6720,70,150.0,0.0,150.0,1.0,0.8333,0.0714,0,0,0,0.0000,0.0,0.0000,0,0.9286,0.0714,0.9286,13,13,14,0.0,0.0,0.0,0.0714,0.0,0.0,1.0,1.0,0,0,0.5,2,1,0.5087,0.1,0.0714,0.5714,0.0,0.1429,0.0,0.0,0.5,0.0,0.0,0.0,-0.0,0.0,enter_inner,obstacle,0.36,14.72692
4416,70.8125,34.5427,0,5.0,0.8333,35,16800,70,150.0,0.0,150.0,1.0,1.6667,0.1429,1,0,1,0.0286,0.0,0.0286,0,0.8571,0.1429,0.8571,30,30,35,0.0,0.0,0.0,0.1429,0.0,0.0,1.0,1.0,0,0,0.8889,9,8,0.5424,0.1,0.0286,0.8286,0.0,0.2571,0.0,0.0,0.8889,0.0,0.0,0.0,-0.0,0.0,final_park,wall,0.36,13.940064
4417,86.0,53.3229,1,6.0,1.0,42,20160,42,138.0,0.0,138.0,0.6,1.6667,0.1429,0,0,0,0.0000,0.0,0.0000,0,0.8333,0.1667,0.8333,35,35,42,0.0,0.0,0.0,0.1667,0.0,0.0,1.0,1.0,0,0,0.4,10,4,0.5657,0.1,0.1429,0.6905,0.0476,0.2381,0.0,0.0,0.4,0.0,0.0,0.0,-0.0,0.0,completed,,0.36,13.212711
4418,86.0,54.0829,1,6.0,1.0,40,19200,40,137.1429,0.0,137.1429,0.5714,1.75,0.15,0,0,0,0.0000,0.0,0.0000,0,0.825,0.175,0.825,33,33,40,0.0,0.0,0.0,0.175,0.0,0.0,1.0,1.0,0,0,0.6667,12,8,0.5721,0.1,0.125,0.7,0.075,0.3,0.0,0.0,0.6667,0.0,0.0,0.0,-0.0,0.0,completed,,0.36,15.441048
4419,4.0199,1.9609,0,1.0,0.1667,15,7200,70,150.0,0.0,150.0,1.0,0.7778,0.0667,0,0,0,0.0000,0.0,0.0000,0,0.8667,0.1333,0.9333,13,14,15,0.0,0.0,0.0,0.0667,0.0,1.0,0.0,1.0,0,0,0.4,5,2,0.5372,0.1,0.0667,0.8,0.0667,0.3333,0.0,0.0,0.4,0.0,0.0,0.0,-0.0,0.0,enter_inner,obstacle,0.36,14.795684
4420,86.0,52.1554,1,6.0,1.0,38,18240,38,136.2857,0.8458,137.1315,0.5429,1.8421,0.1579,1,0,1,0.0263,0.0,0.0263,0,0.8158,0.1842,0.8421,31,32,38,0.1692,0.1692,1.311,0.1579,0.1667,0.1667,0.6667,0.8333,0,0,0.625,8,5,0.5358,0.1,0.0526,0.8684,0.0263,0.2105,0.0,0.0,0.625,0.0,0.0,0.0,0.8676,0.0,completed,,0.36,13.990937
4421,86.0,51.8343,1,6.0,1.0,42,20160,42,138.0,0.668,138.668,0.6,1.6667,0.1429,1,0,1,0.0238,0.0,0.0238,0,0.7857,0.2143,0.8333,33,35,42,0.1336,0.1336,1.0354,0.1667,0.1429,0.0,0.8571,0.8571,0,0,0.6154,13,8,0.5557,0.1,0.0714,0.8571,0.0238,0.3095,0.0,0.0,0.6154,0.0,0.0,0.0,0.4101,0.0,completed,,0.36,13.844737
4422,15.0795,7.3559,0,2.0,0.3333,16,7680,70,150.0,0.668,150.668,1.0,1.4583,0.125,0,0,0,0.0000,0.0,0.0000,0,0.8125,0.1875,0.8125,13,13,16,0.334,0.334,1.0353,0.1875,0.3333,0.0,0.6667,0.6667,0,0,0.6,5,3,0.5919,0.1,0.1875,0.6875,0.125,0.3125,0.0,0.0,0.6,0.0,0.0,0.0,0.6365,0.0,inner_patrol,obstacle,0.36,13.558201
4423,5.9371,2.8961,0,1.0,0.1667,14,6720,70,150.0,0.0,150.0,1.0,0.8333,0.0714,1,0,1,0.0714,0.0,0.0714,0,0.9286,0.0714,0.9286,13,13,14,0.0,0.0,0.0,0.0714,0.0,0.0,1.0,1.0,0,0,1.0,2,2,0.5177,0.1,0.0,0.5714,0.0,0.1429,0.0,0.0,1.0,0.0,0.0,0.0,-0.0,0.0,enter_inner,obstacle,0.36,13.567035
4424,-1.7343,-0.846,0,1.0,0.1667,19,9120,70,150.0,1.5083,151.5083,1.0,0.614,0.0526,1,0,1,0.0526,0.0,0.0526,0,0.8947,0.1053,0.8947,17,17,19,1.5083,1.5083,2.3379,0.1053,1.0,0.0,0.0,0.0,0,0,0.4286,7,3,0.5327,0.1,0.1579,0.7895,0.0,0.3684,0.0,0.0,0.4286,0.0,0.0,0.0,-0.0,0.0,enter_inner,obstacle,0.36,14.385877
4425,29.7466,14.5105,0,2.0,0.3333,24,11520,70,150.0,0.0,150.0,1.0,0.9722,0.0833,1,0,1,0.0417,0.0,0.0417,0,0.8333,0.1667,0.8333,20,20,24,0.0,0.0,0.0,0.1667,0.0,0.0,1.0,1.0,0,0,0.4444,9,4,0.5706,0.1,0.2083,0.7917,0.0417,0.375,0.0,0.0,0.4444,0.0,0.0,0.0,-0.0,0.0,inner_patrol,obstacle,0.36,13.611915
4426,3.772,1.84,0,0.0,0.0,12,5760,70,150.0,0.0,150.0,1.0,0.0,0.0,1,0,1,0.0833,0.0,0.0833,0,1.0,0.0,1.0,12,12,12,0.0,0.0,0.0,0.0,0.0,0.0,0.0,0.0,0,0,1.0,1,1,0.4948,0.1,0.0,0.5833,0.0,0.0833,0.0,0.0,1.0,0.0,0.0,0.0,0.0,0.0,outer_patrol_a,road_edge,0.36,13.844877
4427,44.9458,21.9248,0,4.0,0.6667,25,12000,70,150.0,0.0,150.0,1.0,1.8667,0.16,1,0,1,0.0400,0.0,0.0400,0,0.76,0.24,0.76,19,19,25,0.0,0.0,0.0,0.24,0.0,0.0,1.0,1.0,0,0,0.5714,7,4,0.5909,0.1,0.16,0.84,0.12,0.28,0.0,0.0,0.5714,0.0,0.0,0.0,-0.0,0.0,outer_patrol_b,road_edge,0.36,10.908272
4428,-10.0,-7.05,0,0.0,0.0,5,2400,70,150.0,0.0,150.0,1.0,0.0,0.0,1,0,1,0.2000,0.0,0.2000,0,1.0,0.0,1.0,5,5,5,0.0,0.0,0.0,0.0,0.0,0.0,0.0,0.0,0,0,0.5,2,1,0.5045,0.1,0.0,0.8,0.0,0.4,0.0,0.0,0.5,0.0,0.0,0.0,0.0,0.0,outer_patrol_a,road_edge,0.36,13.109549
4429,67.2378,32.7989,0,5.0,0.8333,42,20160,70,150.0,0.0,150.0,1.0,1.3889,0.119,0,0,0,0.0000,0.0,0.0000,0,0.8095,0.1905,0.8333,34,35,42,0.0,0.0,0.0,0.1667,0.0,0.0,1.0,1.0,0,0,0.2857,7,2,0.5642,0.1,0.0952,0.6667,0.0476,0.1667,0.0,0.0,0.2857,0.0,0.0,0.0,-0.0,0.0,final_park,wall,0.36,15.337384
4430,14.8253,7.2319,0,2.0,0.3333,15,7200,70,150.0,0.0,150.0,1.0,1.5556,0.1333,0,0,0,0.0000,0.0,0.0000,0,0.8667,0.1333,0.8667,13,13,15,0.0,0.0,0.0,0.1333,0.0,1.0,0.0,1.0,0,0,0.8,5,4,0.5383,0.1,0.0667,0.7333,0.0,0.3333,0.0,0.0,0.8,0.0,0.0,0.0,-0.0,0.0,inner_patrol,obstacle,0.36,14.022903
4431,4.5655,2.2271,0,1.0,0.1667,16,7680,70,150.0,0.0,150.0,1.0,0.7292,0.0625,0,0,0,0.0000,0.0,0.0000,0,0.875,0.125,0.875,14,14,16,0.0,0.0,0.0,0.125,0.0,0.5,0.5,1.0,0,0,0.4,5,2,0.5497,0.1,0.125,0.625,0.0625,0.3125,0.0,0.0,0.4,0.0,0.0,0.0,0.6931,0.0,enter_inner,obstacle,0.36,15.886014
4432,86.0,54.0527,1,6.0,1.0,36,17280,36,135.4286,0.0,135.4286,0.5143,1.9444,0.1667,0,0,0,0.0000,0.0,0.0000,0,0.8333,0.1667,0.8611,30,31,36,0.0,0.0,0.0,0.1389,0.0,0.0,1.0,1.0,0,0,0.8889,9,8,0.5368,0.1,0.0,0.75,0.0,0.25,0.0,0.0,0.8889,0.0,0.0,0.0,-0.0,0.0,completed,,0.36,19.430785
4433,86.0,51.5338,1,6.0,1.0,40,19200,40,137.1429,0.698,137.8408,0.5714,1.75,0.15,1,0,1,0.0250,0.0,0.0250,0,0.8,0.2,0.85,32,34,40,0.1396,0.1396,1.0818,0.15,0.1667,0.0,0.8333,0.8333,0,0,0.75,12,9,0.5554,0.1,0.075,0.85,0.05,0.3,0.0,0.0,0.75,0.0,0.0,0.0,0.4506,0.0,completed,,0.36,19.70818
4434,86.0,53.3892,1,6.0,1.0,38,18240,38,136.2857,0.6138,136.8995,0.5429,1.8421,0.1579,1,0,1,0.0263,0.0,0.0263,0,0.7895,0.2105,0.7895,30,30,38,0.1228,0.1228,0.9514,0.2105,0.125,0.125,0.75,0.875,0,0,0.8125,16,13,0.575,0.1,0.1579,0.8947,0.0789,0.4211,0.0,0.0,0.8125,0.0,0.0,0.0,0.7356,0.0,completed,,0.36,16.560637
4435,30.3396,14.7998,0,3.0,0.5,22,10560,70,150.0,0.6035,150.6035,1.0,1.5909,0.1364,1,0,1,0.0455,0.0,0.0455,0,0.8636,0.1364,0.8636,19,19,22,0.2012,0.2012,0.9354,0.1364,0.3333,0.0,0.6667,0.6667,0,0,0.875,8,7,0.567,0.1,0.0909,0.8182,0.0455,0.3636,0.0,0.0,0.875,0.0,0.0,0.0,0.6365,0.0,return_outer,obstacle,0.36,14.907064
4436,86.0,51.2873,1,6.0,1.0,40,19200,40,137.1429,1.3408,138.4836,0.5714,1.75,0.15,0,0,0,0.0000,0.0,0.0000,0,0.775,0.225,0.8,31,32,40,0.2682,0.2682,2.0782,0.2,0.25,0.125,0.625,0.75,0,0,0.75,12,9,0.5601,0.1,0.125,0.775,0.025,0.3,0.0,0.0,0.75,0.0,0.0,0.0,0.9003,0.0,completed,,0.36,12.690987
4437,86.0,53.0275,1,6.0,1.0,38,18240,38,136.2857,0.0,136.2857,0.5429,1.8421,0.1579,1,0,1,0.0263,0.0,0.0263,0,0.8684,0.1316,0.8684,33,33,38,0.0,0.0,0.0,0.1316,0.0,0.2,0.8,1.0,0,0,0.6,10,6,0.556,0.1,0.0526,0.8158,0.0263,0.2632,0.0,0.0,0.6,0.0,0.0,0.0,0.5004,0.0,completed,,0.36,18.506837
4438,86.0,53.3136,1,6.0,1.0,38,18240,38,136.2857,0.0,136.2857,0.5429,1.8421,0.1579,1,0,1,0.0263,0.0,0.0263,0,0.8158,0.1842,0.8421,31,32,38,0.0,0.0,0.0,0.1579,0.0,0.1667,0.8333,1.0,0,0,0.7143,7,5,0.5453,0.1,0.0789,0.8421,0.0263,0.1842,0.0,0.0,0.7143,0.0,0.0,0.0,0.4506,0.0,completed,,0.36,18.000213
4439,43.5365,21.2373,0,4.0,0.6667,22,10560,70,150.0,0.0,150.0,1.0,2.1212,0.1818,0,0,0,0.0000,0.0,0.0000,0,0.8182,0.1818,0.8182,18,18,22,0.0,0.0,0.0,0.1818,0.0,0.25,0.75,1.0,0,0,0.75,4,3,0.5405,0.1,0.0455,0.8636,0.0,0.1818,0.0,0.0,0.75,0.0,0.0,0.0,0.5623,0.0,outer_patrol_b,road_edge,0.36,15.675622
4440,86.0,49.2988,1,6.0,1.0,42,20160,42,138.0,2.0583,140.0583,0.6,1.6667,0.1429,0,0,0,0.0000,0.0,0.0000,0,0.8571,0.1429,0.8571,36,36,42,0.4117,0.4117,3.1904,0.1429,0.5,0.0,0.5,0.5,0,0,0.6667,12,8,0.5429,0.1,0.0476,0.881,0.0,0.2857,0.0,0.0,0.6667,0.0,0.0,0.0,0.6931,0.0,completed,,0.36,14.336395
4441,86.0,53.5047,1,6.0,1.0,36,17280,36,135.4286,0.0,135.4286,0.5143,1.9444,0.1667,1,0,1,0.0278,0.0,0.0278,0,0.8333,0.1667,0.8611,30,31,36,0.0,0.0,0.0,0.1389,0.0,0.0,1.0,1.0,0,0,0.9,10,9,0.5407,0.1,0.0556,0.75,0.0,0.2778,0.0,0.0,0.9,0.0,0.0,0.0,-0.0,0.0,completed,,0.36,14.764562
4442,86.0,54.0797,1,6.0,1.0,37,17760,37,135.8571,0.0,135.8571,0.5286,1.8919,0.1622,1,0,1,0.0270,0.0,0.0270,0,0.7838,0.2162,0.8108,29,30,37,0.0,0.0,0.0,0.1892,0.0,0.1429,0.8571,1.0,0,0,0.8182,11,9,0.5591,0.1,0.1081,0.8378,0.0541,0.2973,0.0,0.0,0.8182,0.0,0.0,0.0,0.4101,0.0,completed,,0.36,14.230846
4443,86.0,49.8047,1,6.0,1.0,46,22080,46,139.7143,1.652,141.3663,0.6571,1.5217,0.1304,0,0,0,0.0000,0.0,0.0000,0,0.8261,0.1739,0.8478,38,39,46,0.3304,0.3304,2.5607,0.1522,0.2857,0.1429,0.5714,0.7143,0,0,0.5455,22,12,0.6278,0.1,0.2826,0.7609,0.1739,0.4783,0.0,0.0,0.5455,0.0,0.0,0.0,0.9557,0.0,completed,,0.36,13.52508
4444,55.5723,27.1085,0,4.0,0.6667,47,22560,70,150.0,1.5356,151.5356,1.0,0.9929,0.0851,0,0,0,0.0000,0.0,0.0000,0,0.8298,0.1702,0.8298,39,39,47,0.3839,0.3839,2.3802,0.1702,0.25,0.0,0.75,0.75,0,0,0.3182,22,7,0.6583,0.1,0.3191,0.766,0.2553,0.4681,0.0,0.0,0.3182,0.0,0.0,0.0,0.5623,0.0,outer_patrol_b,road_edge,0.36,16.45699
4445,86.0,54.5427,1,6.0,1.0,35,16800,35,135.0,0.0,135.0,0.5,2.0,0.1714,0,0,0,0.0000,0.0,0.0000,0,0.8571,0.1429,0.8571,30,30,35,0.0,0.0,0.0,0.1429,0.0,0.0,1.0,1.0,0,0,1.0,9,9,0.5392,0.1,0.0571,0.7429,0.0,0.2571,0.0,0.0,1.0,0.0,0.0,0.0,-0.0,0.0,completed,,0.36,18.417486
4446,57.5482,28.0723,0,4.0,0.6667,34,16320,70,150.0,0.8098,150.8098,1.0,1.3725,0.1176,0,0,0,0.0000,0.0,0.0000,0,0.8235,0.1765,0.8529,28,29,34,0.2024,0.2024,1.2552,0.1471,0.2,0.0,0.8,0.8,0,0,0.8,10,8,0.5592,0.1,0.0882,0.7647,0.0294,0.2941,0.0,0.0,0.8,0.0,0.0,0.0,0.5004,0.0,outer_patrol_b,road_edge,0.36,17.887152
4447,86.0,53.7489,1,6.0,1.0,39,18720,39,136.7143,0.0,136.7143,0.5571,1.7949,0.1538,0,0,0,0.0000,0.0,0.0000,0,0.8205,0.1795,0.8205,32,32,39,0.0,0.0,0.0,0.1795,0.0,0.0,1.0,1.0,0,0,0.6429,14,9,0.565,0.1,0.0769,0.8205,0.0513,0.359,0.0,0.0,0.6429,0.0,0.0,0.0,-0.0,0.0,completed,,0.36,17.351711
4448,86.0,53.1975,1,6.0,1.0,37,17760,37,135.8571,0.0,135.8571,0.5286,1.8919,0.1622,0,0,0,0.0000,0.0,0.0000,0,0.8378,0.1622,0.8649,31,32,37,0.0,0.0,0.0,0.1351,0.0,0.2,0.8,1.0,0,0,0.9,10,9,0.5407,0.1,0.0541,0.6757,0.0,0.2703,0.0,0.0,0.9,0.0,0.0,0.0,0.5004,0.0,completed,,0.36,14.070293
4449,86.0,49.0374,1,6.0,1.0,40,19200,40,137.1429,2.4146,139.5575,0.5714,1.75,0.15,1,0,1,0.0250,0.0,0.0250,0,0.8,0.2,0.825,32,33,40,0.4829,0.4829,3.7427,0.175,0.4286,0.1429,0.4286,0.5714,0,0,0.8333,12,10,0.5676,0.1,0.125,0.775,0.025,0.3,0.0,0.0,0.8333,0.0,0.0,0.0,1.0042,0.0,completed,,0.36,15.867998
4450,41.5342,20.2606,0,4.0,0.6667,30,14400,70,150.0,0.7439,150.7439,1.0,1.5556,0.1333,0,0,0,0.0000,0.0,0.0000,0,0.8,0.2,0.8,24,24,30,0.186,0.186,1.153,0.2,0.1667,0.0,0.8333,0.8333,0,0,0.5333,15,8,0.599,0.1,0.2667,0.9,0.1,0.5,0.0,0.0,0.5333,0.0,0.0,0.0,0.4506,0.0,outer_patrol_b,road_edge,0.36,14.995201
4451,86.0,51.234,1,6.0,1.0,42,20160,42,138.0,1.5321,139.5321,0.6,1.6667,0.1429,0,0,0,0.0000,0.0,0.0000,0,0.7619,0.2381,0.7857,32,33,42,0.3064,0.3064,2.3748,0.2143,0.2222,0.0,0.7778,0.7778,0,0,0.5556,9,5,0.5459,0.1,0.119,0.7857,0.0476,0.2143,0.0,0.0,0.5556,0.0,0.0,0.0,0.5297,0.0,completed,,0.36,14.153078
4452,68.7644,33.5436,0,5.0,0.8333,38,18240,70,150.0,0.0,150.0,1.0,1.5351,0.1316,0,0,0,0.0000,0.0,0.0000,0,0.8421,0.1579,0.8684,32,33,38,0.0,0.0,0.0,0.1579,0.0,0.1667,0.8333,1.0,0,0,0.6923,13,9,0.5479,0.1,0.0789,0.8421,0.0263,0.3421,0.0,0.0,0.6923,0.0,0.0,0.0,0.4506,0.0,final_park,wall,0.36,14.832705
4453,86.0,51.8773,1,6.0,1.0,38,18240,38,136.2857,0.7504,137.0361,0.5429,1.8421,0.1579,0,0,0,0.0000,0.0,0.0000,0,0.8421,0.1579,0.8421,32,32,38,0.1501,0.1501,1.1631,0.1579,0.1667,0.1667,0.6667,0.8333,0,0,0.7,10,7,0.5437,0.1,0.0526,0.6842,0.0,0.2632,0.0,0.0,0.7,0.0,0.0,0.0,0.8676,0.0,completed,,0.36,13.273559
4454,17.0032,8.2943,0,2.0,0.3333,14,6720,70,150.0,0.0,150.0,1.0,1.6667,0.1429,1,0,1,0.0714,0.0,0.0714,0,0.8571,0.1429,0.8571,12,12,14,0.0,0.0,0.0,0.1429,0.0,0.0,1.0,1.0,0,0,0.5,2,1,0.5236,0.1,0.0,0.7857,0.0,0.1429,0.0,0.0,0.5,0.0,0.0,0.0,-0.0,0.0,inner_patrol,obstacle,0.36,14.454907
4455,86.0,50.4351,1,6.0,1.0,44,21120,44,138.8571,0.8648,139.7219,0.6286,1.5909,0.1364,0,0,0,0.0000,0.0,0.0000,0,0.7955,0.2045,0.8182,35,36,44,0.173,0.173,1.3404,0.1818,0.125,0.25,0.625,0.875,0,0,0.5556,18,10,0.5631,0.1,0.1364,0.6818,0.0455,0.4091,0.0,0.0,0.5556,0.0,0.0,0.0,0.9003,0.0,completed,,0.36,12.335195
4456,-5.002,-2.44,0,0.0,0.0,8,3840,70,150.0,0.0,150.0,1.0,0.0,0.0,1,0,1,0.1250,0.0,0.1250,0,1.0,0.0,1.0,8,8,8,0.0,0.0,0.0,0.0,0.0,0.0,0.0,0.0,0,0,0.0,0,0,0.4975,0.1,0.0,0.625,0.0,0.0,0.0,0.0,0.0,0.0,0.0,0.0,0.0,0.0,outer_patrol_a,road_edge,0.36,12.11824
4457,86.0,53.5436,1,6.0,1.0,38,18240,38,136.2857,0.0,136.2857,0.5429,1.8421,0.1579,0,0,0,0.0000,0.0,0.0000,0,0.8421,0.1579,0.8421,32,32,38,0.0,0.0,0.0,0.1579,0.0,0.1667,0.8333,1.0,0,0,0.75,8,6,0.549,0.1,0.0789,0.7895,0.0263,0.2105,0.0,0.0,0.75,0.0,0.0,0.0,0.4506,0.0,completed,,0.36,12.564268
4458,86.0,50.2646,1,6.0,1.0,39,18720,39,136.7143,1.4771,138.1914,0.5571,1.7949,0.1538,0,0,0,0.0000,0.0,0.0000,0,0.8205,0.1795,0.8205,32,32,39,0.2954,0.2954,2.2895,0.1795,0.2857,0.2857,0.4286,0.7143,0,0,0.8333,12,10,0.555,0.1,0.0513,0.8205,0.0256,0.3077,0.0,0.0,0.8333,0.0,0.0,0.0,1.079,0.0,completed,,0.36,11.489561
4459,86.0,53.5371,1,6.0,1.0,38,18240,38,136.2857,0.7334,137.0191,0.5429,1.8421,0.1579,0,0,0,0.0000,0.0,0.0000,0,0.7895,0.2105,0.7895,30,30,38,0.1467,0.1467,1.1367,0.2105,0.125,0.0,0.875,0.875,0,0,0.8667,15,13,0.5597,0.1,0.0789,0.8947,0.0263,0.3947,0.0,0.0,0.8667,0.0,0.0,0.0,0.3768,0.0,completed,,0.36,13.561192
4460,5.1212,2.4981,0,1.0,0.1667,14,6720,70,150.0,0.0,150.0,1.0,0.8333,0.0714,1,0,1,0.0714,0.0,0.0714,0,0.8571,0.1429,0.9286,12,13,14,0.0,0.0,0.0,0.0714,0.0,0.0,1.0,1.0,0,0,0.3333,3,1,0.5248,0.1,0.0714,0.5714,0.0,0.2143,0.0,0.0,0.3333,0.0,0.0,0.0,-0.0,0.0,enter_inner,obstacle,0.36,13.515288
4461,86.0,54.6169,1,6.0,1.0,39,18720,39,136.7143,0.0,136.7143,0.5571,1.7949,0.1538,0,0,0,0.0000,0.0,0.0000,0,0.8205,0.1795,0.8205,32,32,39,0.0,0.0,0.0,0.1795,0.0,0.0,1.0,1.0,0,0,0.6,10,6,0.5719,0.1,0.1538,0.8462,0.1026,0.2564,0.0,0.0,0.6,0.0,0.0,0.0,-0.0,0.0,completed,,0.36,18.688084
4462,86.0,51.2756,1,6.0,1.0,40,19200,40,137.1429,0.8387,137.9816,0.5714,1.75,0.15,1,0,1,0.0250,0.0,0.0250,0,0.85,0.15,0.85,34,34,40,0.1677,0.1677,1.3,0.15,0.1667,0.0,0.8333,0.8333,0,0,0.5,10,5,0.5502,0.1,0.1,0.85,0.025,0.25,0.0,0.0,0.5,0.0,0.0,0.0,0.4506,0.0,completed,,0.36,22.280827
4463,86.0,50.6091,1,6.0,1.0,53,25440,53,142.7143,0.836,143.5503,0.7571,1.3208,0.1132,1,0,1,0.0189,0.0,0.0189,0,0.8113,0.1887,0.8302,43,44,53,0.1672,0.1672,1.2957,0.1698,0.1111,0.1111,0.7778,0.8889,0,0,0.2273,22,5,0.6539,0.1,0.3396,0.8302,0.2642,0.4151,0.0,0.0,0.2273,0.0,0.0,0.0,0.6837,0.0,completed,,0.36,17.29382
4464,52.6255,25.671,0,4.0,0.6667,34,16320,70,150.0,0.6776,150.6776,1.0,1.3725,0.1176,1,0,1,0.0294,0.0,0.0294,0,0.7941,0.2059,0.8235,27,28,34,0.1694,0.1694,1.0502,0.1765,0.1667,0.3333,0.5,0.8333,0,0,0.5,4,2,0.54,0.1,0.0588,0.7647,0.0,0.1176,0.0,0.0,0.5,0.0,0.0,0.0,1.0114,0.0,outer_patrol_b,road_edge,0.36,13.486143
4465,15.5395,7.5803,0,2.0,0.3333,17,8160,70,150.0,0.0,150.0,1.0,1.3725,0.1176,0,0,0,0.0000,0.0,0.0000,0,0.8824,0.1176,0.8824,15,15,17,0.0,0.0,0.0,0.1176,0.0,0.0,1.0,1.0,0,0,0.8,5,4,0.5378,0.1,0.0,0.6471,0.0,0.2941,0.0,0.0,0.8,0.0,0.0,0.0,-0.0,0.0,inner_patrol,obstacle,0.36,13.426153
4466,86.0,53.8736,1,6.0,1.0,37,17760,37,135.8571,0.0,135.8571,0.5286,1.8919,0.1622,0,0,0,0.0000,0.0,0.0000,0,0.8378,0.1622,0.8378,31,31,37,0.0,0.0,0.0,0.1622,0.0,0.1667,0.8333,1.0,0,0,0.8333,12,10,0.5616,0.1,0.0811,0.8919,0.0541,0.3243,0.0,0.0,0.8333,0.0,0.0,0.0,0.4506,0.0,completed,,0.36,11.509959
4467,86.0,53.8527,1,6.0,1.0,36,17280,36,135.4286,0.0,135.4286,0.5143,1.9444,0.1667,1,0,1,0.0278,0.0,0.0278,0,0.8333,0.1667,0.8611,30,31,36,0.0,0.0,0.0,0.1389,0.0,0.0,1.0,1.0,0,0,0.8182,11,9,0.5417,0.1,0.0833,0.7778,0.0,0.3056,0.0,0.0,0.8182,0.0,0.0,0.0,-0.0,0.0,completed,,0.36,13.422368
4468,86.0,50.582,1,6.0,1.0,45,21600,45,139.2857,1.3107,140.5964,0.6429,1.5556,0.1333,1,0,1,0.0222,0.0,0.0222,0,0.7778,0.2222,0.8,35,36,45,0.2621,0.2621,2.0316,0.2,0.2222,0.1111,0.6667,0.7778,0,0,0.5,14,7,0.5903,0.1,0.2,0.7778,0.1111,0.3111,0.0,0.0,0.5,0.0,0.0,0.0,0.8487,0.0,completed,,0.36,14.309195
4469,-10.0,-8.12,0,0.0,0.0,4,1920,70,150.0,0.0,150.0,1.0,0.0,0.0,1,0,1,0.2500,0.0,0.2500,0,1.0,0.0,1.0,4,4,4,0.0,0.0,0.0,0.0,0.0,0.0,0.0,0.0,0,0,0.5,2,1,0.5172,0.1,0.0,0.5,0.0,0.5,0.0,0.0,0.5,0.0,0.0,0.0,0.0,0.0,outer_patrol_a,road_edge,0.36,14.837168
4470,86.0,53.5984,1,6.0,1.0,36,17280,36,135.4286,0.0,135.4286,0.5143,1.9444,0.1667,1,0,1,0.0278,0.0,0.0278,0,0.8056,0.1944,0.8333,29,30,36,0.0,0.0,0.0,0.1667,0.0,0.3333,0.6667,1.0,0,0,0.7778,9,7,0.5583,0.1,0.0833,0.7778,0.0278,0.25,0.0,0.0,0.7778,0.0,0.0,0.0,0.6365,0.0,completed,,0.36,15.668027
4471,86.0,51.4704,1,6.0,1.0,42,20160,42,138.0,1.6015,139.6015,0.6,1.6667,0.1429,1,0,1,0.0238,0.0,0.0238,0,0.8095,0.1905,0.8095,34,34,42,0.3203,0.3203,2.4823,0.1905,0.25,0.0,0.75,0.75,0,0,0.6,10,6,0.5834,0.1,0.119,0.6905,0.0952,0.2381,0.0,0.0,0.6,0.0,0.0,0.0,0.5623,0.0,completed,,0.36,13.623628
4472,86.0,52.4435,1,6.0,1.0,38,18240,38,136.2857,0.7162,137.0019,0.5429,1.8421,0.1579,1,0,1,0.0263,0.0,0.0263,0,0.8421,0.1579,0.8421,32,32,38,0.1432,0.1432,1.1101,0.1579,0.1667,0.0,0.8333,0.8333,0,0,0.7,10,7,0.5472,0.1,0.0789,0.7895,0.0263,0.2632,0.0,0.0,0.7,0.0,0.0,0.0,0.4506,0.0,completed,,0.36,14.781456
4473,61.4068,29.9545,0,4.0,0.6667,31,14880,70,150.0,0.0,150.0,1.0,1.5054,0.129,1,0,1,0.0323,0.0,0.0323,0,0.871,0.129,0.871,27,27,31,0.0,0.0,0.0,0.129,0.0,0.0,1.0,1.0,0,0,0.8889,9,8,0.5388,0.1,0.0323,0.8387,0.0,0.2903,0.0,0.0,0.8889,0.0,0.0,0.0,-0.0,0.0,outer_patrol_b,road_edge,0.36,11.729034
4474,86.0,52.7336,1,6.0,1.0,40,19200,40,137.1429,0.0,137.1429,0.5714,1.75,0.15,0,0,0,0.0000,0.0,0.0000,0,0.85,0.15,0.85,34,34,40,0.0,0.0,0.0,0.15,0.0,0.1667,0.8333,1.0,0,0,0.7333,15,11,0.5594,0.1,0.125,0.725,0.0,0.375,0.0,0.0,0.7333,0.0,0.0,0.0,0.4506,0.0,completed,,0.36,12.358579
4475,86.0,54.7288,1,6.0,1.0,36,17280,36,135.4286,0.0,135.4286,0.5143,1.9444,0.1667,1,0,1,0.0278,0.0,0.0278,0,0.8333,0.1667,0.8333,30,30,36,0.0,0.0,0.0,0.1667,0.0,0.0,1.0,1.0,0,0,0.9,10,9,0.5546,0.1,0.1111,0.8056,0.0278,0.2778,0.0,0.0,0.9,0.0,0.0,0.0,-0.0,0.0,completed,,0.36,19.079023
4476,86.0,52.4872,1,6.0,1.0,39,18720,39,136.7143,0.6254,137.3397,0.5571,1.7949,0.1538,0,0,0,0.0000,0.0,0.0000,0,0.8205,0.1795,0.8205,32,32,39,0.1251,0.1251,0.9694,0.1795,0.1429,0.1429,0.7143,0.8571,0,0,0.75,12,9,0.5522,0.1,0.1538,0.7692,0.0256,0.3077,0.0,0.0,0.75,0.0,0.0,0.0,0.7963,0.0,completed,,0.36,21.082446
4477,86.0,55.2391,1,6.0,1.0,37,17760,37,135.8571,0.0,135.8571,0.5286,1.8919,0.1622,1,0,1,0.0270,0.0,0.0270,0,0.7838,0.2162,0.7838,29,29,37,0.0,0.0,0.0,0.2162,0.0,0.0,1.0,1.0,0,0,0.5714,7,4,0.5559,0.1,0.1081,0.7838,0.0541,0.1892,0.0,0.0,0.5714,0.0,0.0,0.0,-0.0,0.0,completed,,0.36,19.902037
4478,86.0,50.4965,1,6.0,1.0,39,18720,39,136.7143,1.5914,138.3056,0.5571,1.7949,0.1538,1,0,1,0.0256,0.0,0.0256,0,0.7949,0.2051,0.7949,31,31,39,0.3183,0.3183,2.4666,0.2051,0.25,0.375,0.375,0.75,0,0,0.5,4,2,0.5688,0.1,0.0769,0.6923,0.0769,0.1026,0.0,0.0,0.5,0.0,0.0,0.0,1.0822,0.0,completed,,0.36,16.93012
4479,86.0,54.2667,1,6.0,1.0,35,16800,35,135.0,0.0,135.0,0.5,2.0,0.1714,1,0,1,0.0286,0.0,0.0286,0,0.8571,0.1429,0.8571,30,30,35,0.0,0.0,0.0,0.1429,0.0,0.0,1.0,1.0,0,0,0.8,5,4,0.526,0.1,0.0571,0.8,0.0,0.1429,0.0,0.0,0.8,0.0,0.0,0.0,-0.0,0.0,completed,,0.36,18.426096
4480,16.8925,8.2403,0,2.0,0.3333,15,7200,70,150.0,0.0,150.0,1.0,1.5556,0.1333,0,0,0,0.0000,0.0,0.0000,0,0.8667,0.1333,0.8667,13,13,15,0.0,0.0,0.0,0.1333,0.0,0.0,1.0,1.0,0,0,0.6667,3,2,0.5191,0.1,0.0667,0.8,0.0,0.2,0.0,0.0,0.6667,0.0,0.0,0.0,-0.0,0.0,inner_patrol,obstacle,0.36,16.710181
4481,86.0,52.4772,1,6.0,1.0,38,18240,38,136.2857,0.6957,136.9814,0.5429,1.8421,0.1579,1,0,1,0.0263,0.0,0.0263,0,0.7895,0.2105,0.8421,30,32,38,0.1391,0.1391,1.0784,0.1579,0.1667,0.0,0.8333,0.8333,0,0,0.8889,9,8,0.5477,0.1,0.0789,0.7105,0.0263,0.2368,0.0,0.0,0.8889,0.0,0.0,0.0,0.4506,0.0,completed,,0.36,15.067197
4482,86.0,52.9293,1,6.0,1.0,37,17760,37,135.8571,0.7963,136.6534,0.5286,1.8919,0.1622,1,0,1,0.0270,0.0,0.0270,0,0.8378,0.1622,0.8378,31,31,37,0.1593,0.1593,1.2343,0.1622,0.1667,0.0,0.8333,0.8333,0,0,0.8182,11,9,0.5498,0.1,0.1081,0.7297,0.027,0.2973,0.0,0.0,0.8182,0.0,0.0,0.0,0.4506,0.0,completed,,0.36,16.938851
4483,30.3053,14.7831,0,3.0,0.5,25,12000,70,150.0,0.6906,150.6906,1.0,1.4,0.12,0,0,0,0.0000,0.0,0.0000,0,0.8,0.2,0.8,20,20,25,0.2302,0.2302,1.0704,0.2,0.2,0.0,0.8,0.8,0,0,0.5714,7,4,0.5835,0.1,0.2,0.92,0.08,0.28,0.0,0.0,0.5714,0.0,0.0,0.0,0.5004,0.0,return_outer,obstacle,0.36,16.886256
4484,86.0,52.9219,1,6.0,1.0,42,20160,42,138.0,0.7948,138.7948,0.6,1.6667,0.1429,0,0,0,0.0000,0.0,0.0000,0,0.8095,0.1905,0.8095,34,34,42,0.159,0.159,1.232,0.1905,0.125,0.0,0.875,0.875,0,0,0.625,16,10,0.5999,0.1,0.2143,0.8333,0.119,0.381,0.0,0.0,0.625,0.0,0.0,0.0,0.3768,0.0,completed,,0.36,15.728214
4485,86.0,52.1298,1,6.0,1.0,38,18240,38,136.2857,0.6571,136.9429,0.5429,1.8421,0.1579,1,0,1,0.0263,0.0,0.0263,0,0.7895,0.2105,0.8421,30,32,38,0.1314,0.1314,1.0186,0.1579,0.1667,0.1667,0.6667,0.8333,0,0,0.8182,11,9,0.5402,0.1,0.0789,0.7895,0.0263,0.2895,0.0,0.0,0.8182,0.0,0.0,0.0,0.8676,0.0,completed,,0.36,13.074876
4486,86.0,53.2975,1,6.0,1.0,36,17280,36,135.4286,0.0,135.4286,0.5143,1.9444,0.1667,1,0,1,0.0278,0.0,0.0278,0,0.8333,0.1667,0.8611,30,31,36,0.0,0.0,0.0,0.1389,0.0,0.2,0.8,1.0,0,0,0.875,8,7,0.5407,0.1,0.0556,0.8611,0.0,0.2222,0.0,0.0,0.875,0.0,0.0,0.0,0.5004,0.0,completed,,0.36,11.393798
4487,86.0,52.7634,1,6.0,1.0,42,20160,42,138.0,0.6339,138.6339,0.6,1.6667,0.1429,1,0,1,0.0238,0.0,0.0238,0,0.8095,0.1905,0.8095,34,34,42,0.1268,0.1268,0.9825,0.1905,0.125,0.0,0.875,0.875,0,0,0.65,20,13,0.5847,0.1,0.119,0.8095,0.0714,0.4762,0.0,0.0,0.65,0.0,0.0,0.0,0.3768,0.0,completed,,0.36,12.29364
4488,68.3849,33.3585,0,5.0,0.8333,37,17760,70,150.0,0.6426,150.6426,1.0,1.5766,0.1351,1,0,1,0.0270,0.0,0.0270,0,0.8108,0.1892,0.8108,30,30,37,0.1285,0.1285,0.996,0.1892,0.1429,0.1429,0.7143,0.8571,0,0,0.7778,9,7,0.5697,0.1,0.1081,0.7297,0.0811,0.2432,0.0,0.0,0.7778,0.0,0.0,0.0,0.7963,0.0,final_park,wall,0.36,15.403383
4489,86.0,52.0791,1,6.0,1.0,41,19680,41,137.5714,1.412,138.9835,0.5857,1.7073,0.1463,0,0,0,0.0000,0.0,0.0000,0,0.7317,0.2683,0.7561,30,31,41,0.2824,0.2824,2.1887,0.2439,0.2,0.1,0.7,0.8,0,0,0.6667,12,8,0.5834,0.1,0.1463,0.8293,0.0976,0.2927,0.0,0.0,0.6667,0.0,0.0,0.0,0.8018,0.0,completed,,0.36,13.676662
4490,86.0,53.6875,1,6.0,1.0,36,17280,36,135.4286,0.0,135.4286,0.5143,1.9444,0.1667,1,0,1,0.0278,0.0,0.0278,0,0.8611,0.1389,0.8611,31,31,36,0.0,0.0,0.0,0.1389,0.0,0.2,0.8,1.0,0,0,0.8182,11,9,0.5515,0.1,0.0556,0.8333,0.0,0.3056,0.0,0.0,0.8182,0.0,0.0,0.0,0.5004,0.0,completed,,0.36,15.366509
4491,86.0,51.8625,1,6.0,1.0,39,18720,39,136.7143,0.7244,137.4387,0.5571,1.7949,0.1538,1,0,1,0.0256,0.0,0.0256,0,0.8205,0.1795,0.8205,32,32,39,0.1449,0.1449,1.1228,0.1795,0.1429,0.2857,0.5714,0.8571,0,0,0.6923,13,9,0.563,0.1,0.1795,0.7949,0.0256,0.3333,0.0,0.0,0.6923,0.0,0.0,0.0,0.9557,0.0,completed,,0.36,13.328762
4492,86.0,52.1167,1,6.0,1.0,43,20640,43,138.4286,0.7312,139.1597,0.6143,1.6279,0.1395,0,0,0,0.0000,0.0,0.0000,0,0.7907,0.2093,0.7907,34,34,43,0.1462,0.1462,1.1333,0.2093,0.1111,0.0,0.8889,0.8889,0,0,0.5625,16,9,0.5937,0.1,0.186,0.8605,0.093,0.3721,0.0,0.0,0.5625,0.0,0.0,0.0,0.3488,0.0,completed,,0.36,9.987997
4493,64.8706,31.6442,0,5.0,0.8333,42,20160,70,150.0,0.7615,150.7615,1.0,1.3889,0.119,1,0,1,0.0238,0.0,0.0238,0,0.8333,0.1667,0.8333,35,35,42,0.1523,0.1523,1.1803,0.1667,0.1429,0.1429,0.7143,0.8571,0,0,0.5,14,7,0.5765,0.1,0.1905,0.7381,0.0714,0.3333,0.0,0.0,0.5,0.0,0.0,0.0,0.7963,0.0,final_park,wall,0.36,9.878383
4494,86.0,51.855,1,6.0,1.0,41,19680,41,137.5714,0.6093,138.1807,0.5857,1.7073,0.1463,0,0,0,0.0000,0.0,0.0000,0,0.8049,0.1951,0.8049,33,33,41,0.1219,0.1219,0.9444,0.1951,0.125,0.25,0.625,0.875,0,0,0.4444,9,4,0.5784,0.1,0.1463,0.6585,0.0732,0.2195,0.0,0.0,0.4444,0.0,0.0,0.0,0.9003,0.0,completed,,0.36,11.907537
4495,-10.0,-6.72,0,0.0,0.0,4,1920,70,150.0,0.0,150.0,1.0,0.0,0.0,0,0,0,0.0000,0.0,0.0000,0,1.0,0.0,1.0,4,4,4,0.0,0.0,0.0,0.0,0.0,0.0,0.0,0.0,0,0,0.0,0,0,0.4891,0.1,0.0,1.0,0.0,0.0,0.0,0.0,0.0,0.0,0.0,0.0,0.0,0.0,outer_patrol_a,road_edge,0.36,12.149541
4496,86.0,51.9987,1,6.0,1.0,38,18240,38,136.2857,0.8979,137.1836,0.5429,1.8421,0.1579,1,0,1,0.0263,0.0,0.0263,0,0.8158,0.1842,0.8421,31,32,38,0.1796,0.1796,1.3917,0.1579,0.1667,0.1667,0.6667,0.8333,0,0,0.8333,12,10,0.5534,0.1,0.1316,0.8684,0.0263,0.3158,0.0,0.0,0.8333,0.0,0.0,0.0,0.8676,0.0,completed,,0.36,14.005984
4497,86.0,54.2039,1,6.0,1.0,39,18720,39,136.7143,0.0,136.7143,0.5571,1.7949,0.1538,1,0,1,0.0256,0.0,0.0256,0,0.7949,0.2051,0.7949,31,31,39,0.0,0.0,0.0,0.2051,0.0,0.125,0.875,1.0,0,0,0.6,10,6,0.5701,0.1,0.1538,0.8205,0.1026,0.2564,0.0,0.0,0.6,0.0,0.0,0.0,0.3768,0.0,completed,,0.36,13.47918
4498,44.3429,21.6307,0,4.0,0.6667,24,11520,70,150.0,0.0,150.0,1.0,1.9444,0.1667,1,0,1,0.0417,0.0,0.0417,0,0.7917,0.2083,0.7917,19,19,24,0.0,0.0,0.0,0.2083,0.0,0.0,1.0,1.0,0,0,0.6,5,3,0.5672,0.1,0.0833,0.7917,0.0417,0.2083,0.0,0.0,0.6,0.0,0.0,0.0,-0.0,0.0,outer_patrol_b,road_edge,0.36,14.796994
4499,86.0,52.7919,1,6.0,1.0,38,18240,38,136.2857,0.672,136.9578,0.5429,1.8421,0.1579,0,0,0,0.0000,0.0,0.0000,0,0.8421,0.1579,0.8421,32,32,38,0.1344,0.1344,1.0417,0.1579,0.1667,0.0,0.8333,0.8333,0,0,0.6667,9,6,0.5469,0.1,0.1053,0.7105,0.0263,0.2368,0.0,0.0,0.6667,0.0,0.0,0.0,0.4506,0.0,completed,,0.36,12.026562
4500,15.0806,7.3564,0,2.0,0.3333,19,9120,70,150.0,0.0,150.0,1.0,1.2281,0.1053,1,0,1,0.0526,0.0,0.0526,0,0.7895,0.2105,0.8421,15,16,19,0.0,0.0,0.0,0.1579,0.0,0.0,1.0,1.0,0,0,0.7143,7,5,0.5565,0.1,0.0526,0.6316,0.0526,0.3684,0.0,0.0,0.7143,0.0,0.0,0.0,-0.0,0.0,inner_patrol,obstacle,0.36,11.246361
4501,86.0,51.5668,1,6.0,1.0,45,21600,45,139.2857,0.7883,140.074,0.6429,1.5556,0.1333,1,0,1,0.0222,0.0,0.0222,0,0.8222,0.1778,0.8222,37,37,45,0.1577,0.1577,1.2219,0.1778,0.125,0.125,0.75,0.875,0,0,0.4118,17,7,0.6115,0.1,0.2444,0.7111,0.1556,0.3778,0.0,0.0,0.4118,0.0,0.0,0.0,0.7356,0.0,completed,,0.36,10.559651
4502,86.0,54.4231,1,6.0,1.0,39,18720,39,136.7143,0.0,136.7143,0.5571,1.7949,0.1538,0,0,0,0.0000,0.0,0.0000,0,0.7692,0.2308,0.7949,30,31,39,0.0,0.0,0.0,0.2051,0.0,0.0,1.0,1.0,0,0,0.7,10,7,0.5581,0.1,0.1282,0.8462,0.0513,0.2564,0.0,0.0,0.7,0.0,0.0,0.0,-0.0,0.0,completed,,0.36,12.180999
4503,-10.0,-5.65,0,0.0,0.0,5,2400,70,150.0,0.0,150.0,1.0,0.0,0.0,0,0,0,0.0000,0.0,0.0000,0,1.0,0.0,1.0,5,5,5,0.0,0.0,0.0,0.0,0.0,0.0,0.0,0.0,0,0,0.0,0,0,0.4933,0.1,0.0,0.6,0.0,0.0,0.0,0.0,0.0,0.0,0.0,0.0,0.0,0.0,outer_patrol_a,road_edge,0.36,13.122683
4504,86.0,52.5077,1,6.0,1.0,44,21120,44,138.8571,0.0,138.8571,0.6286,1.5909,0.1364,0,0,0,0.0000,0.0,0.0000,0,0.8409,0.1591,0.8409,37,37,44,0.0,0.0,0.0,0.1591,0.0,0.1429,0.8571,1.0,0,0,0.4,15,6,0.5991,0.1,0.25,0.7727,0.1136,0.3409,0.0,0.0,0.4,0.0,0.0,0.0,0.4101,0.0,completed,,0.36,14.747382
4505,86.0,50.1101,1,6.0,1.0,42,20160,42,138.0,1.6977,139.6977,0.6,1.6667,0.1429,0,0,0,0.0000,0.0,0.0000,0,0.7857,0.2143,0.8095,33,34,42,0.3395,0.3395,2.6314,0.1905,0.25,0.125,0.625,0.75,0,0,0.6842,19,13,0.5911,0.1,0.2381,0.8571,0.0952,0.4524,0.0,0.0,0.6842,0.0,0.0,0.0,0.9003,0.0,completed,,0.36,14.87069
4506,86.0,51.4973,1,6.0,1.0,44,21120,44,138.8571,0.7665,139.6237,0.6286,1.5909,0.1364,1,0,1,0.0227,0.0,0.0227,0,0.8182,0.1818,0.8182,36,36,44,0.1533,0.1533,1.1881,0.1818,0.125,0.25,0.625,0.875,0,0,0.5625,16,9,0.6015,0.1,0.1818,0.8636,0.1364,0.3636,0.0,0.0,0.5625,0.0,0.0,0.0,0.9003,0.0,completed,,0.36,12.011278
4507,86.0,51.4508,1,6.0,1.0,42,20160,42,138.0,0.6223,138.6223,0.6,1.6667,0.1429,0,0,0,0.0000,0.0,0.0000,0,0.7857,0.2143,0.8095,33,34,42,0.1245,0.1245,0.9646,0.1905,0.125,0.25,0.625,0.875,0,0,0.6429,14,9,0.5639,0.1,0.1429,0.6905,0.0476,0.3333,0.0,0.0,0.6429,0.0,0.0,0.0,0.9003,0.0,completed,,0.36,12.715814
4508,15.8834,7.748,0,2.0,0.3333,15,7200,70,150.0,0.0,150.0,1.0,1.5556,0.1333,0,0,0,0.0000,0.0,0.0000,0,0.8,0.2,0.8,12,12,15,0.0,0.0,0.0,0.2,0.0,0.6667,0.3333,1.0,0,0,0.75,4,3,0.5543,0.1,0.0667,0.6667,0.0667,0.2667,0.0,0.0,0.75,0.0,0.0,0.0,0.6365,0.0,inner_patrol,obstacle,0.36,11.561844
4509,86.0,54.4349,1,6.0,1.0,38,18240,38,136.2857,0.0,136.2857,0.5429,1.8421,0.1579,1,0,1,0.0263,0.0,0.0263,0,0.8158,0.1842,0.8158,31,31,38,0.0,0.0,0.0,0.1842,0.0,0.0,1.0,1.0,0,0,0.6667,9,6,0.556,0.1,0.0789,0.7368,0.0263,0.2368,0.0,0.0,0.6667,0.0,0.0,0.0,-0.0,0.0,completed,,0.36,9.279362
4510,86.0,53.1184,1,6.0,1.0,37,17760,37,135.8571,0.0,135.8571,0.5286,1.8919,0.1622,0,0,0,0.0000,0.0,0.0000,0,0.8108,0.1892,0.8378,30,31,37,0.0,0.0,0.0,0.1622,0.0,0.3333,0.6667,1.0,0,0,0.9,10,9,0.5578,0.1,0.0811,0.6757,0.0,0.2703,0.0,0.0,0.9,0.0,0.0,0.0,0.6365,0.0,completed,,0.36,8.819788
4511,86.0,51.4038,1,6.0,1.0,41,19680,41,137.5714,1.2702,138.8417,0.5857,1.7073,0.1463,0,0,0,0.0000,0.0,0.0000,0,0.8049,0.1951,0.8049,33,33,41,0.254,0.254,1.9689,0.1951,0.25,0.0,0.75,0.75,0,0,0.6154,13,8,0.5737,0.1,0.1463,0.8049,0.0244,0.3171,0.0,0.0,0.6154,0.0,0.0,0.0,0.5623,0.0,completed,,0.36,11.483732
4512,86.0,51.1161,1,6.0,1.0,41,19680,41,137.5714,1.4267,138.9981,0.5857,1.7073,0.1463,0,0,0,0.0000,0.0,0.0000,0,0.8049,0.1951,0.8049,33,33,41,0.2853,0.2853,2.2114,0.1951,0.25,0.125,0.625,0.75,0,0,0.6,10,6,0.5752,0.1,0.1707,0.8537,0.0732,0.2439,0.0,0.0,0.6,0.0,0.0,0.0,0.9003,0.0,completed,,0.36,12.46224
4513,38.8827,18.9672,0,4.0,0.6667,29,13920,70,150.0,1.3833,151.3833,1.0,1.6092,0.1379,0,0,0,0.0000,0.0,0.0000,0,0.7241,0.2759,0.7586,21,22,29,0.3458,0.3458,2.1441,0.2414,0.2857,0.1429,0.5714,0.7143,0,0,0.6923,13,9,0.5905,0.1,0.2069,0.8621,0.0345,0.4483,0.0,0.0,0.6923,0.0,0.0,0.0,0.9557,0.0,outer_patrol_b,road_edge,0.36,14.303345
4514,5.5369,2.7009,0,1.0,0.1667,13,6240,70,150.0,0.0,150.0,1.0,0.8974,0.0769,0,0,0,0.0000,0.0,0.0000,0,0.9231,0.0769,0.9231,12,12,13,0.0,0.0,0.0,0.0769,0.0,1.0,0.0,1.0,0,0,0.6667,3,2,0.5244,0.1,0.0769,0.6154,0.0,0.2308,0.0,0.0,0.6667,0.0,0.0,0.0,-0.0,0.0,enter_inner,obstacle,0.36,12.513213
4515,86.0,52.8372,1,6.0,1.0,47,22560,47,140.1429,0.0,140.1429,0.6714,1.4894,0.1277,0,0,0,0.0000,0.0,0.0000,0,0.8085,0.1915,0.8085,38,38,47,0.0,0.0,0.0,0.1915,0.0,0.0,1.0,1.0,0,0,0.3684,19,7,0.6026,0.1,0.234,0.766,0.1277,0.4043,0.0,0.0,0.3684,0.0,0.0,0.0,-0.0,0.0,completed,,0.36,16.165225
4516,86.0,54.9088,1,6.0,1.0,35,16800,35,135.0,0.0,135.0,0.5,2.0,0.1714,1,0,1,0.0286,0.0,0.0286,0,0.8286,0.1714,0.8286,29,29,35,0.0,0.0,0.0,0.1714,0.0,0.0,1.0,1.0,0,0,0.8889,9,8,0.5394,0.1,0.0571,0.8,0.0,0.2571,0.0,0.0,0.8889,0.0,0.0,0.0,-0.0,0.0,completed,,0.36,17.739571
4517,16.5785,8.0871,0,2.0,0.3333,14,6720,70,150.0,0.0,150.0,1.0,1.6667,0.1429,0,0,0,0.0000,0.0,0.0000,0,0.8571,0.1429,0.8571,12,12,14,0.0,0.0,0.0,0.1429,0.0,0.5,0.5,1.0,0,0,1.0,5,5,0.5343,0.1,0.0714,0.7143,0.0,0.3571,0.0,0.0,1.0,0.0,0.0,0.0,0.6931,0.0,inner_patrol,obstacle,0.36,18.313359
4518,86.0,54.5427,1,6.0,1.0,35,16800,35,135.0,0.0,135.0,0.5,2.0,0.1714,0,0,0,0.0000,0.0,0.0000,0,0.8571,0.1429,0.8571,30,30,35,0.0,0.0,0.0,0.1429,0.0,0.0,1.0,1.0,0,0,0.9167,12,11,0.549,0.1,0.0857,0.8571,0.0,0.3429,0.0,0.0,0.9167,0.0,0.0,0.0,-0.0,0.0,completed,,0.36,16.706886
4519,32.639,15.9215,0,3.0,0.5,25,12000,70,150.0,0.0,150.0,1.0,1.4,0.12,1,0,1,0.0400,0.0,0.0400,0,0.8,0.2,0.8,20,20,25,0.0,0.0,0.0,0.2,0.0,0.2,0.8,1.0,0,0,0.4444,9,4,0.6251,0.1,0.24,0.88,0.2,0.36,0.0,0.0,0.4444,0.0,0.0,0.0,0.5004,0.0,return_outer,obstacle,0.36,12.821259
4520,86.0,54.2569,1,6.0,1.0,39,18720,39,136.7143,0.0,136.7143,0.5571,1.7949,0.1538,0,0,0,0.0000,0.0,0.0000,0,0.7949,0.2051,0.8205,31,32,39,0.0,0.0,0.0,0.1795,0.0,0.0,1.0,1.0,0,0,0.6923,13,9,0.5785,0.1,0.1282,0.7436,0.0769,0.3333,0.0,0.0,0.6923,0.0,0.0,0.0,-0.0,0.0,completed,,0.36,11.598708
4521,17.8683,8.7163,0,2.0,0.3333,16,7680,70,150.0,0.0,150.0,1.0,1.4583,0.125,0,0,0,0.0000,0.0,0.0000,0,0.875,0.125,0.875,14,14,16,0.0,0.0,0.0,0.125,0.0,0.0,1.0,1.0,0,0,0.8333,6,5,0.5435,0.1,0.0625,0.8125,0.0625,0.375,0.0,0.0,0.8333,0.0,0.0,0.0,-0.0,0.0,inner_patrol,obstacle,0.36,10.435591
4522,33.2767,16.2325,0,3.0,0.5,23,11040,70,150.0,0.0,150.0,1.0,1.5217,0.1304,1,0,1,0.0435,0.0,0.0435,0,0.8261,0.1739,0.8261,19,19,23,0.0,0.0,0.0,0.1739,0.0,0.0,1.0,1.0,0,0,0.6667,6,4,0.5485,0.1,0.0435,0.913,0.0435,0.2609,0.0,0.0,0.6667,0.0,0.0,0.0,-0.0,0.0,return_outer,obstacle,0.36,12.118827
4523,41.4499,20.2195,0,4.0,0.6667,25,12000,70,150.0,0.0,150.0,1.0,1.8667,0.16,0,0,0,0.0000,0.0,0.0000,0,0.76,0.24,0.8,19,20,25,0.0,0.0,0.0,0.2,0.0,0.2,0.8,1.0,0,0,0.75,8,6,0.5612,0.1,0.16,0.76,0.0,0.32,0.0,0.0,0.75,0.0,0.0,0.0,0.5004,0.0,outer_patrol_b,road_edge,0.36,13.209472
4524,86.0,52.6247,1,6.0,1.0,43,20640,43,138.4286,0.8176,139.2462,0.6143,1.6279,0.1395,0,0,0,0.0000,0.0,0.0000,0,0.7674,0.2326,0.7907,33,34,43,0.1635,0.1635,1.2673,0.2093,0.1111,0.0,0.8889,0.8889,0,0,0.6316,19,12,0.601,0.1,0.2093,0.8372,0.1395,0.4419,0.0,0.0,0.6316,0.0,0.0,0.0,0.3488,0.0,completed,,0.36,13.200342
4525,16.4681,8.0332,0,2.0,0.3333,19,9120,70,150.0,0.8014,150.8014,1.0,1.2281,0.1053,1,0,1,0.0526,0.0,0.0526,0,0.7895,0.2105,0.7895,15,15,19,0.4007,0.4007,1.2421,0.2105,0.25,0.0,0.75,0.75,0,0,0.5,6,3,0.5758,0.1,0.1579,0.8421,0.1053,0.3158,0.0,0.0,0.5,0.0,0.0,0.0,0.5623,0.0,inner_patrol,obstacle,0.36,11.660434
4526,25.3283,12.3553,0,3.0,0.5,28,13440,70,150.0,1.4929,151.4929,1.0,1.25,0.1071,1,0,1,0.0357,0.0,0.0357,0,0.7857,0.2143,0.7857,22,22,28,0.4976,0.4976,2.3139,0.2143,0.3333,0.1667,0.5,0.6667,0,0,0.375,8,3,0.5825,0.1,0.1786,0.7857,0.0714,0.2857,0.0,0.0,0.375,0.0,0.0,0.0,1.0114,0.0,return_outer,obstacle,0.36,10.28496
4527,15.9266,7.7691,0,2.0,0.3333,14,6720,70,150.0,0.0,150.0,1.0,1.6667,0.1429,1,0,1,0.0714,0.0,0.0714,0,0.8571,0.1429,0.8571,12,12,14,0.0,0.0,0.0,0.1429,0.0,0.5,0.5,1.0,0,0,1.0,3,3,0.514,0.1,0.0714,0.5714,0.0,0.2143,0.0,0.0,1.0,0.0,0.0,0.0,0.6931,0.0,inner_patrol,obstacle,0.36,10.400435
4528,86.0,54.3988,1,6.0,1.0,37,17760,37,135.8571,0.0,135.8571,0.5286,1.8919,0.1622,0,0,0,0.0000,0.0,0.0000,0,0.8378,0.1622,0.8378,31,31,37,0.0,0.0,0.0,0.1622,0.0,0.0,1.0,1.0,0,0,0.5714,7,4,0.5454,0.1,0.0811,0.8108,0.027,0.1892,0.0,0.0,0.5714,0.0,0.0,0.0,-0.0,0.0,completed,,0.36,9.391765
4529,86.0,53.7295,1,6.0,1.0,36,17280,36,135.4286,0.0,135.4286,0.5143,1.9444,0.1667,1,0,1,0.0278,0.0,0.0278,0,0.8611,0.1389,0.8611,31,31,36,0.0,0.0,0.0,0.1389,0.0,0.2,0.8,1.0,0,0,0.8,10,8,0.547,0.1,0.0833,0.8056,0.0,0.2778,0.0,0.0,0.8,0.0,0.0,0.0,0.5004,0.0,completed,,0.36,8.72068
4530,86.0,52.3037,1,6.0,1.0,37,17760,37,135.8571,0.6894,136.5466,0.5286,1.8919,0.1622,1,0,1,0.0270,0.0,0.0270,0,0.8649,0.1351,0.8649,32,32,37,0.1379,0.1379,1.0686,0.1351,0.2,0.2,0.6,0.8,0,0,0.8571,14,12,0.5459,0.1,0.0811,0.9459,0.0,0.3784,0.0,0.0,0.8571,0.0,0.0,0.0,0.9503,0.0,completed,,0.36,12.926183
4531,15.6519,7.6351,0,2.0,0.3333,19,9120,70,150.0,0.0,150.0,1.0,1.2281,0.1053,1,0,1,0.0526,0.0,0.0526,0,0.7895,0.2105,0.8947,15,17,19,0.0,0.0,0.0,0.1053,0.0,0.5,0.5,1.0,0,0,0.3333,3,1,0.5184,0.1,0.0,0.7895,0.0,0.1579,0.0,0.0,0.3333,0.0,0.0,0.0,0.6931,0.0,inner_patrol,obstacle,0.36,15.889547
4532,86.0,51.7084,1,6.0,1.0,41,19680,41,137.5714,0.0,137.5714,0.5857,1.7073,0.1463,1,0,1,0.0244,0.0,0.0244,0,0.8049,0.1951,0.8537,33,35,41,0.0,0.0,0.0,0.1463,0.0,0.3333,0.6667,1.0,0,0,0.7333,15,11,0.5659,0.1,0.1463,0.7073,0.0244,0.3659,0.0,0.0,0.7333,0.0,0.0,0.0,0.6365,0.0,completed,,0.36,14.849107
4533,86.0,51.625,1,6.0,1.0,45,21600,45,139.2857,0.8561,140.1419,0.6429,1.5556,0.1333,0,0,0,0.0000,0.0,0.0000,0,0.7556,0.2444,0.8,34,36,45,0.1712,0.1712,1.327,0.2,0.1111,0.0,0.8889,0.8889,0,0,0.4,10,4,0.5761,0.1,0.1556,0.7333,0.1111,0.2222,0.0,0.0,0.4,0.0,0.0,0.0,0.3488,0.0,completed,,0.36,18.570206
4534,11.9546,5.8315,0,2.0,0.3333,20,9600,70,150.0,0.6862,150.6862,1.0,1.1667,0.1,0,0,0,0.0000,0.0,0.0000,0,0.85,0.15,0.85,17,17,20,0.3431,0.3431,1.0637,0.15,0.3333,0.0,0.6667,0.6667,0,0,0.5,10,5,0.5945,0.1,0.25,1.0,0.1,0.5,0.0,0.0,0.5,0.0,0.0,0.0,0.6365,0.0,inner_patrol,obstacle,0.36,17.595397
4535,86.0,50.4767,1,6.0,1.0,43,20640,43,138.4286,1.9057,140.3343,0.6143,1.6279,0.1395,0,0,0,0.0000,0.0,0.0000,0,0.7674,0.2326,0.7674,33,33,43,0.3811,0.3811,2.9538,0.2326,0.3,0.1,0.6,0.7,0,0,0.75,20,15,0.601,0.1,0.2326,0.7674,0.093,0.4651,0.0,0.0,0.75,0.0,0.0,0.0,0.8979,0.0,completed,,0.36,18.782784
4536,86.0,53.7136,1,6.0,1.0,37,17760,37,135.8571,0.0,135.8571,0.5286,1.8919,0.1622,1,0,1,0.0270,0.0,0.0270,0,0.8108,0.1892,0.8378,30,31,37,0.0,0.0,0.0,0.1622,0.0,0.1667,0.8333,1.0,0,0,0.7143,7,5,0.547,0.1,0.1351,0.8108,0.027,0.1892,0.0,0.0,0.7143,0.0,0.0,0.0,0.4506,0.0,completed,,0.36,12.541563
4537,-10.0,-7.79,0,0.0,0.0,3,1440,70,150.0,0.0,150.0,1.0,0.0,0.0,1,0,1,0.3333,0.0,0.3333,0,1.0,0.0,1.0,3,3,3,0.0,0.0,0.0,0.0,0.0,0.0,0.0,0.0,0,0,1.0,1,1,0.5219,0.1,0.0,1.0,0.0,0.3333,0.0,0.0,1.0,0.0,0.0,0.0,0.0,0.0,outer_patrol_a,road_edge,0.36,12.716152
4538,86.0,52.4411,1,6.0,1.0,37,17760,37,135.8571,0.7717,136.6289,0.5286,1.8919,0.1622,1,0,1,0.0270,0.0,0.0270,0,0.8108,0.1892,0.8108,30,30,37,0.1543,0.1543,1.1962,0.1892,0.1429,0.2857,0.5714,0.8571,0,0,0.75,8,6,0.5535,0.1,0.0541,0.7838,0.0541,0.2162,0.0,0.0,0.75,0.0,0.0,0.0,0.9557,0.0,completed,,0.36,10.596362
4539,19.7625,9.6403,0,2.0,0.3333,15,7200,70,150.0,0.0,150.0,1.0,1.5556,0.1333,0,0,0,0.0000,0.0,0.0000,0,0.8667,0.1333,0.8667,13,13,15,0.0,0.0,0.0,0.1333,0.0,0.0,1.0,1.0,0,0,1.0,1,1,0.5174,0.1,0.0,0.6667,0.0,0.0667,0.0,0.0,1.0,0.0,0.0,0.0,-0.0,0.0,inner_patrol,obstacle,0.36,10.792847
4540,86.0,49.5314,1,6.0,1.0,40,19200,40,137.1429,2.3063,139.4491,0.5714,1.75,0.15,0,0,0,0.0000,0.0,0.0000,0,0.825,0.175,0.825,33,33,40,0.4613,0.4613,3.5747,0.175,0.4286,0.1429,0.4286,0.5714,0,0,0.8571,14,12,0.5616,0.1,0.175,0.8,0.05,0.35,0.0,0.0,0.8571,0.0,0.0,0.0,1.0042,0.0,completed,,0.36,9.823767
4541,86.0,51.9877,1,6.0,1.0,38,18240,38,136.2857,1.629,137.9148,0.5429,1.8421,0.1579,0,0,0,0.0000,0.0,0.0000,0,0.7632,0.2368,0.7895,29,30,38,0.3258,0.3258,2.525,0.2105,0.25,0.0,0.75,0.75,0,0,0.9231,13,12,0.5663,0.1,0.1579,0.7105,0.0526,0.3421,0.0,0.0,0.9231,0.0,0.0,0.0,0.5623,0.0,completed,,0.36,12.30341
4542,-10.0,-8.86,0,0.0,0.0,2,960,70,150.0,0.0,150.0,1.0,0.0,0.0,0,0,0,0.0000,0.0,0.0000,0,1.0,0.0,1.0,2,2,2,0.0,0.0,0.0,0.0,0.0,0.0,0.0,0.0,0,0,0.5,2,1,0.5583,0.1,0.0,1.0,0.0,1.0,0.0,0.0,0.5,0.0,0.0,0.0,0.0,0.0,outer_patrol_a,road_edge,0.36,12.30341
4543,16.5785,8.0871,0,2.0,0.3333,14,6720,70,150.0,0.0,150.0,1.0,1.6667,0.1429,0,0,0,0.0000,0.0,0.0000,0,0.8571,0.1429,0.8571,12,12,14,0.0,0.0,0.0,0.1429,0.0,0.5,0.5,1.0,0,0,0.75,4,3,0.5316,0.1,0.1429,0.6429,0.0,0.2857,0.0,0.0,0.75,0.0,0.0,0.0,0.6931,0.0,inner_patrol,obstacle,0.36,13.391281
4544,13.8617,6.7618,0,2.0,0.3333,17,8160,70,150.0,0.6556,150.6556,1.0,1.3725,0.1176,1,0,1,0.0588,0.0,0.0588,0,0.8235,0.1765,0.8235,14,14,17,0.3278,0.3278,1.0162,0.1765,0.3333,0.3333,0.3333,0.6667,0,0,0.6667,6,4,0.5835,0.1,0.1765,0.8235,0.1176,0.3529,0.0,0.0,0.6667,0.0,0.0,0.0,1.0986,0.0,inner_patrol,obstacle,0.36,13.772631
4545,86.0,54.0997,1,6.0,1.0,38,18240,38,136.2857,0.0,136.2857,0.5429,1.8421,0.1579,0,0,0,0.0000,0.0,0.0000,0,0.7895,0.2105,0.8158,30,31,38,0.0,0.0,0.0,0.1842,0.0,0.1429,0.8571,1.0,0,0,0.7,10,7,0.5732,0.1,0.1579,0.6579,0.0789,0.2632,0.0,0.0,0.7,0.0,0.0,0.0,0.4101,0.0,completed,,0.36,16.744643
4546,86.0,53.0655,1,6.0,1.0,38,18240,38,136.2857,0.0,136.2857,0.5429,1.8421,0.1579,0,0,0,0.0000,0.0,0.0000,0,0.8684,0.1316,0.8684,33,33,38,0.0,0.0,0.0,0.1316,0.0,0.2,0.8,1.0,0,0,0.7778,9,7,0.5404,0.1,0.0526,0.7105,0.0,0.2368,0.0,0.0,0.7778,0.0,0.0,0.0,0.5004,0.0,completed,,0.36,15.085784
4547,-2.8085,-1.37,0,0.0,0.0,9,4320,70,150.0,0.0,150.0,1.0,0.0,0.0,1,0,1,0.1111,0.0,0.1111,0,1.0,0.0,1.0,9,9,9,0.0,0.0,0.0,0.0,0.0,0.0,0.0,0.0,0,0,0.5,2,1,0.5056,0.1,0.0,0.5556,0.0,0.2222,0.0,0.0,0.5,0.0,0.0,0.0,0.0,0.0,outer_patrol_a,road_edge,0.36,12.592241
4548,86.0,53.2433,1,6.0,1.0,36,17280,36,135.4286,0.8066,136.2352,0.5143,1.9444,0.1667,0,0,0,0.0000,0.0,0.0000,0,0.8333,0.1667,0.8333,30,30,36,0.1613,0.1613,1.2503,0.1667,0.1667,0.0,0.8333,0.8333,0,0,0.9286,14,13,0.5581,0.1,0.0833,0.8056,0.0278,0.3889,0.0,0.0,0.9286,0.0,0.0,0.0,0.4506,0.0,completed,,0.36,12.804914
4549,-9.389,-4.58,0,0.0,0.0,6,2880,70,150.0,0.0,150.0,1.0,0.0,0.0,1,0,1,0.1667,0.0,0.1667,0,1.0,0.0,1.0,6,6,6,0.0,0.0,0.0,0.0,0.0,0.0,0.0,0.0,0,0,0.0,0,0,0.4755,0.1,0.0,0.5,0.0,0.0,0.0,0.0,0.0,0.0,0.0,0.0,0.0,0.0,outer_patrol_a,road_edge,0.36,13.323074
4550,86.0,51.215,1,6.0,1.0,40,19200,40,137.1429,1.4416,138.5845,0.5714,1.75,0.15,0,0,0,0.0000,0.0,0.0000,0,0.8,0.2,0.8,32,32,40,0.2883,0.2883,2.2345,0.2,0.25,0.125,0.625,0.75,0,0,0.7333,15,11,0.5556,0.1,0.1,0.825,0.025,0.375,0.0,0.0,0.7333,0.0,0.0,0.0,0.9003,0.0,completed,,0.36,15.22053
4551,86.0,51.5058,1,6.0,1.0,41,19680,41,137.5714,1.7373,139.3088,0.5857,1.7073,0.1463,0,0,0,0.0000,0.0,0.0000,0,0.8049,0.1951,0.8049,33,33,41,0.3475,0.3475,2.6929,0.1951,0.25,0.0,0.75,0.75,0,0,0.5455,11,6,0.5926,0.1,0.1951,0.7561,0.1463,0.2683,0.0,0.0,0.5455,0.0,0.0,0.0,0.5623,0.0,completed,,0.36,16.780757
4552,86.0,50.5891,1,6.0,1.0,41,19680,41,137.5714,2.2029,139.7744,0.5857,1.7073,0.1463,0,0,0,0.0000,0.0,0.0000,0,0.7805,0.2195,0.7805,32,32,41,0.4406,0.4406,3.4145,0.2195,0.3333,0.0,0.6667,0.6667,0,0,0.7692,13,10,0.5771,0.1,0.1951,0.8537,0.0976,0.3171,0.0,0.0,0.7692,0.0,0.0,0.0,0.6365,0.0,completed,,0.36,12.229426
4553,86.0,52.0401,1,6.0,1.0,39,18720,39,136.7143,1.5875,138.3017,0.5571,1.7949,0.1538,1,0,1,0.0256,0.0,0.0256,0,0.7949,0.2051,0.7949,31,31,39,0.3175,0.3175,2.4605,0.2051,0.25,0.0,0.75,0.75,0,0,0.8182,11,9,0.5578,0.1,0.1282,0.7436,0.0513,0.2821,0.0,0.0,0.8182,0.0,0.0,0.0,0.5623,0.0,completed,,0.36,14.73858
4554,30.6519,14.9521,0,3.0,0.5,23,11040,70,150.0,0.0,150.0,1.0,1.5217,0.1304,1,0,1,0.0435,0.0,0.0435,0,0.7826,0.2174,0.8261,18,19,23,0.0,0.0,0.0,0.1739,0.0,0.5,0.5,1.0,0,0,0.4,5,2,0.5642,0.1,0.1304,0.7391,0.0435,0.2174,0.0,0.0,0.4,0.0,0.0,0.0,0.6931,0.0,return_outer,obstacle,0.36,12.910357
4555,86.0,52.7861,1,6.0,1.0,38,18240,38,136.2857,0.8849,137.1706,0.5429,1.8421,0.1579,0,0,0,0.0000,0.0,0.0000,0,0.8158,0.1842,0.8158,31,31,38,0.177,0.177,1.3716,0.1842,0.1429,0.0,0.8571,0.8571,0,0,0.9231,13,12,0.5558,0.1,0.1053,0.7632,0.0,0.3421,0.0,0.0,0.9231,0.0,0.0,0.0,0.4101,0.0,completed,,0.36,16.28325
4556,86.0,49.672,1,6.0,1.0,41,19680,41,137.5714,2.2099,139.7813,0.5857,1.7073,0.1463,0,0,0,0.0000,0.0,0.0000,0,0.8049,0.1951,0.8293,33,34,41,0.442,0.442,3.4253,0.1707,0.4286,0.0,0.5714,0.5714,0,0,0.7778,9,7,0.547,0.1,0.0732,0.7317,0.0244,0.2195,0.0,0.0,0.7778,0.0,0.0,0.0,0.6829,0.0,completed,,0.36,15.284658
4557,86.0,52.9243,1,6.0,1.0,36,17280,36,135.4286,0.0,135.4286,0.5143,1.9444,0.1667,0,0,0,0.0000,0.0,0.0000,0,0.8611,0.1389,0.8611,31,31,36,0.0,0.0,0.0,0.1389,0.0,0.4,0.6,1.0,0,0,0.875,8,7,0.5414,0.1,0.0556,0.7222,0.0,0.2222,0.0,0.0,0.875,0.0,0.0,0.0,0.673,0.0,completed,,0.36,20.313006
4558,86.0,51.5351,1,6.0,1.0,39,18720,39,136.7143,1.2706,137.9849,0.5571,1.7949,0.1538,1,0,1,0.0256,0.0,0.0256,0,0.8205,0.1795,0.8205,32,32,39,0.2541,0.2541,1.9694,0.1795,0.2857,0.0,0.7143,0.7143,0,0,0.875,8,7,0.5483,0.1,0.1026,0.7436,0.0,0.2051,0.0,0.0,0.875,0.0,0.0,0.0,0.5983,0.0,completed,,0.36,21.532081
4559,86.0,53.2469,1,6.0,1.0,41,19680,41,137.5714,0.0,137.5714,0.5857,1.7073,0.1463,0,0,0,0.0000,0.0,0.0000,0,0.8049,0.1951,0.8293,33,34,41,0.0,0.0,0.0,0.1707,0.0,0.0,1.0,1.0,0,0,0.5833,12,7,0.5762,0.1,0.122,0.7317,0.0488,0.2927,0.0,0.0,0.5833,0.0,0.0,0.0,-0.0,0.0,completed,,0.36,19.433678
4560,86.0,53.8816,1,6.0,1.0,37,17760,37,135.8571,0.0,135.8571,0.5286,1.8919,0.1622,1,0,1,0.0270,0.0,0.0270,0,0.8378,0.1622,0.8378,31,31,37,0.0,0.0,0.0,0.1622,0.0,0.1667,0.8333,1.0,0,0,0.7857,14,11,0.5451,0.1,0.1081,0.8108,0.027,0.3784,0.0,0.0,0.7857,0.0,0.0,0.0,0.4506,0.0,completed,,0.36,19.713529
4561,86.0,52.1565,1,6.0,1.0,37,17760,37,135.8571,0.878,136.7351,0.5286,1.8919,0.1622,1,0,1,0.0270,0.0,0.0270,0,0.8108,0.1892,0.8108,30,30,37,0.1756,0.1756,1.3609,0.1892,0.1429,0.2857,0.5714,0.8571,0,0,0.8,10,8,0.5552,0.1,0.1081,0.7027,0.027,0.2703,0.0,0.0,0.8,0.0,0.0,0.0,0.9557,0.0,completed,,0.36,18.283101
4562,86.0,50.3066,1,6.0,1.0,41,19680,41,137.5714,2.3889,139.9603,0.5857,1.7073,0.1463,1,0,1,0.0244,0.0,0.0244,0,0.8049,0.1951,0.8049,33,33,41,0.4778,0.4778,3.7028,0.1951,0.375,0.0,0.625,0.625,0,0,0.6667,12,8,0.5816,0.1,0.122,0.8049,0.0976,0.2927,0.0,0.0,0.6667,0.0,0.0,0.0,0.6616,0.0,completed,,0.36,16.274553
4563,-9.389,-4.58,0,0.0,0.0,6,2880,70,150.0,0.0,150.0,1.0,0.0,0.0,1,0,1,0.1667,0.0,0.1667,0,1.0,0.0,1.0,6,6,6,0.0,0.0,0.0,0.0,0.0,0.0,0.0,0.0,0,0,1.0,1,1,0.5038,0.1,0.0,0.6667,0.0,0.1667,0.0,0.0,1.0,0.0,0.0,0.0,0.0,0.0,outer_patrol_a,road_edge,0.36,15.212227
4564,86.0,51.1531,1,6.0,1.0,40,19200,40,137.1429,1.4907,138.6335,0.5714,1.75,0.15,0,0,0,0.0000,0.0,0.0000,0,0.75,0.25,0.775,30,31,40,0.2981,0.2981,2.3105,0.225,0.2222,0.1111,0.6667,0.7778,0,0,0.7692,13,10,0.5582,0.1,0.15,0.825,0.025,0.325,0.0,0.0,0.7692,0.0,0.0,0.0,0.8487,0.0,completed,,0.36,15.225556
4565,62.3214,30.4007,0,5.0,0.8333,42,20160,70,150.0,0.6068,150.6068,1.0,1.3889,0.119,0,0,0,0.0000,0.0,0.0000,0,0.8333,0.1667,0.8571,35,36,42,0.1214,0.1214,0.9405,0.1429,0.1667,0.3333,0.5,0.8333,0,0,0.75,12,9,0.5598,0.1,0.0952,0.7381,0.0238,0.2857,0.0,0.0,0.75,0.0,0.0,0.0,1.0114,0.0,final_park,wall,0.36,14.527886
4566,86.0,52.6445,1,6.0,1.0,40,19200,40,137.1429,0.0,137.1429,0.5714,1.75,0.15,1,0,1,0.0250,0.0,0.0250,0,0.825,0.175,0.825,33,33,40,0.0,0.0,0.0,0.175,0.0,0.2857,0.7143,1.0,0,0,0.6875,16,11,0.5726,0.1,0.175,0.825,0.05,0.4,0.0,0.0,0.6875,0.0,0.0,0.0,0.5983,0.0,completed,,0.36,15.225647
4567,15.902,7.7571,0,2.0,0.3333,15,7200,70,150.0,0.0,150.0,1.0,1.5556,0.1333,0,0,0,0.0000,0.0,0.0000,0,0.8667,0.1333,0.8667,13,13,15,0.0,0.0,0.0,0.1333,0.0,0.5,0.5,1.0,0,0,0.5,4,2,0.5114,0.1,0.0667,0.8667,0.0,0.2667,0.0,0.0,0.5,0.0,0.0,0.0,0.6931,0.0,inner_patrol,obstacle,0.36,12.100076
4568,12.8493,6.2679,0,2.0,0.3333,17,8160,70,150.0,0.8821,150.8821,1.0,1.3725,0.1176,1,0,1,0.0588,0.0,0.0588,0,0.8235,0.1765,0.8235,14,14,17,0.4411,0.4411,1.3673,0.1765,0.3333,0.0,0.6667,0.6667,0,0,0.6,5,3,0.5491,0.1,0.1176,0.7059,0.0588,0.2941,0.0,0.0,0.6,0.0,0.0,0.0,0.6365,0.0,inner_patrol,obstacle,0.36,13.077473
4569,38.1503,18.6099,0,4.0,0.6667,30,14400,70,150.0,0.8785,150.8785,1.0,1.5556,0.1333,0,0,0,0.0000,0.0,0.0000,0,0.7667,0.2333,0.8,23,24,30,0.2196,0.2196,1.3617,0.2,0.1667,0.0,0.8333,0.8333,0,0,0.4,10,4,0.5879,0.1,0.2,0.8667,0.1,0.3333,0.0,0.0,0.4,0.0,0.0,0.0,0.4506,0.0,outer_patrol_b,road_edge,0.36,13.18615
4570,86.0,53.8797,1,6.0,1.0,38,18240,38,136.2857,0.0,136.2857,0.5429,1.8421,0.1579,0,0,0,0.0000,0.0,0.0000,0,0.8158,0.1842,0.8158,31,31,38,0.0,0.0,0.0,0.1842,0.0,0.1429,0.8571,1.0,0,0,0.8462,13,11,0.571,0.1,0.0789,0.6579,0.0263,0.3421,0.0,0.0,0.8462,0.0,0.0,0.0,0.4101,0.0,completed,,0.36,11.618562
4571,86.0,49.2687,1,6.0,1.0,42,20160,42,138.0,2.3838,140.3838,0.6,1.6667,0.1429,1,0,1,0.0238,0.0,0.0238,0,0.7619,0.2381,0.8095,32,34,42,0.4768,0.4768,3.6948,0.1905,0.375,0.0,0.625,0.625,0,0,0.8182,11,9,0.5874,0.1,0.1429,0.7619,0.119,0.2619,0.0,0.0,0.8182,0.0,0.0,0.0,0.6616,0.0,completed,,0.36,10.235405
4572,86.0,53.5284,1,6.0,1.0,36,17280,36,135.4286,0.6227,136.0513,0.5143,1.9444,0.1667,0,0,0,0.0000,0.0,0.0000,0,0.8333,0.1667,0.8333,30,30,36,0.1245,0.1245,0.9652,0.1667,0.1667,0.0,0.8333,0.8333,0,0,0.9,10,9,0.5506,0.1,0.0556,0.9167,0.0278,0.2778,0.0,0.0,0.9,0.0,0.0,0.0,0.4506,0.0,completed,,0.36,10.706823
4573,86.0,51.3857,1,6.0,1.0,39,18720,39,136.7143,1.2333,137.9476,0.5571,1.7949,0.1538,0,0,0,0.0000,0.0,0.0000,0,0.8205,0.1795,0.8205,32,32,39,0.2467,0.2467,1.9117,0.1795,0.2857,0.1429,0.5714,0.7143,0,0,0.9167,12,11,0.5735,0.1,0.1026,0.6923,0.0256,0.3077,0.0,0.0,0.9167,0.0,0.0,0.0,0.9557,0.0,completed,,0.36,11.337011
4574,2.711,1.3224,0,1.0,0.1667,17,8160,70,150.0,0.7449,150.7449,1.0,0.6863,0.0588,1,0,1,0.0588,0.0,0.0588,0,0.8235,0.1765,0.8235,14,14,17,0.7449,0.7449,1.1546,0.1176,0.5,0.0,0.5,0.5,0,0,0.4286,7,3,0.6192,0.1,0.2941,0.7059,0.2353,0.4118,0.0,0.0,0.4286,0.0,0.0,0.0,0.6931,0.0,enter_inner,red_light,0.36,12.470168
4575,86.0,51.1667,1,6.0,1.0,42,20160,42,138.0,0.6102,138.6102,0.6,1.6667,0.1429,0,0,0,0.0000,0.0,0.0000,0,0.7619,0.2381,0.8333,32,35,42,0.122,0.122,0.9459,0.1667,0.1429,0.1429,0.7143,0.8571,0,0,0.7333,15,11,0.5646,0.1,0.119,0.7381,0.0238,0.3571,0.0,0.0,0.7333,0.0,0.0,0.0,0.7963,0.0,completed,,0.36,12.483505
4576,86.0,52.1029,1,6.0,1.0,41,19680,41,137.5714,0.7082,138.2796,0.5857,1.7073,0.1463,0,0,0,0.0000,0.0,0.0000,0,0.8293,0.1707,0.8293,34,34,41,0.1416,0.1416,1.0976,0.1707,0.1429,0.1429,0.7143,0.8571,0,0,0.5833,12,7,0.5852,0.1,0.1707,0.7805,0.0976,0.2927,0.0,0.0,0.5833,0.0,0.0,0.0,0.7963,0.0,completed,,0.36,11.502214
4577,86.0,53.5415,1,6.0,1.0,36,17280,36,135.4286,0.6143,136.0429,0.5143,1.9444,0.1667,1,0,1,0.0278,0.0,0.0278,0,0.8333,0.1667,0.8333,30,30,36,0.1229,0.1229,0.9521,0.1667,0.1667,0.0,0.8333,0.8333,0,0,1.0,9,9,0.5535,0.1,0.0278,0.7222,0.0278,0.25,0.0,0.0,1.0,0.0,0.0,0.0,0.4506,0.0,completed,,0.36,11.910891
4578,86.0,54.5427,1,6.0,1.0,35,16800,35,135.0,0.0,135.0,0.5,2.0,0.1714,1,0,1,0.0286,0.0,0.0286,0,0.8571,0.1429,0.8571,30,30,35,0.0,0.0,0.0,0.1429,0.0,0.0,1.0,1.0,0,0,0.9,10,9,0.5398,0.1,0.0286,0.8571,0.0,0.2857,0.0,0.0,0.9,0.0,0.0,0.0,-0.0,0.0,completed,,0.36,12.015034
4579,5.5369,2.7009,0,1.0,0.1667,13,6240,70,150.0,0.0,150.0,1.0,0.8974,0.0769,1,0,1,0.0769,0.0,0.0769,0,0.9231,0.0769,0.9231,12,12,13,0.0,0.0,0.0,0.0769,0.0,1.0,0.0,1.0,0,0,1.0,3,3,0.5023,0.1,0.0,0.8462,0.0,0.2308,0.0,0.0,1.0,0.0,0.0,0.0,-0.0,0.0,enter_inner,obstacle,0.36,13.019219
4580,86.0,52.1299,1,6.0,1.0,38,18240,38,136.2857,0.894,137.1797,0.5429,1.8421,0.1579,0,0,0,0.0000,0.0,0.0000,0,0.8421,0.1579,0.8421,32,32,38,0.1788,0.1788,1.3857,0.1579,0.1667,0.0,0.8333,0.8333,0,0,0.7857,14,11,0.5555,0.1,0.0526,0.7895,0.0263,0.3684,0.0,0.0,0.7857,0.0,0.0,0.0,0.4506,0.0,completed,,0.36,11.463779
4581,28.7005,14.0003,0,2.0,0.3333,23,11040,70,150.0,0.0,150.0,1.0,1.0145,0.087,1,0,1,0.0435,0.0,0.0435,0,0.913,0.087,0.913,21,21,23,0.0,0.0,0.0,0.087,0.0,0.0,1.0,1.0,0,0,0.5,6,3,0.5412,0.1,0.1304,0.7826,0.0,0.2609,0.0,0.0,0.5,0.0,0.0,0.0,-0.0,0.0,inner_patrol,obstacle,0.36,11.75063
4582,86.0,52.6025,1,6.0,1.0,40,19200,40,137.1429,0.0,137.1429,0.5714,1.75,0.15,1,0,1,0.0250,0.0,0.0250,0,0.8,0.2,0.825,32,33,40,0.0,0.0,0.0,0.175,0.0,0.2857,0.7143,1.0,0,0,0.6875,16,11,0.5579,0.1,0.125,0.825,0.025,0.4,0.0,0.0,0.6875,0.0,0.0,0.0,0.5983,0.0,completed,,0.36,11.606551
4583,5.2606,2.5661,0,1.0,0.1667,15,7200,70,150.0,0.0,150.0,1.0,0.7778,0.0667,1,0,1,0.0667,0.0,0.0667,0,0.9333,0.0667,0.9333,14,14,15,0.0,0.0,0.0,0.0667,0.0,0.0,1.0,1.0,0,0,0.3333,3,1,0.5264,0.1,0.0,0.6,0.0,0.2,0.0,0.0,0.3333,0.0,0.0,0.0,-0.0,0.0,enter_inner,obstacle,0.36,11.195395
4584,-8.5485,-4.17,0,0.0,0.0,9,4320,70,150.0,0.0,150.0,1.0,0.0,0.0,1,0,1,0.1111,0.0,0.1111,0,1.0,0.0,1.0,9,9,9,0.0,0.0,0.0,0.0,0.0,0.0,0.0,0.0,0,0,0.6667,3,2,0.5191,0.1,0.0,0.6667,0.0,0.3333,0.0,0.0,0.6667,0.0,0.0,0.0,0.0,0.0,outer_patrol_a,road_edge,0.36,12.609037
4585,86.0,52.9574,1,6.0,1.0,39,18720,39,136.7143,0.7569,137.4712,0.5571,1.7949,0.1538,0,0,0,0.0000,0.0,0.0000,0,0.7692,0.2308,0.7949,30,31,39,0.1514,0.1514,1.1732,0.2051,0.125,0.125,0.75,0.875,0,0,0.7857,14,11,0.582,0.1,0.1538,0.8462,0.1026,0.359,0.0,0.0,0.7857,0.0,0.0,0.0,0.7356,0.0,completed,,0.36,11.866134
4586,28.2017,13.7569,0,3.0,0.5,26,12480,70,150.0,0.6976,150.6976,1.0,1.3462,0.1154,1,0,1,0.0385,0.0,0.0385,0,0.7692,0.2308,0.8077,20,21,26,0.2325,0.2325,1.0814,0.1923,0.2,0.2,0.6,0.8,0,0,0.4444,9,4,0.5643,0.1,0.1154,0.8462,0.0385,0.3462,0.0,0.0,0.4444,0.0,0.0,0.0,0.9503,0.0,return_outer,obstacle,0.36,13.98018
4587,5.242,2.5571,0,1.0,0.1667,15,7200,70,150.0,0.0,150.0,1.0,0.7778,0.0667,1,0,1,0.0667,0.0,0.0667,0,0.8667,0.1333,0.8667,13,13,15,0.0,0.0,0.0,0.1333,0.0,0.5,0.5,1.0,0,0,0.6,5,3,0.5471,0.1,0.1333,0.7333,0.0667,0.3333,0.0,0.0,0.6,0.0,0.0,0.0,0.6931,0.0,enter_inner,obstacle,0.36,12.583855
4588,13.3657,6.5199,0,2.0,0.3333,18,8640,70,150.0,0.6034,150.6034,1.0,1.2963,0.1111,0,0,0,0.0000,0.0,0.0000,0,0.8333,0.1667,0.8333,15,15,18,0.3017,0.3017,0.9353,0.1667,0.3333,0.0,0.6667,0.6667,0,0,0.25,4,1,0.5664,0.1,0.1111,0.8333,0.1111,0.2222,0.0,0.0,0.25,0.0,0.0,0.0,0.6365,0.0,inner_patrol,obstacle,0.36,12.150801
4589,86.0,53.6875,1,6.0,1.0,36,17280,36,135.4286,0.0,135.4286,0.5143,1.9444,0.1667,0,0,0,0.0000,0.0,0.0000,0,0.8611,0.1389,0.8611,31,31,36,0.0,0.0,0.0,0.1389,0.0,0.2,0.8,1.0,0,0,0.8182,11,9,0.5329,0.1,0.0556,0.8333,0.0,0.3056,0.0,0.0,0.8182,0.0,0.0,0.0,0.5004,0.0,completed,,0.36,12.405695
4590,17.569,8.5703,0,2.0,0.3333,14,6720,70,150.0,0.0,150.0,1.0,1.6667,0.1429,0,0,0,0.0000,0.0,0.0000,0,0.8571,0.1429,0.8571,12,12,14,0.0,0.0,0.0,0.1429,0.0,0.0,1.0,1.0,0,0,0.6667,3,2,0.5123,0.1,0.0,0.8571,0.0,0.2143,0.0,0.0,0.6667,0.0,0.0,0.0,-0.0,0.0,inner_patrol,obstacle,0.36,12.259834
4591,3.8868,1.896,0,1.0,0.1667,14,6720,70,150.0,0.8265,150.8265,1.0,0.8333,0.0714,1,0,1,0.0714,0.0,0.0714,0,0.8571,0.1429,0.8571,12,12,14,0.8265,0.8265,1.2811,0.1429,0.5,0.0,0.5,0.5,0,0,0.8,5,4,0.5458,0.1,0.1429,0.7857,0.0714,0.3571,0.0,0.0,0.8,0.0,0.0,0.0,0.6931,0.0,enter_inner,obstacle,0.36,11.44633
4592,86.0,52.2558,1,6.0,1.0,37,17760,37,135.8571,0.8159,136.673,0.5286,1.8919,0.1622,0,0,0,0.0000,0.0,0.0000,0,0.8108,0.1892,0.8378,30,31,37,0.1632,0.1632,1.2646,0.1622,0.1667,0.1667,0.6667,0.8333,0,0,0.8889,9,8,0.555,0.1,0.1081,0.8108,0.0541,0.2432,0.0,0.0,0.8889,0.0,0.0,0.0,0.8676,0.0,completed,,0.36,10.923517
4593,5.078,2.4771,0,1.0,0.1667,15,7200,70,150.0,0.0,150.0,1.0,0.7778,0.0667,0,0,0,0.0000,0.0,0.0000,0,0.8,0.2,0.8667,12,13,15,0.0,0.0,0.0,0.1333,0.0,0.5,0.5,1.0,0,0,0.5,6,3,0.5447,0.1,0.1333,0.9333,0.0667,0.4,0.0,0.0,0.5,0.0,0.0,0.0,0.6931,0.0,enter_inner,obstacle,0.36,10.683622
4594,86.0,51.4022,1,6.0,1.0,42,20160,42,138.0,0.8086,138.8086,0.6,1.6667,0.1429,1,0,1,0.0238,0.0,0.0238,0,0.7619,0.2381,0.8095,32,34,42,0.1617,0.1617,1.2533,0.1905,0.125,0.25,0.625,0.875,0,0,0.5385,13,7,0.5992,0.1,0.2381,0.8333,0.1429,0.3095,0.0,0.0,0.5385,0.0,0.0,0.0,0.9003,0.0,completed,,0.36,15.544381
4595,86.0,51.8419,1,6.0,1.0,45,21600,45,139.2857,0.6969,139.9826,0.6429,1.5556,0.1333,0,0,0,0.0000,0.0,0.0000,0,0.7556,0.2444,0.8,34,36,45,0.1394,0.1394,1.0801,0.2,0.1111,0.0,0.8889,0.8889,0,0,0.5294,17,9,0.5943,0.1,0.2222,0.8444,0.1111,0.3778,0.0,0.0,0.5294,0.0,0.0,0.0,0.3488,0.0,completed,,0.36,16.021597
4596,31.1835,15.2115,0,3.0,0.5,25,12000,70,150.0,0.0,150.0,1.0,1.4,0.12,0,0,0,0.0000,0.0,0.0000,0,0.76,0.24,0.8,19,20,25,0.0,0.0,0.0,0.2,0.0,0.2,0.8,1.0,0,0,0.7,10,7,0.5776,0.1,0.16,0.88,0.04,0.4,0.0,0.0,0.7,0.0,0.0,0.0,0.5004,0.0,return_outer,obstacle,0.36,18.028183
4597,86.0,50.9627,1,6.0,1.0,44,21120,44,138.8571,1.3548,140.2119,0.6286,1.5909,0.1364,0,0,0,0.0000,0.0,0.0000,0,0.8182,0.1818,0.8182,36,36,44,0.271,0.271,2.0999,0.1818,0.25,0.0,0.75,0.75,0,0,0.4286,14,6,0.5876,0.1,0.1591,0.75,0.0909,0.3182,0.0,0.0,0.4286,0.0,0.0,0.0,0.5623,0.0,completed,,0.36,10.362809
4598,20.603,10.0503,0,2.0,0.3333,18,8640,70,150.0,0.0,150.0,1.0,1.2963,0.1111,1,0,1,0.0556,0.0,0.0556,0,0.8889,0.1111,0.8889,16,16,18,0.0,0.0,0.0,0.1111,0.0,0.0,1.0,1.0,0,0,0.6,5,3,0.5333,0.1,0.0,0.7222,0.0,0.2778,0.0,0.0,0.6,0.0,0.0,0.0,-0.0,0.0,inner_patrol,obstacle,0.36,11.747259
4599,31.5667,15.3984,0,3.0,0.5,23,11040,70,150.0,0.0,150.0,1.0,1.5217,0.1304,0,0,0,0.0000,0.0,0.0000,0,0.8696,0.1304,0.8696,20,20,23,0.0,0.0,0.0,0.1304,0.0,0.0,1.0,1.0,0,0,0.4,5,2,0.5521,0.1,0.1304,0.7826,0.0435,0.2174,0.0,0.0,0.4,0.0,0.0,0.0,-0.0,0.0,return_outer,obstacle,0.36,12.935575
4600,86.0,51.5099,1,6.0,1.0,42,20160,42,138.0,0.7806,138.7806,0.6,1.6667,0.1429,0,0,0,0.0000,0.0,0.0000,0,0.8095,0.1905,0.8333,34,35,42,0.1561,0.1561,1.2099,0.1667,0.1429,0.0,0.8571,0.8571,0,0,0.5882,17,10,0.5583,0.1,0.0952,0.9286,0.0238,0.4048,0.0,0.0,0.5882,0.0,0.0,0.0,0.4101,0.0,completed,,0.36,16.386089
4601,86.0,52.1071,1,6.0,1.0,35,16800,35,135.0,0.6625,135.6625,0.5,2.0,0.1714,0,0,0,0.0000,0.0,0.0000,0,0.8,0.2,0.8286,28,29,35,0.1325,0.1325,1.0269,0.1714,0.1667,0.5,0.3333,0.8333,0,0,1.0,8,8,0.5562,0.1,0.0571,0.8571,0.0286,0.2286,0.0,0.0,1.0,0.0,0.0,0.0,1.0114,0.0,completed,,0.36,18.950588
4602,31.6342,15.4313,0,3.0,0.5,23,11040,70,150.0,0.0,150.0,1.0,1.5217,0.1304,0,0,0,0.0000,0.0,0.0000,0,0.8261,0.1739,0.8261,19,19,23,0.0,0.0,0.0,0.1739,0.0,0.25,0.75,1.0,0,0,0.625,8,5,0.5755,0.1,0.1739,0.6957,0.0435,0.3478,0.0,0.0,0.625,0.0,0.0,0.0,0.5623,0.0,return_outer,obstacle,0.36,15.706692
4603,16.5976,8.0964,0,2.0,0.3333,17,8160,70,150.0,0.0,150.0,1.0,1.3725,0.1176,0,0,0,0.0000,0.0,0.0000,0,0.8235,0.1765,0.8235,14,14,17,0.0,0.0,0.0,0.1765,0.0,0.0,1.0,1.0,0,0,0.4,5,2,0.554,0.1,0.0588,0.7059,0.0588,0.2941,0.0,0.0,0.4,0.0,0.0,0.0,-0.0,0.0,inner_patrol,obstacle,0.36,14.460155
4604,86.0,54.0888,1,6.0,1.0,37,17760,37,135.8571,0.0,135.8571,0.5286,1.8919,0.1622,0,0,0,0.0000,0.0,0.0000,0,0.8108,0.1892,0.8378,30,31,37,0.0,0.0,0.0,0.1622,0.0,0.0,1.0,1.0,0,0,0.7,10,7,0.5389,0.1,0.0541,0.8108,0.0,0.2703,0.0,0.0,0.7,0.0,0.0,0.0,-0.0,0.0,completed,,0.36,14.407965
4605,86.0,53.0869,1,6.0,1.0,41,19680,41,137.5714,0.0,137.5714,0.5857,1.7073,0.1463,0,0,0,0.0000,0.0,0.0000,0,0.7805,0.2195,0.8293,32,34,41,0.0,0.0,0.0,0.1707,0.0,0.0,1.0,1.0,0,0,0.7143,14,10,0.5563,0.1,0.0732,0.8293,0.0244,0.3415,0.0,0.0,0.7143,0.0,0.0,0.0,-0.0,0.0,completed,,0.36,12.702257
4606,15.2501,7.4391,0,2.0,0.3333,15,7200,70,150.0,0.0,150.0,1.0,1.5556,0.1333,1,0,1,0.0667,0.0,0.0667,0,0.8667,0.1333,0.8667,13,13,15,0.0,0.0,0.0,0.1333,0.0,0.5,0.5,1.0,0,0,1.0,3,3,0.539,0.1,0.0667,0.6,0.0667,0.2,0.0,0.0,1.0,0.0,0.0,0.0,0.6931,0.0,inner_patrol,obstacle,0.36,12.13147
4607,86.0,50.6942,1,6.0,1.0,42,20160,42,138.0,1.6932,139.6932,0.6,1.6667,0.1429,0,0,0,0.0000,0.0,0.0000,0,0.8095,0.1905,0.8095,34,34,42,0.3386,0.3386,2.6245,0.1905,0.25,0.0,0.75,0.75,0,0,0.6667,18,12,0.576,0.1,0.1905,0.8095,0.0476,0.4286,0.0,0.0,0.6667,0.0,0.0,0.0,0.5623,0.0,completed,,0.36,15.548252
4608,86.0,52.9055,1,6.0,1.0,38,18240,38,136.2857,0.0,136.2857,0.5429,1.8421,0.1579,1,0,1,0.0263,0.0,0.0263,0,0.8421,0.1579,0.8684,32,33,38,0.0,0.0,0.0,0.1316,0.0,0.2,0.8,1.0,0,0,0.7,10,7,0.5396,0.1,0.0789,0.7632,0.0,0.2632,0.0,0.0,0.7,0.0,0.0,0.0,0.5004,0.0,completed,,0.36,19.141302
4609,86.0,53.1054,1,6.0,1.0,36,17280,36,135.4286,0.8956,136.3242,0.5143,1.9444,0.1667,0,0,0,0.0000,0.0,0.0000,0,0.8333,0.1667,0.8333,30,30,36,0.1791,0.1791,1.3882,0.1667,0.1667,0.0,0.8333,0.8333,0,0,0.9231,13,12,0.5512,0.1,0.0833,0.8611,0.0,0.3611,0.0,0.0,0.9231,0.0,0.0,0.0,0.4506,0.0,completed,,0.36,13.152385
4610,86.0,54.5427,1,6.0,1.0,35,16800,35,135.0,0.0,135.0,0.5,2.0,0.1714,0,0,0,0.0000,0.0,0.0000,0,0.8571,0.1429,0.8571,30,30,35,0.0,0.0,0.0,0.1429,0.0,0.0,1.0,1.0,0,0,0.8,5,4,0.5252,0.1,0.0286,0.7429,0.0,0.1429,0.0,0.0,0.8,0.0,0.0,0.0,-0.0,0.0,completed,,0.36,8.763735
4611,5.2852,2.5781,0,1.0,0.1667,14,6720,70,150.0,0.0,150.0,1.0,0.8333,0.0714,0,0,0,0.0000,0.0,0.0000,0,0.9286,0.0714,0.9286,13,13,14,0.0,0.0,0.0,0.0714,0.0,0.0,1.0,1.0,0,0,0.5,2,1,0.5238,0.1,0.0714,0.5714,0.0,0.1429,0.0,0.0,0.5,0.0,0.0,0.0,-0.0,0.0,enter_inner,obstacle,0.36,6.809801
4612,86.0,50.4553,1,6.0,1.0,42,20160,42,138.0,1.4761,139.4761,0.6,1.6667,0.1429,1,0,1,0.0238,0.0,0.0238,0,0.7857,0.2143,0.7857,33,33,42,0.2952,0.2952,2.2879,0.2143,0.2222,0.3333,0.4444,0.7778,0,0,0.5833,12,7,0.5979,0.1,0.1905,0.7619,0.1429,0.2857,0.0,0.0,0.5833,0.0,0.0,0.0,1.0609,0.0,completed,,0.36,12.223236
4613,33.5722,16.3767,0,3.0,0.5,24,11520,70,150.0,0.0,150.0,1.0,1.4583,0.125,1,0,1,0.0417,0.0,0.0417,0,0.7917,0.2083,0.7917,19,19,24,0.0,0.0,0.0,0.2083,0.0,0.0,1.0,1.0,0,0,0.6667,12,8,0.5809,0.1,0.2083,0.875,0.0833,0.5,0.0,0.0,0.6667,0.0,0.0,0.0,-0.0,0.0,return_outer,obstacle,0.36,16.520313
4614,86.0,53.9088,1,6.0,1.0,38,18240,38,136.2857,0.0,136.2857,0.5429,1.8421,0.1579,0,0,0,0.0000,0.0,0.0000,0,0.8158,0.1842,0.8421,31,32,38,0.0,0.0,0.0,0.1579,0.0,0.0,1.0,1.0,0,0,0.7692,13,10,0.5589,0.1,0.1316,0.7895,0.0263,0.3421,0.0,0.0,0.7692,0.0,0.0,0.0,-0.0,0.0,completed,,0.36,18.314838
4615,86.0,53.7136,1,6.0,1.0,37,17760,37,135.8571,0.0,135.8571,0.5286,1.8919,0.1622,0,0,0,0.0000,0.0,0.0000,0,0.8108,0.1892,0.8378,30,31,37,0.0,0.0,0.0,0.1622,0.0,0.1667,0.8333,1.0,0,0,0.7857,14,11,0.563,0.1,0.1351,0.8108,0.027,0.3784,0.0,0.0,0.7857,0.0,0.0,0.0,0.4506,0.0,completed,,0.36,19.012877
4616,69.5702,33.9367,0,5.0,0.8333,36,17280,70,150.0,0.0,150.0,1.0,1.6204,0.1389,1,0,1,0.0278,0.0,0.0278,0,0.8611,0.1389,0.8611,31,31,36,0.0,0.0,0.0,0.1389,0.0,0.0,1.0,1.0,0,0,0.7692,13,10,0.553,0.1,0.0833,0.8056,0.0,0.3611,0.0,0.0,0.7692,0.0,0.0,0.0,-0.0,0.0,final_park,wall,0.36,18.912996
4617,67.5587,32.9555,0,5.0,0.8333,38,18240,70,150.0,0.0,150.0,1.0,1.5351,0.1316,0,0,0,0.0000,0.0,0.0000,0,0.8421,0.1579,0.8684,32,33,38,0.0,0.0,0.0,0.1316,0.0,0.2,0.8,1.0,0,0,0.7692,13,10,0.5471,0.1,0.1053,0.7895,0.0,0.3421,0.0,0.0,0.7692,0.0,0.0,0.0,0.5004,0.0,final_park,wall,0.36,17.979036
4618,86.0,53.8797,1,6.0,1.0,38,18240,38,136.2857,0.0,136.2857,0.5429,1.8421,0.1579,1,0,1,0.0263,0.0,0.0263,0,0.8158,0.1842,0.8158,31,31,38,0.0,0.0,0.0,0.1842,0.0,0.1429,0.8571,1.0,0,0,0.8,10,8,0.5497,0.1,0.1053,0.6842,0.0263,0.2632,0.0,0.0,0.8,0.0,0.0,0.0,0.4101,0.0,completed,,0.36,17.09779
4619,86.0,51.9547,1,6.0,1.0,38,18240,38,136.2857,0.7269,137.0126,0.5429,1.8421,0.1579,0,0,0,0.0000,0.0,0.0000,0,0.8421,0.1579,0.8684,32,33,38,0.1454,0.1454,1.1267,0.1316,0.2,0.0,0.8,0.8,0,0,0.9412,17,16,0.5579,0.1,0.0789,0.8947,0.0,0.4474,0.0,0.0,0.9412,0.0,0.0,0.0,0.5004,0.0,completed,,0.36,16.56563
4620,86.0,49.7515,1,6.0,1.0,42,20160,42,138.0,2.096,140.096,0.6,1.6667,0.1429,0,0,0,0.0000,0.0,0.0000,0,0.8095,0.1905,0.8095,34,34,42,0.4192,0.4192,3.2487,0.1905,0.375,0.125,0.5,0.625,0,0,0.5833,12,7,0.5751,0.1,0.2143,0.8571,0.0952,0.2857,0.0,0.0,0.5833,0.0,0.0,0.0,0.9743,0.0,completed,,0.36,13.63885
4621,40.895,19.9488,0,4.0,0.6667,29,13920,70,150.0,0.0,150.0,1.0,1.6092,0.1379,1,0,1,0.0345,0.0,0.0345,0,0.7586,0.2414,0.7931,22,23,29,0.0,0.0,0.0,0.2069,0.0,0.0,1.0,1.0,0,0,0.4286,7,3,0.5512,0.1,0.1379,0.8276,0.0345,0.2414,0.0,0.0,0.4286,0.0,0.0,0.0,-0.0,0.0,outer_patrol_b,road_edge,0.36,14.275325
4622,86.0,51.0036,1,6.0,1.0,40,19200,40,137.1429,0.8843,138.0272,0.5714,1.75,0.15,1,0,1,0.0250,0.0,0.0250,0,0.875,0.125,0.875,35,35,40,0.1769,0.1769,1.3707,0.125,0.2,0.2,0.6,0.8,0,0,0.6154,13,8,0.5487,0.1,0.1,0.825,0.0,0.325,0.0,0.0,0.6154,0.0,0.0,0.0,0.9503,0.0,completed,,0.36,12.573825
4623,86.0,51.4893,1,6.0,1.0,42,20160,42,138.0,0.8958,138.8958,0.6,1.6667,0.1429,0,0,0,0.0000,0.0,0.0000,0,0.8095,0.1905,0.8333,34,35,42,0.1792,0.1792,1.3885,0.1667,0.1429,0.0,0.8571,0.8571,0,0,0.5,10,5,0.5594,0.1,0.0952,0.7857,0.0238,0.2381,0.0,0.0,0.5,0.0,0.0,0.0,0.4101,0.0,completed,,0.36,9.372233
4624,41.2161,20.1054,0,4.0,0.6667,27,12960,70,150.0,0.6553,150.6553,1.0,1.7284,0.1481,0,0,0,0.0000,0.0,0.0000,0,0.7778,0.2222,0.7778,21,21,27,0.1638,0.1638,1.0158,0.2222,0.1667,0.3333,0.5,0.8333,0,0,0.75,12,9,0.5602,0.1,0.1481,0.8889,0.0,0.4444,0.0,0.0,0.75,0.0,0.0,0.0,1.0114,0.0,outer_patrol_b,road_edge,0.36,9.236505
4625,25.2776,12.3305,0,2.0,0.3333,25,12000,70,150.0,0.0,150.0,1.0,0.9333,0.08,0,0,0,0.0000,0.0,0.0000,0,0.84,0.16,0.84,21,21,25,0.0,0.0,0.0,0.16,0.0,0.0,1.0,1.0,0,0,0.3333,9,3,0.6334,0.1,0.24,0.84,0.24,0.36,0.0,0.0,0.3333,0.0,0.0,0.0,-0.0,0.0,inner_patrol,obstacle,0.36,10.281429
4626,68.3828,33.3575,0,5.0,0.8333,37,17760,70,150.0,0.0,150.0,1.0,1.5766,0.1351,0,0,0,0.0000,0.0,0.0000,0,0.8649,0.1351,0.8649,32,32,37,0.0,0.0,0.0,0.1351,0.0,0.2,0.8,1.0,0,0,0.5714,7,4,0.5385,0.1,0.0811,0.7297,0.0,0.1892,0.0,0.0,0.5714,0.0,0.0,0.0,0.5004,0.0,final_park,wall,0.36,16.972382
4627,86.0,52.2831,1,6.0,1.0,41,19680,41,137.5714,0.7824,138.3538,0.5857,1.7073,0.1463,0,0,0,0.0000,0.0,0.0000,0,0.8049,0.1951,0.8293,33,34,41,0.1565,0.1565,1.2127,0.1707,0.1429,0.0,0.8571,0.8571,0,0,0.7059,17,12,0.5739,0.1,0.1463,0.8049,0.0488,0.4146,0.0,0.0,0.7059,0.0,0.0,0.0,0.4101,0.0,completed,,0.36,16.6454
4628,41.2498,20.1218,0,4.0,0.6667,28,13440,70,150.0,0.6308,150.6308,1.0,1.6667,0.1429,0,0,0,0.0000,0.0,0.0000,0,0.7857,0.2143,0.7857,22,22,28,0.1577,0.1577,0.9778,0.2143,0.1667,0.0,0.8333,0.8333,0,0,0.5833,12,7,0.6331,0.1,0.25,0.8214,0.1786,0.4286,0.0,0.0,0.5833,0.0,0.0,0.0,0.4506,0.0,outer_patrol_b,road_edge,0.36,19.454773
4629,14.2989,6.9751,0,2.0,0.3333,17,8160,70,150.0,0.6362,150.6362,1.0,1.3725,0.1176,0,0,0,0.0000,0.0,0.0000,0,0.8235,0.1765,0.8235,14,14,17,0.3181,0.3181,0.9861,0.1765,0.3333,0.0,0.6667,0.6667,0,0,0.7143,7,5,0.5745,0.1,0.2353,0.7059,0.0588,0.4118,0.0,0.0,0.7143,0.0,0.0,0.0,0.6365,0.0,inner_patrol,obstacle,0.36,14.833485
4630,86.0,53.5164,1,6.0,1.0,37,17760,37,135.8571,0.726,136.5832,0.5286,1.8919,0.1622,0,0,0,0.0000,0.0,0.0000,0,0.8108,0.1892,0.8108,30,30,37,0.1452,0.1452,1.1254,0.1892,0.1429,0.0,0.8571,0.8571,0,0,0.8,10,8,0.5512,0.1,0.1081,0.7838,0.0541,0.2703,0.0,0.0,0.8,0.0,0.0,0.0,0.4101,0.0,completed,,0.36,13.340298
4631,13.6596,6.6632,0,2.0,0.3333,15,7200,70,150.0,0.8869,150.8869,1.0,1.5556,0.1333,1,0,1,0.0667,0.0,0.0667,0,0.8,0.2,0.8,12,12,15,0.4435,0.4435,1.3748,0.2,0.3333,0.3333,0.3333,0.6667,0,0,0.6667,3,2,0.5375,0.1,0.2,0.3333,0.0667,0.2,0.0,0.0,0.6667,0.0,0.0,0.0,1.0986,0.0,inner_patrol,obstacle,0.36,10.900572
4632,86.0,50.0087,1,6.0,1.0,41,19680,41,137.5714,1.5191,139.0906,0.5857,1.7073,0.1463,0,0,0,0.0000,0.0,0.0000,0,0.8049,0.1951,0.8293,33,34,41,0.3038,0.3038,2.3547,0.1707,0.2857,0.1429,0.5714,0.7143,0,0,0.6,10,6,0.5617,0.1,0.1463,0.7805,0.0488,0.2439,0.0,0.0,0.6,0.0,0.0,0.0,0.9557,0.0,completed,,0.36,10.925662
4633,86.0,52.2488,1,6.0,1.0,39,18720,39,136.7143,0.8095,137.5238,0.5571,1.7949,0.1538,1,0,1,0.0256,0.0,0.0256,0,0.8462,0.1538,0.8462,33,33,39,0.1619,0.1619,1.2548,0.1538,0.1667,0.0,0.8333,0.8333,0,0,0.5556,9,5,0.5569,0.1,0.1026,0.6923,0.0256,0.2308,0.0,0.0,0.5556,0.0,0.0,0.0,0.4506,0.0,completed,,0.36,9.608388
4634,86.0,53.9088,1,6.0,1.0,38,18240,38,136.2857,0.0,136.2857,0.5429,1.8421,0.1579,1,0,1,0.0263,0.0,0.0263,0,0.7895,0.2105,0.8421,30,32,38,0.0,0.0,0.0,0.1579,0.0,0.0,1.0,1.0,0,0,0.8182,11,9,0.5457,0.1,0.0789,0.7895,0.0263,0.2895,0.0,0.0,0.8182,0.0,0.0,0.0,-0.0,0.0,completed,,0.36,14.028563
4635,86.0,53.3816,1,6.0,1.0,39,18720,39,136.7143,0.6234,137.3377,0.5571,1.7949,0.1538,0,0,0,0.0000,0.0,0.0000,0,0.7949,0.2051,0.7949,31,31,39,0.1247,0.1247,0.9663,0.2051,0.125,0.0,0.875,0.875,0,0,0.6667,12,8,0.5622,0.1,0.1282,0.8974,0.0513,0.3077,0.0,0.0,0.6667,0.0,0.0,0.0,0.3768,0.0,completed,,0.36,17.967831
4636,86.0,51.9301,1,6.0,1.0,39,18720,39,136.7143,1.5642,138.2785,0.5571,1.7949,0.1538,0,0,0,0.0000,0.0,0.0000,0,0.7949,0.2051,0.7949,31,31,39,0.3128,0.3128,2.4246,0.2051,0.25,0.0,0.75,0.75,0,0,0.7692,13,10,0.5753,0.1,0.1026,0.8205,0.0513,0.3333,0.0,0.0,0.7692,0.0,0.0,0.0,0.5623,0.0,completed,,0.36,20.287061
4637,86.0,54.2116,1,6.0,1.0,36,17280,36,135.4286,0.0,135.4286,0.5143,1.9444,0.1667,0,0,0,0.0000,0.0,0.0000,0,0.8333,0.1667,0.8333,30,30,36,0.0,0.0,0.0,0.1667,0.0,0.1667,0.8333,1.0,0,0,0.8889,9,8,0.5555,0.1,0.0278,0.75,0.0278,0.25,0.0,0.0,0.8889,0.0,0.0,0.0,0.4506,0.0,completed,,0.36,19.099347
4638,15.2255,7.4271,0,2.0,0.3333,16,7680,70,150.0,0.0,150.0,1.0,1.4583,0.125,1,0,1,0.0625,0.0,0.0625,0,0.875,0.125,0.875,14,14,16,0.0,0.0,0.0,0.125,0.0,0.5,0.5,1.0,0,0,0.5,2,1,0.5222,0.1,0.0625,0.6875,0.0,0.125,0.0,0.0,0.5,0.0,0.0,0.0,0.6931,0.0,inner_patrol,obstacle,0.36,17.596224
4639,4.5841,2.2361,0,1.0,0.1667,16,7680,70,150.0,0.0,150.0,1.0,0.7292,0.0625,0,0,0,0.0000,0.0,0.0000,0,0.9375,0.0625,0.9375,15,15,16,0.0,0.0,0.0,0.0625,0.0,0.0,1.0,1.0,0,0,0.25,4,1,0.5106,0.1,0.0625,0.6875,0.0,0.25,0.0,0.0,0.25,0.0,0.0,0.0,-0.0,0.0,enter_inner,obstacle,0.36,16.813142
4640,31.5645,15.3973,0,3.0,0.5,23,11040,70,150.0,0.0,150.0,1.0,1.5217,0.1304,1,0,1,0.0435,0.0,0.0435,0,0.7826,0.2174,0.8261,18,19,23,0.0,0.0,0.0,0.1739,0.0,0.25,0.75,1.0,0,0,0.6,5,3,0.5514,0.1,0.1304,0.8261,0.0,0.2174,0.0,0.0,0.6,0.0,0.0,0.0,0.5623,0.0,return_outer,obstacle,0.36,16.02644
4641,86.0,51.8399,1,6.0,1.0,41,19680,41,137.5714,0.8528,138.4242,0.5857,1.7073,0.1463,1,0,1,0.0244,0.0,0.0244,0,0.8049,0.1951,0.8293,33,34,41,0.1706,0.1706,1.3218,0.1707,0.1429,0.0,0.8571,0.8571,0,0,0.5385,13,7,0.5489,0.1,0.0976,0.8537,0.0244,0.3171,0.0,0.0,0.5385,0.0,0.0,0.0,0.4101,0.0,completed,,0.36,17.474289
4642,28.5819,13.9424,0,3.0,0.5,23,11040,70,150.0,0.6037,150.6037,1.0,1.5217,0.1304,0,0,0,0.0000,0.0,0.0000,0,0.8261,0.1739,0.8261,19,19,23,0.2012,0.2012,0.9358,0.1739,0.25,0.25,0.5,0.75,0,0,0.75,8,6,0.5969,0.1,0.1739,0.8696,0.1304,0.3478,0.0,0.0,0.75,0.0,0.0,0.0,1.0397,0.0,return_outer,obstacle,0.36,15.285161
4643,86.0,51.9202,1,6.0,1.0,41,19680,41,137.5714,0.6731,138.2445,0.5857,1.7073,0.1463,1,0,1,0.0244,0.0,0.0244,0,0.8049,0.1951,0.8049,33,33,41,0.1346,0.1346,1.0432,0.1951,0.125,0.25,0.625,0.875,0,0,0.5455,11,6,0.5743,0.1,0.1707,0.8537,0.0732,0.2683,0.0,0.0,0.5455,0.0,0.0,0.0,0.9003,0.0,completed,,0.36,13.068412
4644,86.0,52.3713,1,6.0,1.0,39,18720,39,136.7143,1.3816,138.0958,0.5571,1.7949,0.1538,0,0,0,0.0000,0.0,0.0000,0,0.7949,0.2051,0.8205,31,32,39,0.2763,0.2763,2.1414,0.2051,0.25,0.0,0.75,0.75,0,0,0.7692,13,10,0.573,0.1,0.1795,0.7692,0.0769,0.3333,0.0,0.0,0.7692,0.0,0.0,0.0,0.5623,0.0,completed,,0.36,13.97436
4645,43.0145,20.9827,0,4.0,0.6667,25,12000,70,150.0,0.0,150.0,1.0,1.8667,0.16,0,0,0,0.0000,0.0,0.0000,0,0.8,0.2,0.8,20,20,25,0.0,0.0,0.0,0.2,0.0,0.0,1.0,1.0,0,0,0.5714,7,4,0.557,0.1,0.08,0.88,0.04,0.28,0.0,0.0,0.5714,0.0,0.0,0.0,-0.0,0.0,outer_patrol_b,road_edge,0.36,13.266236
4646,-10.0,-9.19,0,0.0,0.0,3,1440,70,150.0,0.0,150.0,1.0,0.0,0.0,0,0,0,0.0000,0.0,0.0000,0,1.0,0.0,1.0,3,3,3,0.0,0.0,0.0,0.0,0.0,0.0,0.0,0.0,0,0,0.0,2,0,0.5138,0.1,0.0,0.6667,0.0,0.6667,0.0,0.0,0.0,0.0,0.0,0.0,0.0,0.0,outer_patrol_a,road_edge,0.36,14.130322
4647,86.0,52.3236,1,6.0,1.0,38,18240,38,136.2857,0.6618,136.9475,0.5429,1.8421,0.1579,1,0,1,0.0263,0.0,0.0263,0,0.8158,0.1842,0.8158,31,31,38,0.1324,0.1324,1.0258,0.1842,0.1429,0.2857,0.5714,0.8571,0,0,0.7,10,7,0.5681,0.1,0.1053,0.8158,0.0526,0.2632,0.0,0.0,0.7,0.0,0.0,0.0,0.9557,0.0,completed,,0.36,12.511611
4648,86.0,51.507,1,6.0,1.0,40,19200,40,137.1429,1.4868,138.6297,0.5714,1.75,0.15,0,0,0,0.0000,0.0,0.0000,0,0.775,0.225,0.775,31,31,40,0.2974,0.2974,2.3046,0.225,0.2222,0.1111,0.6667,0.7778,0,0,0.3333,6,2,0.5514,0.1,0.15,0.875,0.025,0.15,0.0,0.0,0.3333,0.0,0.0,0.0,0.8487,0.0,completed,,0.36,9.374927
4649,86.0,54.9229,1,6.0,1.0,37,17760,37,135.8571,0.0,135.8571,0.5286,1.8919,0.1622,1,0,1,0.0270,0.0,0.0270,0,0.8108,0.1892,0.8108,30,30,37,0.0,0.0,0.0,0.1892,0.0,0.0,1.0,1.0,0,0,0.7273,11,8,0.5674,0.1,0.1351,0.7568,0.0541,0.2973,0.0,0.0,0.7273,0.0,0.0,0.0,-0.0,0.0,completed,,0.36,10.736027
4650,68.6608,33.4931,0,5.0,0.8333,41,19680,70,150.0,0.0,150.0,1.0,1.4228,0.122,0,0,0,0.0000,0.0,0.0000,0,0.7561,0.2439,0.8049,31,33,41,0.0,0.0,0.0,0.1951,0.0,0.0,1.0,1.0,0,0,0.5,14,7,0.5917,0.1,0.1707,0.8049,0.0976,0.3415,0.0,0.0,0.5,0.0,0.0,0.0,-0.0,0.0,final_park,wall,0.36,11.657471
4651,86.0,50.2856,1,6.0,1.0,38,18240,38,136.2857,2.0623,138.348,0.5429,1.8421,0.1579,1,0,1,0.0263,0.0,0.0263,0,0.7895,0.2105,0.8158,30,31,38,0.4125,0.4125,3.1966,0.1842,0.4286,0.1429,0.4286,0.5714,0,0,1.0,9,9,0.5587,0.1,0.0789,0.7632,0.0526,0.2368,0.0,0.0,1.0,0.0,0.0,0.0,1.0042,0.0,completed,,0.36,9.564973
4652,1.528,0.7454,0,1.0,0.1667,16,7680,70,150.0,0.8863,150.8863,1.0,0.7292,0.0625,0,0,0,0.0000,0.0,0.0000,0,0.8125,0.1875,0.875,13,14,16,0.8863,0.8863,1.3737,0.125,0.5,0.0,0.5,0.5,0,0,0.3333,3,1,0.5389,0.1,0.0625,0.8125,0.0625,0.1875,0.0,0.0,0.3333,0.0,0.0,0.0,0.6931,0.0,enter_inner,obstacle,0.36,10.878944
4653,86.0,50.6999,1,6.0,1.0,42,20160,42,138.0,0.8642,138.8642,0.6,1.6667,0.1429,1,0,1,0.0238,0.0,0.0238,0,0.7857,0.2143,0.8333,33,35,42,0.1728,0.1728,1.3394,0.1667,0.1429,0.2857,0.5714,0.8571,0,0,0.5385,13,7,0.5966,0.1,0.2143,0.7381,0.119,0.3095,0.0,0.0,0.5385,0.0,0.0,0.0,0.9557,0.0,completed,,0.36,12.285445
4654,86.0,54.778,1,6.0,1.0,38,18240,38,136.2857,0.0,136.2857,0.5429,1.8421,0.1579,1,0,1,0.0263,0.0,0.0263,0,0.7632,0.2368,0.7632,29,29,38,0.0,0.0,0.0,0.2368,0.0,0.1111,0.8889,1.0,0,0,0.6364,11,7,0.5746,0.1,0.1579,0.7632,0.1053,0.2895,0.0,0.0,0.6364,0.0,0.0,0.0,0.3488,0.0,completed,,0.36,16.90444
4655,86.0,53.0184,1,6.0,1.0,38,18240,38,136.2857,0.0,136.2857,0.5429,1.8421,0.1579,0,0,0,0.0000,0.0,0.0000,0,0.8421,0.1579,0.8421,32,32,38,0.0,0.0,0.0,0.1579,0.0,0.3333,0.6667,1.0,0,0,0.7,10,7,0.5633,0.1,0.0789,0.7105,0.0263,0.2632,0.0,0.0,0.7,0.0,0.0,0.0,0.6365,0.0,completed,,0.36,16.927298
4656,86.0,54.3988,1,6.0,1.0,37,17760,37,135.8571,0.0,135.8571,0.5286,1.8919,0.1622,1,0,1,0.0270,0.0,0.0270,0,0.8378,0.1622,0.8378,31,31,37,0.0,0.0,0.0,0.1622,0.0,0.0,1.0,1.0,0,0,0.9,10,9,0.5488,0.1,0.0811,0.7568,0.027,0.2703,0.0,0.0,0.9,0.0,0.0,0.0,-0.0,0.0,completed,,0.36,12.684224
4657,86.0,53.1941,1,6.0,1.0,37,17760,37,135.8571,0.6255,136.4826,0.5286,1.8919,0.1622,0,0,0,0.0000,0.0,0.0000,0,0.8378,0.1622,0.8378,31,31,37,0.1251,0.1251,0.9695,0.1622,0.1667,0.0,0.8333,0.8333,0,0,0.7143,7,5,0.5372,0.1,0.027,0.7838,0.0,0.1892,0.0,0.0,0.7143,0.0,0.0,0.0,0.4506,0.0,completed,,0.36,11.720914
4658,86.0,51.4308,1,6.0,1.0,39,18720,39,136.7143,1.3417,138.0559,0.5571,1.7949,0.1538,0,0,0,0.0000,0.0,0.0000,0,0.8462,0.1538,0.8462,33,33,39,0.2683,0.2683,2.0796,0.1538,0.3333,0.0,0.6667,0.6667,0,0,0.6667,9,6,0.5449,0.1,0.0513,0.8462,0.0,0.2308,0.0,0.0,0.6667,0.0,0.0,0.0,0.6365,0.0,completed,,0.36,12.321697
4659,-10.0,-9.93,0,0.0,0.0,1,480,70,150.0,0.0,150.0,1.0,0.0,0.0,1,0,1,1.0000,0.0,1.0000,0,1.0,0.0,1.0,1,1,1,0.0,0.0,0.0,0.0,0.0,0.0,0.0,0.0,0,0,0.0,0,0,0.4881,0.1,0.0,1.0,0.0,0.0,0.0,0.0,0.0,0.0,0.0,0.0,0.0,0.0,outer_patrol_a,road_edge,0.36,12.321697
4660,86.0,52.7304,1,6.0,1.0,39,18720,39,136.7143,0.0,136.7143,0.5571,1.7949,0.1538,1,0,1,0.0256,0.0,0.0256,0,0.8462,0.1538,0.8462,33,33,39,0.0,0.0,0.0,0.1538,0.0,0.3333,0.6667,1.0,0,0,0.6364,11,7,0.5675,0.1,0.1282,0.7692,0.0513,0.2821,0.0,0.0,0.6364,0.0,0.0,0.0,0.6365,0.0,completed,,0.36,14.37456
4661,19.086,9.3103,0,2.0,0.3333,16,7680,70,150.0,0.0,150.0,1.0,1.4583,0.125,0,0,0,0.0000,0.0,0.0000,0,0.875,0.125,0.875,14,14,16,0.0,0.0,0.0,0.125,0.0,0.0,1.0,1.0,0,0,1.0,2,2,0.5314,0.1,0.0625,0.5,0.0,0.125,0.0,0.0,1.0,0.0,0.0,0.0,-0.0,0.0,inner_patrol,obstacle,0.36,12.978653
4662,86.0,51.2395,1,6.0,1.0,37,17760,37,135.8571,1.5766,137.4337,0.5286,1.8919,0.1622,1,0,1,0.0270,0.0,0.0270,0,0.8378,0.1622,0.8378,31,31,37,0.3153,0.3153,2.4437,0.1622,0.3333,0.1667,0.5,0.6667,0,0,0.9286,14,13,0.557,0.1,0.1081,0.8378,0.027,0.3784,0.0,0.0,0.9286,0.0,0.0,0.0,1.0114,0.0,completed,,0.36,14.66191
4663,5.5369,2.7009,0,1.0,0.1667,13,6240,70,150.0,0.0,150.0,1.0,0.8974,0.0769,0,0,0,0.0000,0.0,0.0000,0,0.9231,0.0769,0.9231,12,12,13,0.0,0.0,0.0,0.0769,0.0,1.0,0.0,1.0,0,0,0.5,2,1,0.5253,0.1,0.0769,0.5385,0.0769,0.1538,0.0,0.0,0.5,0.0,0.0,0.0,-0.0,0.0,enter_inner,obstacle,0.36,14.7342
4664,86.0,53.3469,1,6.0,1.0,43,20640,43,138.4286,0.0,138.4286,0.6143,1.6279,0.1395,0,0,0,0.0000,0.0,0.0000,0,0.8372,0.1628,0.8372,36,36,43,0.0,0.0,0.0,0.1628,0.0,0.0,1.0,1.0,0,0,0.4667,15,7,0.5877,0.1,0.186,0.7209,0.093,0.3488,0.0,0.0,0.4667,0.0,0.0,0.0,-0.0,0.0,completed,,0.36,14.100701
4665,3.772,1.84,0,0.0,0.0,12,5760,70,150.0,0.0,150.0,1.0,0.0,0.0,1,0,1,0.0833,0.0,0.0833,0,1.0,0.0,1.0,12,12,12,0.0,0.0,0.0,0.0,0.0,0.0,0.0,0.0,0,0,1.0,5,5,0.5177,0.1,0.0,0.75,0.0,0.4167,0.0,0.0,1.0,0.0,0.0,0.0,0.0,0.0,outer_patrol_a,road_edge,0.36,14.004935
4666,86.0,52.6334,1,6.0,1.0,39,18720,39,136.7143,0.8376,137.5519,0.5571,1.7949,0.1538,0,0,0,0.0000,0.0,0.0000,0,0.8205,0.1795,0.8205,32,32,39,0.1675,0.1675,1.2983,0.1795,0.1429,0.0,0.8571,0.8571,0,0,0.75,12,9,0.572,0.1,0.1795,0.6923,0.0256,0.3077,0.0,0.0,0.75,0.0,0.0,0.0,0.4101,0.0,completed,,0.36,13.866231
4667,86.0,53.9888,1,6.0,1.0,38,18240,38,136.2857,0.0,136.2857,0.5429,1.8421,0.1579,0,0,0,0.0000,0.0,0.0000,0,0.8158,0.1842,0.8421,31,32,38,0.0,0.0,0.0,0.1579,0.0,0.0,1.0,1.0,0,0,0.625,8,5,0.5437,0.1,0.1053,0.8158,0.0263,0.2105,0.0,0.0,0.625,0.0,0.0,0.0,-0.0,0.0,completed,,0.36,10.886906
4668,41.1069,20.0521,0,4.0,0.6667,24,11520,70,150.0,0.0,150.0,1.0,1.9444,0.1667,1,0,1,0.0417,0.0,0.0417,0,0.8333,0.1667,0.8333,20,20,24,0.0,0.0,0.0,0.1667,0.0,0.5,0.5,1.0,0,0,0.7143,7,5,0.5528,0.1,0.0417,0.75,0.0,0.2917,0.0,0.0,0.7143,0.0,0.0,0.0,0.6931,0.0,outer_patrol_b,road_edge,0.36,13.898922
4669,86.0,52.2926,1,6.0,1.0,37,17760,37,135.8571,1.3825,137.2397,0.5286,1.8919,0.1622,0,0,0,0.0000,0.0,0.0000,0,0.7838,0.2162,0.7838,29,29,37,0.2765,0.2765,2.1429,0.2162,0.25,0.125,0.625,0.75,0,0,0.9167,12,11,0.5617,0.1,0.1081,0.7568,0.027,0.3243,0.0,0.0,0.9167,0.0,0.0,0.0,0.9003,0.0,completed,,0.36,13.930426
4670,86.0,51.5064,1,6.0,1.0,40,19200,40,137.1429,1.5679,138.7108,0.5714,1.75,0.15,0,0,0,0.0000,0.0,0.0000,0,0.775,0.225,0.8,31,32,40,0.3136,0.3136,2.4302,0.2,0.25,0.0,0.75,0.75,0,0,0.8333,12,10,0.5617,0.1,0.1,0.825,0.05,0.3,0.0,0.0,0.8333,0.0,0.0,0.0,0.5623,0.0,completed,,0.36,17.887428
4671,26.0637,12.714,0,3.0,0.5,27,12960,70,150.0,1.4311,151.4311,1.0,1.2963,0.1111,0,0,0,0.0000,0.0,0.0000,0,0.8148,0.1852,0.8148,22,22,27,0.477,0.477,2.2183,0.1852,0.4,0.0,0.6,0.6,0,0,0.5455,11,6,0.5653,0.1,0.1852,0.8148,0.037,0.4074,0.0,0.0,0.5455,0.0,0.0,0.0,0.673,0.0,return_outer,obstacle,0.36,12.869427
4672,6.3186,3.0823,0,1.0,0.1667,15,7200,70,150.0,0.0,150.0,1.0,0.7778,0.0667,1,0,1,0.0667,0.0,0.0667,0,0.8667,0.1333,0.8667,13,13,15,0.0,0.0,0.0,0.1333,0.0,0.0,1.0,1.0,0,0,0.5,4,2,0.5464,0.1,0.0667,0.7333,0.0667,0.2667,0.0,0.0,0.5,0.0,0.0,0.0,-0.0,0.0,enter_inner,obstacle,0.36,11.45922
4673,86.0,51.8278,1,6.0,1.0,40,19200,40,137.1429,0.8981,138.0409,0.5714,1.75,0.15,0,0,0,0.0000,0.0,0.0000,0,0.8,0.2,0.825,32,33,40,0.1796,0.1796,1.392,0.175,0.1429,0.0,0.8571,0.8571,0,0,0.8,15,12,0.5663,0.1,0.1,0.825,0.05,0.375,0.0,0.0,0.8,0.0,0.0,0.0,0.4101,0.0,completed,,0.36,9.731273
4674,-10.0,-7.05,0,0.0,0.0,5,2400,70,150.0,0.0,150.0,1.0,0.0,0.0,1,0,1,0.2000,0.0,0.2000,0,1.0,0.0,1.0,5,5,5,0.0,0.0,0.0,0.0,0.0,0.0,0.0,0.0,0,0,0.5,2,1,0.5208,0.1,0.0,0.8,0.0,0.4,0.0,0.0,0.5,0.0,0.0,0.0,0.0,0.0,outer_patrol_a,road_edge,0.36,8.1007
4675,5.9617,2.9081,0,1.0,0.1667,13,6240,70,150.0,0.0,150.0,1.0,0.8974,0.0769,0,0,0,0.0000,0.0,0.0000,0,0.9231,0.0769,0.9231,12,12,13,0.0,0.0,0.0,0.0769,0.0,0.0,1.0,1.0,0,0,0.8,5,4,0.5429,0.1,0.0769,0.7692,0.0769,0.3846,0.0,0.0,0.8,0.0,0.0,0.0,-0.0,0.0,enter_inner,obstacle,0.36,8.762017
4676,-7.872,-3.84,0,0.0,0.0,8,3840,70,150.0,0.0,150.0,1.0,0.0,0.0,1,0,1,0.1250,0.0,0.1250,0,1.0,0.0,1.0,8,8,8,0.0,0.0,0.0,0.0,0.0,0.0,0.0,0.0,0,0,0.0,0,0,0.4733,0.1,0.0,0.625,0.0,0.0,0.0,0.0,0.0,0.0,0.0,0.0,0.0,0.0,outer_patrol_a,road_edge,0.36,10.566582
4677,86.0,53.9088,1,6.0,1.0,38,18240,38,136.2857,0.0,136.2857,0.5429,1.8421,0.1579,0,0,0,0.0000,0.0,0.0000,0,0.8158,0.1842,0.8421,31,32,38,0.0,0.0,0.0,0.1579,0.0,0.0,1.0,1.0,0,0,0.8182,11,9,0.5465,0.1,0.0789,0.7368,0.0263,0.2895,0.0,0.0,0.8182,0.0,0.0,0.0,-0.0,0.0,completed,,0.36,12.882788
4678,62.2473,30.3645,0,4.0,0.6667,38,18240,70,150.0,0.0,150.0,1.0,1.2281,0.1053,1,0,1,0.0263,0.0,0.0263,0,0.8684,0.1316,0.8947,33,34,38,0.0,0.0,0.0,0.1053,0.0,0.0,1.0,1.0,0,0,0.7895,19,15,0.5449,0.1,0.1053,0.8421,0.0,0.5,0.0,0.0,0.7895,0.0,0.0,0.0,-0.0,0.0,outer_patrol_b,road_edge,0.36,12.9758
4679,86.0,50.3309,1,6.0,1.0,46,22080,46,139.7143,1.5393,141.2536,0.6571,1.5217,0.1304,0,0,0,0.0000,0.0,0.0000,0,0.7826,0.2174,0.8043,36,37,46,0.3079,0.3079,2.3859,0.1957,0.2222,0.0,0.7778,0.7778,0,0,0.5714,21,12,0.608,0.1,0.2391,0.8478,0.1087,0.4565,0.0,0.0,0.5714,0.0,0.0,0.0,0.5297,0.0,completed,,0.36,10.939579
4680,40.3164,19.6665,0,4.0,0.6667,27,12960,70,150.0,1.2088,151.2088,1.0,1.7284,0.1481,0,0,0,0.0000,0.0,0.0000,0,0.7407,0.2593,0.7407,20,20,27,0.3022,0.3022,1.8736,0.2593,0.2857,0.2857,0.4286,0.7143,0,0,0.75,12,9,0.588,0.1,0.1852,0.8889,0.0741,0.4444,0.0,0.0,0.75,0.0,0.0,0.0,1.079,0.0,outer_patrol_b,road_edge,0.36,15.033216
4681,69.0599,33.6877,0,5.0,0.8333,39,18720,70,150.0,0.0,150.0,1.0,1.4957,0.1282,1,0,1,0.0256,0.0,0.0256,0,0.8205,0.1795,0.8205,32,32,39,0.0,0.0,0.0,0.1795,0.0,0.1429,0.8571,1.0,0,0,0.5,10,5,0.5632,0.1,0.1026,0.8718,0.0513,0.2564,0.0,0.0,0.5,0.0,0.0,0.0,0.4101,0.0,final_park,wall,0.36,15.542396
4682,86.0,53.9327,1,6.0,1.0,36,17280,36,135.4286,0.0,135.4286,0.5143,1.9444,0.1667,1,0,1,0.0278,0.0,0.0278,0,0.8611,0.1389,0.8611,31,31,36,0.0,0.0,0.0,0.1389,0.0,0.0,1.0,1.0,0,0,0.7778,9,7,0.5295,0.1,0.0556,0.75,0.0,0.25,0.0,0.0,0.7778,0.0,0.0,0.0,-0.0,0.0,completed,,0.36,18.821904
4683,86.0,52.6551,1,6.0,1.0,37,17760,37,135.8571,0.6395,136.4967,0.5286,1.8919,0.1622,0,0,0,0.0000,0.0,0.0000,0,0.8378,0.1622,0.8649,31,32,37,0.1279,0.1279,0.9913,0.1622,0.1667,0.1667,0.6667,0.8333,0,0,0.875,8,7,0.5481,0.1,0.0811,0.7027,0.027,0.2162,0.0,0.0,0.875,0.0,0.0,0.0,0.8676,0.0,completed,,0.36,18.630851
4684,86.0,52.263,1,6.0,1.0,39,18720,39,136.7143,1.2126,137.9269,0.5571,1.7949,0.1538,1,0,1,0.0256,0.0,0.0256,0,0.8205,0.1795,0.8205,32,32,39,0.2425,0.2425,1.8795,0.1795,0.2857,0.0,0.7143,0.7143,0,0,0.8,15,12,0.5866,0.1,0.2051,0.7949,0.0769,0.3846,0.0,0.0,0.8,0.0,0.0,0.0,0.5983,0.0,completed,,0.36,18.841432
4685,5.5369,2.7009,0,1.0,0.1667,13,6240,70,150.0,0.0,150.0,1.0,0.8974,0.0769,1,0,1,0.0769,0.0,0.0769,0,0.9231,0.0769,0.9231,12,12,13,0.0,0.0,0.0,0.0769,0.0,1.0,0.0,1.0,0,0,0.6667,3,2,0.5327,0.1,0.0769,0.7692,0.0769,0.2308,0.0,0.0,0.6667,0.0,0.0,0.0,-0.0,0.0,enter_inner,obstacle,0.36,18.205895
4686,5.5369,2.7009,0,1.0,0.1667,13,6240,70,150.0,0.0,150.0,1.0,0.8974,0.0769,1,0,1,0.0769,0.0,0.0769,0,0.9231,0.0769,0.9231,12,12,13,0.0,0.0,0.0,0.0769,0.0,1.0,0.0,1.0,0,0,0.75,4,3,0.4967,0.1,0.0769,0.6154,0.0,0.3077,0.0,0.0,0.75,0.0,0.0,0.0,-0.0,0.0,enter_inner,obstacle,0.36,16.888447
4687,86.0,52.4776,1,6.0,1.0,38,18240,38,136.2857,1.3833,137.669,0.5429,1.8421,0.1579,0,0,0,0.0000,0.0,0.0000,0,0.7632,0.2368,0.7895,29,30,38,0.2767,0.2767,2.144,0.2368,0.2222,0.1111,0.6667,0.7778,0,0,0.7778,9,7,0.5768,0.1,0.1053,0.8421,0.0789,0.2368,0.0,0.0,0.7778,0.0,0.0,0.0,0.8487,0.0,completed,,0.36,14.2579
4688,86.0,53.4385,1,6.0,1.0,37,17760,37,135.8571,0.0,135.8571,0.5286,1.8919,0.1622,1,0,1,0.0270,0.0,0.0270,0,0.8108,0.1892,0.8108,30,30,37,0.0,0.0,0.0,0.1892,0.0,0.2857,0.7143,1.0,0,0,0.7273,11,8,0.56,0.1,0.0811,0.8649,0.0541,0.2973,0.0,0.0,0.7273,0.0,0.0,0.0,0.5983,0.0,completed,,0.36,12.454002
4689,86.0,50.7403,1,6.0,1.0,38,18240,38,136.2857,2.0194,138.3051,0.5429,1.8421,0.1579,1,0,1,0.0263,0.0,0.0263,0,0.7895,0.2105,0.7895,30,30,38,0.4039,0.4039,3.13,0.2105,0.375,0.125,0.5,0.625,0,0,0.9286,14,13,0.5686,0.1,0.1316,0.7632,0.0263,0.3684,0.0,0.0,0.9286,0.0,0.0,0.0,0.9743,0.0,completed,,0.36,12.184136
4690,86.0,54.2127,1,6.0,1.0,36,17280,36,135.4286,0.0,135.4286,0.5143,1.9444,0.1667,0,0,0,0.0000,0.0,0.0000,0,0.8611,0.1389,0.8611,31,31,36,0.0,0.0,0.0,0.1389,0.0,0.0,1.0,1.0,0,0,0.8,10,8,0.5433,0.1,0.0556,0.7222,0.0,0.2778,0.0,0.0,0.8,0.0,0.0,0.0,-0.0,0.0,completed,,0.36,10.447183
4691,-10.0,-7.05,0,0.0,0.0,5,2400,70,150.0,0.0,150.0,1.0,0.0,0.0,0,0,0,0.0000,0.0,0.0000,0,1.0,0.0,1.0,5,5,5,0.0,0.0,0.0,0.0,0.0,0.0,0.0,0.0,0,0,0.0,1,0,0.5109,0.1,0.0,0.4,0.0,0.2,0.0,0.0,0.0,0.0,0.0,0.0,0.0,0.0,outer_patrol_a,road_edge,0.36,10.94119
4692,63.4717,30.9618,0,4.0,0.6667,35,16800,70,150.0,0.8712,150.8712,1.0,1.3333,0.1143,1,0,1,0.0286,0.0,0.0286,0,0.8857,0.1143,0.8857,31,31,35,0.2178,0.2178,1.3503,0.1143,0.25,0.25,0.5,0.75,0,0,0.875,8,7,0.5503,0.1,0.0286,0.7143,0.0286,0.2286,0.0,0.0,0.875,0.0,0.0,0.0,1.0397,0.0,outer_patrol_b,road_edge,0.36,10.460141
4693,86.0,52.1301,1,6.0,1.0,37,17760,37,135.8571,0.8699,136.727,0.5286,1.8919,0.1622,1,0,1,0.0270,0.0,0.0270,0,0.8108,0.1892,0.8378,30,31,37,0.174,0.174,1.3483,0.1622,0.1667,0.1667,0.6667,0.8333,0,0,0.8333,12,10,0.5577,0.1,0.0541,0.7297,0.0,0.3243,0.0,0.0,0.8333,0.0,0.0,0.0,0.8676,0.0,completed,,0.36,12.104664
4694,-10.0,-4.91,0,0.0,0.0,7,3360,70,150.0,0.0,150.0,1.0,0.0,0.0,1,0,1,0.1429,0.0,0.1429,0,1.0,0.0,1.0,7,7,7,0.0,0.0,0.0,0.0,0.0,0.0,0.0,0.0,0,0,0.0,1,0,0.4931,0.1,0.0,0.5714,0.0,0.1429,0.0,0.0,0.0,0.0,0.0,0.0,0.0,0.0,outer_patrol_a,road_edge,0.36,12.230002
4695,19.6073,9.5645,0,2.0,0.3333,18,8640,70,150.0,0.0,150.0,1.0,1.2963,0.1111,1,0,1,0.0556,0.0,0.0556,0,0.7778,0.2222,0.7778,14,14,18,0.0,0.0,0.0,0.2222,0.0,0.0,1.0,1.0,0,0,0.25,4,1,0.5781,0.1,0.1667,0.7778,0.1667,0.2222,0.0,0.0,0.25,0.0,0.0,0.0,-0.0,0.0,inner_patrol,obstacle,0.36,14.327769
4696,86.0,55.2029,1,6.0,1.0,36,17280,36,135.4286,0.0,135.4286,0.5143,1.9444,0.1667,0,0,0,0.0000,0.0,0.0000,0,0.8056,0.1944,0.8056,29,29,36,0.0,0.0,0.0,0.1944,0.0,0.0,1.0,1.0,0,0,0.8333,12,10,0.5645,0.1,0.1111,0.8333,0.0556,0.3333,0.0,0.0,0.8333,0.0,0.0,0.0,-0.0,0.0,completed,,0.36,14.88908
4697,86.0,53.4269,1,6.0,1.0,37,17760,37,135.8571,0.6005,136.4577,0.5286,1.8919,0.1622,1,0,1,0.0270,0.0,0.0270,0,0.8108,0.1892,0.8108,30,30,37,0.1201,0.1201,0.9308,0.1892,0.1429,0.0,0.8571,0.8571,0,0,0.8,10,8,0.5553,0.1,0.1351,0.8649,0.027,0.2703,0.0,0.0,0.8,0.0,0.0,0.0,0.4101,0.0,completed,,0.36,14.793847
4698,86.0,53.7879,1,6.0,1.0,38,18240,38,136.2857,0.7974,137.0831,0.5429,1.8421,0.1579,0,0,0,0.0000,0.0,0.0000,0,0.7895,0.2105,0.7895,30,30,38,0.1595,0.1595,1.236,0.2105,0.125,0.0,0.875,0.875,0,0,0.6667,9,6,0.58,0.1,0.1579,0.7632,0.1053,0.2368,0.0,0.0,0.6667,0.0,0.0,0.0,0.3768,0.0,completed,,0.36,14.23001
4699,-7.1955,-3.51,0,0.0,0.0,7,3360,70,150.0,0.0,150.0,1.0,0.0,0.0,1,0,1,0.1429,0.0,0.1429,0,1.0,0.0,1.0,7,7,7,0.0,0.0,0.0,0.0,0.0,0.0,0.0,0.0,0,0,1.0,1,1,0.4748,0.1,0.0,0.5714,0.0,0.1429,0.0,0.0,1.0,0.0,0.0,0.0,0.0,0.0,outer_patrol_a,road_edge,0.36,13.801998
4700,86.0,52.1234,1,6.0,1.0,39,18720,39,136.7143,0.8905,137.6048,0.5571,1.7949,0.1538,0,0,0,0.0000,0.0,0.0000,0,0.8462,0.1538,0.8462,33,33,39,0.1781,0.1781,1.3802,0.1538,0.1667,0.0,0.8333,0.8333,0,0,0.9091,11,10,0.5575,0.1,0.0769,0.7179,0.0256,0.2821,0.0,0.0,0.9091,0.0,0.0,0.0,0.4506,0.0,completed,,0.36,9.596425
4701,6.6136,3.2261,0,1.0,0.1667,13,6240,70,150.0,0.0,150.0,1.0,0.8974,0.0769,1,0,1,0.0769,0.0,0.0769,0,0.9231,0.0769,0.9231,12,12,13,0.0,0.0,0.0,0.0769,0.0,0.0,1.0,1.0,0,0,0.5,2,1,0.5094,0.1,0.0769,0.7692,0.0,0.1538,0.0,0.0,0.5,0.0,0.0,0.0,-0.0,0.0,enter_inner,obstacle,0.36,11.098818
4702,86.0,52.3114,1,6.0,1.0,40,19200,40,137.1429,0.873,138.0158,0.5714,1.75,0.15,0,0,0,0.0000,0.0,0.0000,0,0.825,0.175,0.825,33,33,40,0.1746,0.1746,1.3531,0.175,0.1429,0.1429,0.7143,0.8571,0,0,0.6429,14,9,0.5762,0.1,0.225,0.7,0.075,0.35,0.0,0.0,0.6429,0.0,0.0,0.0,0.7963,0.0,completed,,0.36,10.33328
4703,86.0,53.6875,1,6.0,1.0,36,17280,36,135.4286,0.0,135.4286,0.5143,1.9444,0.1667,1,0,1,0.0278,0.0,0.0278,0,0.8611,0.1389,0.8611,31,31,36,0.0,0.0,0.0,0.1389,0.0,0.2,0.8,1.0,0,0,0.8,10,8,0.5522,0.1,0.1111,0.8056,0.0278,0.2778,0.0,0.0,0.8,0.0,0.0,0.0,0.5004,0.0,completed,,0.36,14.181342
4704,86.0,54.3475,1,6.0,1.0,34,16320,34,134.5714,0.0,134.5714,0.4857,2.0588,0.1765,1,0,1,0.0294,0.0,0.0294,0,0.8529,0.1471,0.8529,29,29,34,0.0,0.0,0.0,0.1471,0.0,0.2,0.8,1.0,0,0,1.0,5,5,0.5344,0.1,0.0588,0.7059,0.0,0.1471,0.0,0.0,1.0,0.0,0.0,0.0,0.5004,0.0,completed,,0.36,10.294351
4705,51.3083,25.0284,0,4.0,0.6667,36,17280,70,150.0,2.1379,152.1379,1.0,1.2963,0.1111,1,0,1,0.0278,0.0,0.0278,0,0.8056,0.1944,0.8056,29,29,36,0.5345,0.5345,3.3137,0.1944,0.4286,0.1429,0.4286,0.5714,0,0,0.8182,11,9,0.5727,0.1,0.1667,0.7778,0.0556,0.3056,0.0,0.0,0.8182,0.0,0.0,0.0,1.0042,0.0,outer_patrol_b,road_edge,0.36,10.957025
4706,86.0,52.7844,1,6.0,1.0,37,17760,37,135.8571,0.7782,136.6353,0.5286,1.8919,0.1622,0,0,0,0.0000,0.0,0.0000,0,0.7838,0.2162,0.8108,29,30,37,0.1556,0.1556,1.2062,0.1892,0.1429,0.1429,0.7143,0.8571,0,0,0.9,10,9,0.5607,0.1,0.1351,0.8108,0.0541,0.2703,0.0,0.0,0.9,0.0,0.0,0.0,0.7963,0.0,completed,,0.36,13.01433
4707,86.0,52.11,1,6.0,1.0,39,18720,39,136.7143,1.3655,138.0798,0.5571,1.7949,0.1538,1,0,1,0.0256,0.0,0.0256,0,0.8205,0.1795,0.8205,32,32,39,0.2731,0.2731,2.1166,0.1795,0.2857,0.0,0.7143,0.7143,0,0,0.7,10,7,0.5669,0.1,0.1026,0.7692,0.0513,0.2564,0.0,0.0,0.7,0.0,0.0,0.0,0.5983,0.0,completed,,0.36,14.048424
4708,86.0,51.7123,1,6.0,1.0,42,20160,42,138.0,0.6475,138.6475,0.6,1.6667,0.1429,0,0,0,0.0000,0.0,0.0000,0,0.7619,0.2381,0.8095,32,34,42,0.1295,0.1295,1.0036,0.1905,0.125,0.0,0.875,0.875,0,0,0.6364,11,7,0.5635,0.1,0.0952,0.8571,0.0476,0.2619,0.0,0.0,0.6364,0.0,0.0,0.0,0.3768,0.0,completed,,0.36,16.769044
4709,86.0,53.5291,1,6.0,1.0,43,20640,43,138.4286,0.0,138.4286,0.6143,1.6279,0.1395,1,0,1,0.0233,0.0,0.0233,0,0.814,0.186,0.814,35,35,43,0.0,0.0,0.0,0.186,0.0,0.0,1.0,1.0,0,0,0.5,14,7,0.5852,0.1,0.1395,0.8605,0.1163,0.3256,0.0,0.0,0.5,0.0,0.0,0.0,-0.0,0.0,completed,,0.36,14.289468
4710,86.0,52.6383,1,6.0,1.0,41,19680,41,137.5714,0.6745,138.246,0.5857,1.7073,0.1463,1,0,1,0.0244,0.0,0.0244,0,0.8049,0.1951,0.8049,33,33,41,0.1349,0.1349,1.0455,0.1951,0.125,0.0,0.875,0.875,0,0,0.4545,11,5,0.5565,0.1,0.1463,0.7805,0.0488,0.2683,0.0,0.0,0.4545,0.0,0.0,0.0,0.3768,0.0,completed,,0.36,13.2464
4711,86.0,52.1016,1,6.0,1.0,40,19200,40,137.1429,0.64,137.7829,0.5714,1.75,0.15,0,0,0,0.0000,0.0,0.0000,0,0.825,0.175,0.85,33,34,40,0.128,0.128,0.992,0.15,0.1667,0.0,0.8333,0.8333,0,0,0.75,16,12,0.5686,0.1,0.125,0.725,0.025,0.4,0.0,0.0,0.75,0.0,0.0,0.0,0.4506,0.0,completed,,0.36,17.493399
4712,5.3729,2.6209,0,1.0,0.1667,13,6240,70,150.0,0.0,150.0,1.0,0.8974,0.0769,1,0,1,0.0769,0.0,0.0769,0,0.8462,0.1538,0.9231,11,12,13,0.0,0.0,0.0,0.0769,0.0,1.0,0.0,1.0,0,0,0.5,2,1,0.5005,0.1,0.0769,0.6154,0.0,0.1538,0.0,0.0,0.5,0.0,0.0,0.0,-0.0,0.0,enter_inner,obstacle,0.36,16.060716
4713,86.0,53.6155,1,6.0,1.0,36,17280,36,135.4286,0.0,135.4286,0.5143,1.9444,0.1667,0,0,0,0.0000,0.0,0.0000,0,0.8333,0.1667,0.8611,30,31,36,0.0,0.0,0.0,0.1389,0.0,0.2,0.8,1.0,0,0,0.6667,3,2,0.5251,0.1,0.0278,0.7222,0.0,0.0833,0.0,0.0,0.6667,0.0,0.0,0.0,0.5004,0.0,completed,,0.36,16.329829
4714,86.0,55.0588,1,6.0,1.0,35,16800,35,135.0,0.0,135.0,0.5,2.0,0.1714,0,0,0,0.0000,0.0,0.0000,0,0.8286,0.1714,0.8286,29,29,35,0.0,0.0,0.0,0.1714,0.0,0.0,1.0,1.0,0,0,0.875,8,7,0.5554,0.1,0.0857,0.7714,0.0286,0.2286,0.0,0.0,0.875,0.0,0.0,0.0,-0.0,0.0,completed,,0.36,14.855405
4715,-7.1955,-3.51,0,0.0,0.0,7,3360,70,150.0,0.0,150.0,1.0,0.0,0.0,0,0,0,0.0000,0.0,0.0000,0,1.0,0.0,1.0,7,7,7,0.0,0.0,0.0,0.0,0.0,0.0,0.0,0.0,0,0,1.0,1,1,0.4837,0.1,0.0,0.4286,0.0,0.1429,0.0,0.0,1.0,0.0,0.0,0.0,0.0,0.0,outer_patrol_a,road_edge,0.36,14.495205
4716,86.0,49.943,1,6.0,1.0,41,19680,41,137.5714,1.5336,139.105,0.5857,1.7073,0.1463,0,0,0,0.0000,0.0,0.0000,0,0.8293,0.1707,0.8293,34,34,41,0.3067,0.3067,2.3771,0.1707,0.2857,0.2857,0.4286,0.7143,0,0,0.7857,14,11,0.5645,0.1,0.122,0.7317,0.0488,0.3415,0.0,0.0,0.7857,0.0,0.0,0.0,1.079,0.0,completed,,0.36,15.368917
4717,86.0,51.8313,1,6.0,1.0,37,17760,37,135.8571,0.7999,136.6571,0.5286,1.8919,0.1622,0,0,0,0.0000,0.0,0.0000,0,0.8108,0.1892,0.8378,30,31,37,0.16,0.16,1.2399,0.1622,0.1667,0.3333,0.5,0.8333,0,0,0.9,10,9,0.5498,0.1,0.0811,0.8108,0.027,0.2703,0.0,0.0,0.9,0.0,0.0,0.0,1.0114,0.0,completed,,0.36,11.875576
4718,86.0,53.1823,1,6.0,1.0,35,16800,35,135.0,0.0,135.0,0.5,2.0,0.1714,1,0,1,0.0286,0.0,0.0286,0,0.8571,0.1429,0.8571,30,30,35,0.0,0.0,0.0,0.1429,0.0,0.4,0.6,1.0,0,0,0.875,8,7,0.55,0.1,0.0571,0.8571,0.0286,0.2286,0.0,0.0,0.875,0.0,0.0,0.0,0.673,0.0,completed,,0.36,10.894256
4719,86.0,52.2993,1,6.0,1.0,42,20160,42,138.0,0.7088,138.7088,0.6,1.6667,0.1429,0,0,0,0.0000,0.0,0.0000,0,0.7857,0.2143,0.8095,33,34,42,0.1418,0.1418,1.0986,0.1905,0.125,0.0,0.875,0.875,0,0,0.6471,17,11,0.5789,0.1,0.1667,0.6905,0.0476,0.4048,0.0,0.0,0.6471,0.0,0.0,0.0,0.3768,0.0,completed,,0.36,10.199663
4720,86.0,53.2055,1,6.0,1.0,37,17760,37,135.8571,0.0,135.8571,0.5286,1.8919,0.1622,1,0,1,0.0270,0.0,0.0270,0,0.8378,0.1622,0.8649,31,32,37,0.0,0.0,0.0,0.1351,0.0,0.2,0.8,1.0,0,0,0.8182,11,9,0.5456,0.1,0.0541,0.7297,0.0,0.2973,0.0,0.0,0.8182,0.0,0.0,0.0,0.5004,0.0,completed,,0.36,15.140664
4721,15.3406,7.4832,0,2.0,0.3333,18,8640,70,150.0,0.0,150.0,1.0,1.2963,0.1111,1,0,1,0.0556,0.0,0.0556,0,0.8333,0.1667,0.8333,15,15,18,0.0,0.0,0.0,0.1667,0.0,0.3333,0.6667,1.0,0,0,0.625,8,5,0.5717,0.1,0.1667,0.7778,0.1111,0.4444,0.0,0.0,0.625,0.0,0.0,0.0,0.6365,0.0,inner_patrol,obstacle,0.36,16.529088
4722,64.9353,31.6757,0,5.0,0.8333,38,18240,70,150.0,0.7818,150.7818,1.0,1.5351,0.1316,1,0,1,0.0263,0.0,0.0263,0,0.8421,0.1579,0.8421,32,32,38,0.1564,0.1564,1.2119,0.1579,0.1667,0.0,0.8333,0.8333,0,0,0.8182,11,9,0.5665,0.1,0.1053,0.7895,0.0526,0.2895,0.0,0.0,0.8182,0.0,0.0,0.0,0.4506,0.0,final_park,wall,0.36,19.260221
4723,86.0,52.4778,1,6.0,1.0,36,17280,36,135.4286,0.7822,136.2108,0.5143,1.9444,0.1667,0,0,0,0.0000,0.0,0.0000,0,0.8611,0.1389,0.8611,31,31,36,0.1564,0.1564,1.2125,0.1389,0.2,0.2,0.6,0.8,0,0,0.875,8,7,0.5401,0.1,0.0833,0.8056,0.0,0.2222,0.0,0.0,0.875,0.0,0.0,0.0,0.9503,0.0,completed,,0.36,19.5435
4724,41.2209,20.1077,0,4.0,0.6667,28,13440,70,150.0,0.0,150.0,1.0,1.6667,0.1429,1,0,1,0.0357,0.0,0.0357,0,0.7143,0.2857,0.75,20,21,28,0.0,0.0,0.0,0.25,0.0,0.1429,0.8571,1.0,0,0,0.375,8,3,0.5718,0.1,0.1786,0.9286,0.0357,0.2857,0.0,0.0,0.375,0.0,0.0,0.0,0.4101,0.0,outer_patrol_b,road_edge,0.36,16.053501
4725,46.8079,22.8331,0,4.0,0.6667,32,15360,70,150.0,0.8202,150.8202,1.0,1.4583,0.125,0,0,0,0.0000,0.0,0.0000,0,0.8125,0.1875,0.8125,26,26,32,0.205,0.205,1.2713,0.1875,0.1667,0.1667,0.6667,0.8333,0,0,0.5,8,4,0.5622,0.1,0.0625,0.7188,0.0312,0.25,0.0,0.0,0.5,0.0,0.0,0.0,0.8676,0.0,outer_patrol_b,road_edge,0.36,13.842189
4726,86.0,51.4151,1,6.0,1.0,41,19680,41,137.5714,0.8616,138.433,0.5857,1.7073,0.1463,0,0,0,0.0000,0.0,0.0000,0,0.8049,0.1951,0.8293,33,34,41,0.1723,0.1723,1.3354,0.1707,0.1429,0.1429,0.7143,0.8571,0,0,0.6429,14,9,0.5667,0.1,0.0976,0.8537,0.0488,0.3415,0.0,0.0,0.6429,0.0,0.0,0.0,0.7963,0.0,completed,,0.36,11.650492
4727,1.5785,0.77,0,0.0,0.0,11,5280,70,150.0,0.0,150.0,1.0,0.0,0.0,1,0,1,0.0909,0.0,0.0909,0,1.0,0.0,1.0,11,11,11,0.0,0.0,0.0,0.0,0.0,0.0,0.0,0.0,0,0,1.0,1,1,0.4812,0.1,0.0,0.3636,0.0,0.0909,0.0,0.0,1.0,0.0,0.0,0.0,0.0,0.0,outer_patrol_a,road_edge,0.36,13.127805
4728,86.0,50.9459,1,6.0,1.0,38,18240,38,136.2857,1.7028,137.9886,0.5429,1.8421,0.1579,1,0,1,0.0263,0.0,0.0263,0,0.8158,0.1842,0.8158,31,31,38,0.3406,0.3406,2.6394,0.1842,0.2857,0.1429,0.5714,0.7143,0,0,0.875,8,7,0.5433,0.1,0.0789,0.7368,0.0263,0.2105,0.0,0.0,0.875,0.0,0.0,0.0,0.9557,0.0,completed,,0.36,15.719708
4729,5.8471,2.8523,0,1.0,0.1667,15,7200,70,150.0,0.0,150.0,1.0,0.7778,0.0667,0,0,0,0.0000,0.0,0.0000,0,0.8,0.2,0.8667,12,13,15,0.0,0.0,0.0,0.1333,0.0,0.0,1.0,1.0,0,0,0.5,4,2,0.5191,0.1,0.1333,0.6667,0.0,0.2667,0.0,0.0,0.5,0.0,0.0,0.0,-0.0,0.0,enter_inner,obstacle,0.36,14.282303
4730,86.0,52.9988,1,6.0,1.0,41,19680,41,137.5714,0.0,137.5714,0.5857,1.7073,0.1463,1,0,1,0.0244,0.0,0.0244,0,0.8293,0.1707,0.8537,34,35,41,0.0,0.0,0.0,0.1463,0.0,0.0,1.0,1.0,0,0,0.6667,12,8,0.5598,0.1,0.0976,0.6829,0.0244,0.2927,0.0,0.0,0.6667,0.0,0.0,0.0,-0.0,0.0,completed,,0.36,16.343318
4731,86.0,54.2608,1,6.0,1.0,36,17280,36,135.4286,0.0,135.4286,0.5143,1.9444,0.1667,0,0,0,0.0000,0.0,0.0000,0,0.8333,0.1667,0.8333,30,30,36,0.0,0.0,0.0,0.1667,0.0,0.0,1.0,1.0,0,0,0.75,8,6,0.5316,0.1,0.0833,0.7778,0.0,0.2222,0.0,0.0,0.75,0.0,0.0,0.0,-0.0,0.0,completed,,0.36,16.77079
4732,86.0,53.8117,1,6.0,1.0,39,18720,39,136.7143,0.0,136.7143,0.5571,1.7949,0.1538,1,0,1,0.0256,0.0,0.0256,0,0.8205,0.1795,0.8205,32,32,39,0.0,0.0,0.0,0.1795,0.0,0.1429,0.8571,1.0,0,0,0.6364,11,7,0.5926,0.1,0.1795,0.8974,0.1282,0.2821,0.0,0.0,0.6364,0.0,0.0,0.0,0.4101,0.0,completed,,0.36,14.110982
4733,86.0,54.2388,1,6.0,1.0,37,17760,37,135.8571,0.0,135.8571,0.5286,1.8919,0.1622,0,0,0,0.0000,0.0,0.0000,0,0.8108,0.1892,0.8378,30,31,37,0.0,0.0,0.0,0.1622,0.0,0.0,1.0,1.0,0,0,0.7143,7,5,0.538,0.1,0.0541,0.6757,0.027,0.1892,0.0,0.0,0.7143,0.0,0.0,0.0,-0.0,0.0,completed,,0.36,14.41396
4734,48.5992,23.7069,0,4.0,0.6667,30,14400,70,150.0,0.8713,150.8713,1.0,1.5556,0.1333,1,0,1,0.0333,0.0,0.0333,0,0.8333,0.1667,0.8333,25,25,30,0.2178,0.2178,1.3506,0.1667,0.2,0.0,0.8,0.8,0,0,0.625,8,5,0.5384,0.1,0.1333,0.8667,0.0,0.2667,0.0,0.0,0.625,0.0,0.0,0.0,0.5004,0.0,outer_patrol_b,road_edge,0.36,12.587559
4735,13.5691,6.6191,0,2.0,0.3333,17,8160,70,150.0,0.0,150.0,1.0,1.3725,0.1176,0,0,0,0.0000,0.0,0.0000,0,0.7647,0.2353,0.8824,13,15,17,0.0,0.0,0.0,0.1176,0.0,0.5,0.5,1.0,0,0,0.8333,6,5,0.5274,0.1,0.0588,0.7647,0.0,0.3529,0.0,0.0,0.8333,0.0,0.0,0.0,0.6931,0.0,inner_patrol,obstacle,0.36,12.243526
4736,86.0,55.0729,1,6.0,1.0,37,17760,37,135.8571,0.0,135.8571,0.5286,1.8919,0.1622,1,0,1,0.0270,0.0,0.0270,0,0.8108,0.1892,0.8108,30,30,37,0.0,0.0,0.0,0.1892,0.0,0.0,1.0,1.0,0,0,0.625,8,5,0.5708,0.1,0.1081,0.8108,0.0811,0.2162,0.0,0.0,0.625,0.0,0.0,0.0,-0.0,0.0,completed,,0.36,13.675761
4737,86.0,53.4559,1,6.0,1.0,40,19200,40,137.1429,0.0,137.1429,0.5714,1.75,0.15,1,0,1,0.0250,0.0,0.0250,0,0.775,0.225,0.8,31,32,40,0.0,0.0,0.0,0.2,0.0,0.125,0.875,1.0,0,0,0.5455,11,6,0.5515,0.1,0.125,0.8,0.025,0.275,0.0,0.0,0.5455,0.0,0.0,0.0,0.3768,0.0,completed,,0.36,14.658895
4738,-2.8085,-1.37,0,0.0,0.0,9,4320,70,150.0,0.0,150.0,1.0,0.0,0.0,1,0,1,0.1111,0.0,0.1111,0,1.0,0.0,1.0,9,9,9,0.0,0.0,0.0,0.0,0.0,0.0,0.0,0.0,0,0,0.6667,3,2,0.507,0.1,0.0,0.7778,0.0,0.3333,0.0,0.0,0.6667,0.0,0.0,0.0,0.0,0.0,outer_patrol_a,road_edge,0.36,14.558169
4739,86.0,50.5501,1,6.0,1.0,41,19680,41,137.5714,1.3027,138.8741,0.5857,1.7073,0.1463,1,0,1,0.0244,0.0,0.0244,0,0.8049,0.1951,0.8293,33,34,41,0.2605,0.2605,2.0192,0.1707,0.2857,0.1429,0.5714,0.7143,0,0,0.7333,15,11,0.5615,0.1,0.122,0.7073,0.0244,0.3659,0.0,0.0,0.7333,0.0,0.0,0.0,0.9557,0.0,completed,,0.36,14.99426
4740,86.0,52.8227,1,6.0,1.0,39,18720,39,136.7143,0.0,136.7143,0.5571,1.7949,0.1538,0,0,0,0.0000,0.0,0.0000,0,0.7949,0.2051,0.8718,31,34,39,0.0,0.0,0.0,0.1282,0.0,0.0,1.0,1.0,0,0,0.7778,9,7,0.551,0.1,0.0769,0.6923,0.0,0.2308,0.0,0.0,0.7778,0.0,0.0,0.0,-0.0,0.0,completed,,0.36,13.214299
4741,86.0,52.5727,1,6.0,1.0,40,19200,40,137.1429,0.0,137.1429,0.5714,1.75,0.15,1,0,1,0.0250,0.0,0.0250,0,0.825,0.175,0.875,33,35,40,0.0,0.0,0.0,0.125,0.0,0.0,1.0,1.0,0,0,0.6429,14,9,0.5484,0.1,0.15,0.925,0.0,0.35,0.0,0.0,0.6429,0.0,0.0,0.0,-0.0,0.0,completed,,0.36,15.270466
4742,86.0,49.0912,1,6.0,1.0,43,20640,43,138.4286,1.7402,140.1688,0.6143,1.6279,0.1395,0,0,0,0.0000,0.0,0.0000,0,0.7674,0.2326,0.8372,33,36,43,0.348,0.348,2.6973,0.1628,0.2857,0.0,0.7143,0.7143,0,0,0.75,12,9,0.5553,0.1,0.093,0.7907,0.0,0.2791,0.0,0.0,0.75,0.0,0.0,0.0,0.5983,0.0,completed,,0.36,12.687397
4743,86.0,53.7616,1,6.0,1.0,37,17760,37,135.8571,0.0,135.8571,0.5286,1.8919,0.1622,1,0,1,0.0270,0.0,0.0270,0,0.8378,0.1622,0.8378,31,31,37,0.0,0.0,0.0,0.1622,0.0,0.1667,0.8333,1.0,0,0,0.75,12,9,0.5404,0.1,0.0541,0.7568,0.0,0.3243,0.0,0.0,0.75,0.0,0.0,0.0,0.4506,0.0,completed,,0.36,10.413889
4744,86.0,52.8936,1,6.0,1.0,36,17280,36,135.4286,0.7528,136.1813,0.5143,1.9444,0.1667,0,0,0,0.0000,0.0,0.0000,0,0.8333,0.1667,0.8333,30,30,36,0.1506,0.1506,1.1668,0.1667,0.1667,0.1667,0.6667,0.8333,0,0,0.8333,6,5,0.5502,0.1,0.0833,0.75,0.0278,0.1667,0.0,0.0,0.8333,0.0,0.0,0.0,0.8676,0.0,completed,,0.36,8.428911
4745,86.0,53.4497,1,6.0,1.0,39,18720,39,136.7143,0.0,136.7143,0.5571,1.7949,0.1538,0,0,0,0.0000,0.0,0.0000,0,0.8205,0.1795,0.8205,32,32,39,0.0,0.0,0.0,0.1795,0.0,0.1429,0.8571,1.0,0,0,0.6,10,6,0.5578,0.1,0.1282,0.7692,0.0513,0.2564,0.0,0.0,0.6,0.0,0.0,0.0,0.4101,0.0,completed,,0.36,8.281003
4746,86.0,50.6869,1,6.0,1.0,41,19680,41,137.5714,1.4919,139.0633,0.5857,1.7073,0.1463,1,0,1,0.0244,0.0,0.0244,0,0.8293,0.1707,0.8293,34,34,41,0.2984,0.2984,2.3125,0.1707,0.2857,0.1429,0.5714,0.7143,0,0,0.8,15,12,0.5785,0.1,0.122,0.6829,0.0732,0.3659,0.0,0.0,0.8,0.0,0.0,0.0,0.9557,0.0,completed,,0.36,9.645696
4747,26.179,12.7703,0,2.0,0.3333,22,10560,70,150.0,0.0,150.0,1.0,1.0606,0.0909,1,0,1,0.0455,0.0,0.0455,0,0.8636,0.1364,0.9091,19,20,22,0.0,0.0,0.0,0.0909,0.0,0.0,1.0,1.0,0,0,0.3333,3,1,0.5219,0.1,0.0,0.8182,0.0,0.1364,0.0,0.0,0.3333,0.0,0.0,0.0,-0.0,0.0,inner_patrol,obstacle,0.36,12.714303
4748,86.0,52.7395,1,6.0,1.0,40,19200,40,137.1429,0.7705,137.9134,0.5714,1.75,0.15,0,0,0,0.0000,0.0,0.0000,0,0.775,0.225,0.8,31,32,40,0.1541,0.1541,1.1943,0.2,0.125,0.0,0.875,0.875,0,0,0.6364,11,7,0.5515,0.1,0.1,0.875,0.025,0.275,0.0,0.0,0.6364,0.0,0.0,0.0,0.3768,0.0,completed,,0.36,10.890305
4749,42.86,20.9073,0,4.0,0.6667,23,11040,70,150.0,0.0,150.0,1.0,2.029,0.1739,0,0,0,0.0000,0.0,0.0000,0,0.8261,0.1739,0.8261,19,19,23,0.0,0.0,0.0,0.1739,0.0,0.25,0.75,1.0,0,0,1.0,5,5,0.5403,0.1,0.0435,0.8696,0.0,0.2174,0.0,0.0,1.0,0.0,0.0,0.0,0.5623,0.0,outer_patrol_b,road_edge,0.36,11.233522
4750,86.0,53.9249,1,6.0,1.0,40,19200,40,137.1429,0.0,137.1429,0.5714,1.75,0.15,1,0,1,0.0250,0.0,0.0250,0,0.825,0.175,0.825,33,33,40,0.0,0.0,0.0,0.175,0.0,0.0,1.0,1.0,0,0,0.4444,9,4,0.5624,0.1,0.05,0.775,0.05,0.225,0.0,0.0,0.4444,0.0,0.0,0.0,-0.0,0.0,completed,,0.36,11.629897
4751,86.0,52.6531,1,6.0,1.0,35,16800,35,135.0,0.8615,135.8615,0.5,2.0,0.1714,0,0,0,0.0000,0.0,0.0000,0,0.8286,0.1714,0.8286,29,29,35,0.1723,0.1723,1.3353,0.1714,0.1667,0.1667,0.6667,0.8333,0,0,1.0,11,11,0.5558,0.1,0.0857,0.7429,0.0571,0.3143,0.0,0.0,1.0,0.0,0.0,0.0,0.8676,0.0,completed,,0.36,13.225107
4752,17.2987,8.4384,0,2.0,0.3333,15,7200,70,150.0,0.0,150.0,1.0,1.5556,0.1333,0,0,0,0.0000,0.0,0.0000,0,0.8,0.2,0.8,12,12,15,0.0,0.0,0.0,0.2,0.0,0.0,1.0,1.0,0,0,0.75,4,3,0.5227,0.1,0.1333,0.8667,0.0667,0.2667,0.0,0.0,0.75,0.0,0.0,0.0,-0.0,0.0,inner_patrol,obstacle,0.36,12.703398
4753,65.9061,32.1493,0,4.0,0.6667,35,16800,70,150.0,0.0,150.0,1.0,1.3333,0.1143,1,0,1,0.0286,0.0,0.0286,0,0.8571,0.1429,0.8857,30,31,35,0.0,0.0,0.0,0.1143,0.0,0.25,0.75,1.0,0,0,0.625,8,5,0.5466,0.1,0.0857,0.7714,0.0,0.2286,0.0,0.0,0.625,0.0,0.0,0.0,0.5623,0.0,outer_patrol_b,road_edge,0.36,11.946906
4754,86.0,49.036,1,6.0,1.0,41,19680,41,137.5714,2.415,139.9865,0.5857,1.7073,0.1463,0,0,0,0.0000,0.0,0.0000,0,0.8293,0.1707,0.8293,34,34,41,0.483,0.483,3.7433,0.1707,0.4286,0.0,0.5714,0.5714,0,0,0.6667,9,6,0.5663,0.1,0.0976,0.7561,0.0244,0.2195,0.0,0.0,0.6667,0.0,0.0,0.0,0.6829,0.0,completed,,0.36,12.165845
4755,86.0,51.7099,1,6.0,1.0,40,19200,40,137.1429,0.8081,137.951,0.5714,1.75,0.15,1,0,1,0.0250,0.0,0.0250,0,0.8,0.2,0.825,32,33,40,0.1616,0.1616,1.2526,0.175,0.1429,0.1429,0.7143,0.8571,0,0,0.75,8,6,0.5527,0.1,0.1,0.725,0.025,0.2,0.0,0.0,0.75,0.0,0.0,0.0,0.7963,0.0,completed,,0.36,14.79787
4756,86.0,52.0735,1,6.0,1.0,41,19680,41,137.5714,0.853,138.4245,0.5857,1.7073,0.1463,1,0,1,0.0244,0.0,0.0244,0,0.8049,0.1951,0.8293,33,34,41,0.1706,0.1706,1.3222,0.1707,0.1429,0.0,0.8571,0.8571,0,0,0.5385,13,7,0.5644,0.1,0.0732,0.878,0.0488,0.3171,0.0,0.0,0.5385,0.0,0.0,0.0,0.4101,0.0,completed,,0.36,14.398529
4757,62.2805,30.3807,0,4.0,0.6667,39,18720,70,150.0,1.5908,151.5908,1.0,1.1966,0.1026,0,0,0,0.0000,0.0,0.0000,0,0.8205,0.1795,0.8205,32,32,39,0.3977,0.3977,2.4658,0.1795,0.2857,0.0,0.7143,0.7143,0,0,0.6364,11,7,0.568,0.1,0.1282,0.7949,0.0513,0.2821,0.0,0.0,0.6364,0.0,0.0,0.0,0.5983,0.0,outer_patrol_b,road_edge,0.36,16.784066
4758,26.5935,12.9724,0,3.0,0.5,25,12000,70,150.0,0.6184,150.6184,1.0,1.4,0.12,1,0,1,0.0400,0.0,0.0400,0,0.8,0.2,0.84,20,21,25,0.2061,0.2061,0.9585,0.16,0.25,0.5,0.25,0.75,0,0,0.6,10,6,0.5753,0.1,0.12,0.8,0.04,0.4,0.0,0.0,0.6,0.0,0.0,0.0,1.0397,0.0,return_outer,obstacle,0.36,14.37003
4759,86.0,52.2324,1,6.0,1.0,39,18720,39,136.7143,0.8517,137.566,0.5571,1.7949,0.1538,0,0,0,0.0000,0.0,0.0000,0,0.8205,0.1795,0.8205,32,32,39,0.1703,0.1703,1.3201,0.1795,0.1429,0.1429,0.7143,0.8571,0,0,0.6364,11,7,0.5626,0.1,0.1282,0.7436,0.0256,0.2821,0.0,0.0,0.6364,0.0,0.0,0.0,0.7963,0.0,completed,,0.36,15.141945
4760,5.078,2.4771,0,1.0,0.1667,15,7200,70,150.0,0.0,150.0,1.0,0.7778,0.0667,0,0,0,0.0000,0.0,0.0000,0,0.8,0.2,0.8667,12,13,15,0.0,0.0,0.0,0.1333,0.0,0.5,0.5,1.0,0,0,0.4,5,2,0.5685,0.1,0.1333,0.7333,0.1333,0.3333,0.0,0.0,0.4,0.0,0.0,0.0,0.6931,0.0,enter_inner,obstacle,0.36,14.52902
4761,54.2121,26.4449,0,4.0,0.6667,38,18240,70,150.0,0.772,150.772,1.0,1.2281,0.1053,0,0,0,0.0000,0.0,0.0000,0,0.8421,0.1579,0.8421,32,32,38,0.193,0.193,1.1967,0.1579,0.1667,0.0,0.8333,0.8333,0,0,0.5385,13,7,0.5882,0.1,0.1316,0.6842,0.1053,0.3421,0.0,0.0,0.5385,0.0,0.0,0.0,0.4506,0.0,outer_patrol_b,road_edge,0.36,14.290479
4762,86.0,51.8252,1,6.0,1.0,39,18720,39,136.7143,0.8977,137.6119,0.5571,1.7949,0.1538,1,0,1,0.0256,0.0,0.0256,0,0.7692,0.2308,0.8205,30,32,39,0.1795,0.1795,1.3914,0.1795,0.1429,0.1429,0.7143,0.8571,0,0,0.75,8,6,0.5375,0.1,0.1282,0.7692,0.0256,0.2051,0.0,0.0,0.75,0.0,0.0,0.0,0.7963,0.0,completed,,0.36,12.40416
4763,27.2552,13.2952,0,3.0,0.5,23,11040,70,150.0,0.7539,150.7539,1.0,1.5217,0.1304,0,0,0,0.0000,0.0,0.0000,0,0.8261,0.1739,0.8261,19,19,23,0.2513,0.2513,1.1685,0.1739,0.25,0.75,0.0,0.75,0,0,0.75,8,6,0.5668,0.1,0.1739,0.913,0.0435,0.3478,0.0,0.0,0.75,0.0,0.0,0.0,0.5623,0.0,return_outer,obstacle,0.36,11.213993
4764,62.4383,30.4577,0,5.0,0.8333,41,19680,70,150.0,1.5709,151.5709,1.0,1.4228,0.122,1,0,1,0.0244,0.0,0.0244,0,0.8049,0.1951,0.8293,33,34,41,0.3142,0.3142,2.4348,0.1707,0.2857,0.0,0.7143,0.7143,0,0,0.75,12,9,0.5618,0.1,0.0732,0.8293,0.0244,0.2927,0.0,0.0,0.75,0.0,0.0,0.0,0.5983,0.0,final_park,wall,0.36,9.206143
4765,86.0,52.8464,1,6.0,1.0,40,19200,40,137.1429,0.7061,137.8489,0.5714,1.75,0.15,1,0,1,0.0250,0.0,0.0250,0,0.75,0.25,0.775,30,31,40,0.1412,0.1412,1.0944,0.225,0.1111,0.1111,0.7778,0.8889,0,0,0.6667,12,8,0.5644,0.1,0.125,0.825,0.05,0.3,0.0,0.0,0.6667,0.0,0.0,0.0,0.6837,0.0,completed,,0.36,12.59889
4766,33.3606,16.2735,0,4.0,0.6667,29,13920,70,150.0,2.0842,152.0842,1.0,1.6092,0.1379,1,0,1,0.0345,0.0,0.0345,0,0.7931,0.2069,0.7931,23,23,29,0.5211,0.5211,3.2305,0.2069,0.5,0.1667,0.3333,0.5,0,0,0.6,10,6,0.5796,0.1,0.1379,0.6552,0.069,0.3448,0.0,0.0,0.6,0.0,0.0,0.0,1.0114,0.0,outer_patrol_b,road_edge,0.36,11.419806
4767,86.0,51.7876,1,6.0,1.0,41,19680,41,137.5714,0.7316,138.3031,0.5857,1.7073,0.1463,0,0,0,0.0000,0.0,0.0000,0,0.8293,0.1707,0.8537,34,35,41,0.1463,0.1463,1.134,0.1463,0.1667,0.0,0.8333,0.8333,0,0,0.6429,14,9,0.5618,0.1,0.122,0.7561,0.0244,0.3415,0.0,0.0,0.6429,0.0,0.0,0.0,0.4506,0.0,completed,,0.36,15.431559
4768,2.3442,1.1435,0,1.0,0.1667,15,7200,70,150.0,0.8939,150.8939,1.0,0.7778,0.0667,1,0,1,0.0667,0.0,0.0667,0,0.8667,0.1333,0.8667,13,13,15,0.8939,0.8939,1.3856,0.1333,0.5,0.0,0.5,0.5,0,0,0.6667,6,4,0.5543,0.1,0.1333,0.8,0.0667,0.4,0.0,0.0,0.6667,0.0,0.0,0.0,0.6931,0.0,enter_inner,obstacle,0.36,13.685165
4769,-10.0,-7.79,0,0.0,0.0,3,1440,70,150.0,0.0,150.0,1.0,0.0,0.0,0,0,0,0.0000,0.0,0.0000,0,1.0,0.0,1.0,3,3,3,0.0,0.0,0.0,0.0,0.0,0.0,0.0,0.0,0,0,0.0,0,0,0.511,0.1,0.0,0.6667,0.0,0.0,0.0,0.0,0.0,0.0,0.0,0.0,0.0,0.0,outer_patrol_a,road_edge,0.36,12.142503
4770,86.0,53.1799,1,6.0,1.0,43,20640,43,138.4286,0.0,138.4286,0.6143,1.6279,0.1395,0,0,0,0.0000,0.0,0.0000,0,0.814,0.186,0.814,35,35,43,0.0,0.0,0.0,0.186,0.0,0.125,0.875,1.0,0,0,0.4286,14,6,0.5867,0.1,0.186,0.8837,0.093,0.3256,0.0,0.0,0.4286,0.0,0.0,0.0,0.3768,0.0,completed,,0.36,14.604351
4771,63.3514,30.9031,0,5.0,0.8333,38,18240,70,150.0,1.502,151.502,1.0,1.5351,0.1316,0,0,0,0.0000,0.0,0.0000,0,0.8158,0.1842,0.8421,31,32,38,0.3004,0.3004,2.3281,0.1579,0.3333,0.1667,0.5,0.6667,0,0,0.8889,9,8,0.5377,0.1,0.1053,0.8684,0.0,0.2368,0.0,0.0,0.8889,0.0,0.0,0.0,1.0114,0.0,final_park,wall,0.36,12.925863
4772,86.0,50.8722,1,6.0,1.0,41,19680,41,137.5714,2.2488,139.8202,0.5857,1.7073,0.1463,1,0,1,0.0244,0.0,0.0244,0,0.7561,0.2439,0.7561,31,31,41,0.4498,0.4498,3.4856,0.2439,0.3,0.0,0.7,0.7,0,0,0.6667,12,8,0.5783,0.1,0.1463,0.8293,0.0976,0.2927,0.0,0.0,0.6667,0.0,0.0,0.0,0.6109,0.0,completed,,0.36,14.318547
4773,86.0,49.0497,1,6.0,1.0,43,20640,43,138.4286,2.2061,140.6347,0.6143,1.6279,0.1395,0,0,0,0.0000,0.0,0.0000,0,0.7907,0.2093,0.7907,34,34,43,0.4412,0.4412,3.4195,0.2093,0.3333,0.2222,0.4444,0.6667,0,0,0.6154,13,8,0.5788,0.1,0.1395,0.7674,0.0698,0.3023,0.0,0.0,0.6154,0.0,0.0,0.0,1.0609,0.0,completed,,0.36,16.736797
4774,86.0,53.7227,1,6.0,1.0,37,17760,37,135.8571,0.0,135.8571,0.5286,1.8919,0.1622,1,0,1,0.0270,0.0,0.0270,0,0.8378,0.1622,0.8649,31,32,37,0.0,0.0,0.0,0.1351,0.0,0.0,1.0,1.0,0,0,0.75,12,9,0.5506,0.1,0.0811,0.8108,0.0,0.3243,0.0,0.0,0.75,0.0,0.0,0.0,-0.0,0.0,completed,,0.36,18.657535
4775,3.0955,1.51,0,0.0,0.0,13,6240,70,150.0,0.0,150.0,1.0,0.0,0.0,0,0,0,0.0000,0.0,0.0000,0,1.0,0.0,1.0,13,13,13,0.0,0.0,0.0,0.0,0.0,0.0,0.0,0.0,0,0,0.0,1,0,0.4931,0.1,0.0,0.9231,0.0,0.0769,0.0,0.0,0.0,0.0,0.0,0.0,0.0,0.0,outer_patrol_a,road_edge,0.36,18.938764
4776,86.0,51.2042,1,6.0,1.0,43,20640,43,138.4286,1.5823,140.0109,0.6143,1.6279,0.1395,0,0,0,0.0000,0.0,0.0000,0,0.7674,0.2326,0.7907,33,34,43,0.3165,0.3165,2.4526,0.2093,0.2222,0.0,0.7778,0.7778,0,0,0.6429,14,9,0.5916,0.1,0.2093,0.7442,0.1163,0.3256,0.0,0.0,0.6429,0.0,0.0,0.0,0.5297,0.0,completed,,0.36,19.215408
4777,86.0,47.0333,1,6.0,1.0,43,20640,43,138.4286,3.1403,141.5689,0.6143,1.6279,0.1395,0,0,0,0.0000,0.0,0.0000,0,0.7907,0.2093,0.7907,34,34,43,0.6281,0.6281,4.8675,0.2093,0.4444,0.3333,0.2222,0.5556,0,0,0.7647,17,13,0.5875,0.1,0.186,0.8837,0.0698,0.3953,0.0,0.0,0.7647,0.0,0.0,0.0,1.0609,0.0,completed,,0.36,14.676318
4778,21.8166,10.6423,0,2.0,0.3333,19,9120,70,150.0,0.0,150.0,1.0,1.2281,0.1053,0,0,0,0.0000,0.0,0.0000,0,0.8421,0.1579,0.8947,16,17,19,0.0,0.0,0.0,0.1053,0.0,0.0,1.0,1.0,0,0,0.6667,6,4,0.533,0.1,0.0526,0.9474,0.0,0.3158,0.0,0.0,0.6667,0.0,0.0,0.0,-0.0,0.0,inner_patrol,obstacle,0.36,16.90597
4779,86.0,51.8724,1,6.0,1.0,42,20160,42,138.0,0.715,138.715,0.6,1.6667,0.1429,0,0,0,0.0000,0.0,0.0000,0,0.7619,0.2381,0.8095,32,34,42,0.143,0.143,1.1083,0.1905,0.125,0.125,0.75,0.875,0,0,0.6471,17,11,0.5799,0.1,0.1667,0.7381,0.0714,0.4048,0.0,0.0,0.6471,0.0,0.0,0.0,0.7356,0.0,completed,,0.36,14.877071
4780,62.4791,30.4776,0,5.0,0.8333,40,19200,70,150.0,1.7134,151.7134,1.0,1.4583,0.125,0,0,0,0.0000,0.0,0.0000,0,0.825,0.175,0.825,33,33,40,0.3427,0.3427,2.6557,0.175,0.2857,0.1429,0.5714,0.7143,0,0,0.5,10,5,0.557,0.1,0.1,0.75,0.05,0.25,0.0,0.0,0.5,0.0,0.0,0.0,0.9557,0.0,final_park,wall,0.36,17.889332
4781,86.0,51.5456,1,6.0,1.0,41,19680,41,137.5714,0.8316,138.403,0.5857,1.7073,0.1463,0,0,0,0.0000,0.0,0.0000,0,0.8293,0.1707,0.8293,34,34,41,0.1663,0.1663,1.289,0.1707,0.1429,0.1429,0.7143,0.8571,0,0,0.75,12,9,0.5585,0.1,0.0976,0.8293,0.0244,0.2927,0.0,0.0,0.75,0.0,0.0,0.0,0.7963,0.0,completed,,0.36,17.021287
4782,40.8113,19.9079,0,4.0,0.6667,26,12480,70,150.0,0.8604,150.8604,1.0,1.7949,0.1538,1,0,1,0.0385,0.0,0.0385,0,0.7692,0.2308,0.7692,20,20,26,0.2151,0.2151,1.3337,0.2308,0.1667,0.0,0.8333,0.8333,0,0,0.7,10,7,0.6207,0.1,0.1538,0.9231,0.1538,0.3846,0.0,0.0,0.7,0.0,0.0,0.0,0.4506,0.0,outer_patrol_b,road_edge,0.36,17.01543
4783,86.0,51.8056,1,6.0,1.0,40,19200,40,137.1429,0.7057,137.8486,0.5714,1.75,0.15,0,0,0,0.0000,0.0,0.0000,0,0.875,0.125,0.875,35,35,40,0.1411,0.1411,1.0939,0.125,0.2,0.0,0.8,0.8,0,0,0.8571,7,6,0.5403,0.1,0.05,0.725,0.0,0.175,0.0,0.0,0.8571,0.0,0.0,0.0,0.5004,0.0,completed,,0.36,14.368568
4784,86.0,53.8845,1,6.0,1.0,36,17280,36,135.4286,0.0,135.4286,0.5143,1.9444,0.1667,1,0,1,0.0278,0.0,0.0278,0,0.8056,0.1944,0.8056,29,29,36,0.0,0.0,0.0,0.1944,0.0,0.2857,0.7143,1.0,0,0,0.7778,9,7,0.571,0.1,0.0833,0.8889,0.0833,0.25,0.0,0.0,0.7778,0.0,0.0,0.0,0.5983,0.0,completed,,0.36,12.951763
4785,86.0,51.0241,1,6.0,1.0,40,19200,40,137.1429,1.3912,138.534,0.5714,1.75,0.15,0,0,0,0.0000,0.0,0.0000,0,0.85,0.15,0.85,34,34,40,0.2782,0.2782,2.1563,0.15,0.3333,0.0,0.6667,0.6667,0,0,0.7,10,7,0.5452,0.1,0.05,0.7,0.0,0.25,0.0,0.0,0.7,0.0,0.0,0.0,0.6365,0.0,completed,,0.36,12.874063
4786,16.216,7.9103,0,2.0,0.3333,16,7680,70,150.0,0.0,150.0,1.0,1.4583,0.125,1,0,1,0.0625,0.0,0.0625,0,0.875,0.125,0.875,14,14,16,0.0,0.0,0.0,0.125,0.0,0.0,1.0,1.0,0,0,0.4,5,2,0.522,0.1,0.0625,0.75,0.0,0.3125,0.0,0.0,0.4,0.0,0.0,0.0,-0.0,0.0,inner_patrol,obstacle,0.36,15.576632
4787,86.0,52.3775,1,6.0,1.0,39,18720,39,136.7143,0.0,136.7143,0.5571,1.7949,0.1538,0,0,0,0.0000,0.0,0.0000,0,0.8205,0.1795,0.8718,32,34,39,0.0,0.0,0.0,0.1282,0.0,0.2,0.8,1.0,0,0,0.7,10,7,0.5429,0.1,0.0513,0.8718,0.0256,0.2564,0.0,0.0,0.7,0.0,0.0,0.0,0.5004,0.0,completed,,0.36,17.598812
4788,86.0,53.2203,1,6.0,1.0,35,16800,35,135.0,0.0,135.0,0.5,2.0,0.1714,0,0,0,0.0000,0.0,0.0000,0,0.8571,0.1429,0.8571,30,30,35,0.0,0.0,0.0,0.1429,0.0,0.4,0.6,1.0,0,0,0.875,8,7,0.5459,0.1,0.0857,0.6571,0.0286,0.2286,0.0,0.0,0.875,0.0,0.0,0.0,0.673,0.0,completed,,0.36,19.614321
4789,86.0,50.4796,1,6.0,1.0,41,19680,41,137.5714,1.5849,139.1564,0.5857,1.7073,0.1463,1,0,1,0.0244,0.0,0.0244,0,0.8049,0.1951,0.8049,33,33,41,0.317,0.317,2.4567,0.1951,0.25,0.25,0.5,0.75,0,0,0.4444,9,4,0.5656,0.1,0.1463,0.8049,0.0488,0.2195,0.0,0.0,0.4444,0.0,0.0,0.0,1.0397,0.0,completed,,0.36,17.623023
4790,86.0,51.703,1,6.0,1.0,38,18240,38,136.2857,1.5042,137.79,0.5429,1.8421,0.1579,1,0,1,0.0263,0.0,0.0263,0,0.8158,0.1842,0.8158,31,31,38,0.3008,0.3008,2.3316,0.1842,0.2857,0.0,0.7143,0.7143,0,0,0.8182,11,9,0.5547,0.1,0.1053,0.7895,0.0263,0.2895,0.0,0.0,0.8182,0.0,0.0,0.0,0.5983,0.0,completed,,0.36,16.600026
4791,49.5976,24.1939,0,4.0,0.6667,30,14400,70,150.0,0.7275,150.7275,1.0,1.5556,0.1333,1,0,1,0.0333,0.0,0.0333,0,0.7667,0.2333,0.8,23,24,30,0.1819,0.1819,1.1277,0.2,0.1667,0.0,0.8333,0.8333,0,0,0.8182,11,9,0.5702,0.1,0.1,0.8667,0.0667,0.3667,0.0,0.0,0.8182,0.0,0.0,0.0,0.4506,0.0,outer_patrol_b,road_edge,0.36,12.773846
4792,86.0,54.5427,1,6.0,1.0,35,16800,35,135.0,0.0,135.0,0.5,2.0,0.1714,1,0,1,0.0286,0.0,0.0286,0,0.8571,0.1429,0.8571,30,30,35,0.0,0.0,0.0,0.1429,0.0,0.0,1.0,1.0,0,0,0.9333,15,14,0.5474,0.1,0.0857,0.9143,0.0,0.4286,0.0,0.0,0.9333,0.0,0.0,0.0,-0.0,0.0,completed,,0.36,12.485426
4793,86.0,54.2127,1,6.0,1.0,36,17280,36,135.4286,0.0,135.4286,0.5143,1.9444,0.1667,0,0,0,0.0000,0.0,0.0000,0,0.8611,0.1389,0.8611,31,31,36,0.0,0.0,0.0,0.1389,0.0,0.0,1.0,1.0,0,0,0.8333,6,5,0.5384,0.1,0.0833,0.6389,0.0,0.1667,0.0,0.0,0.8333,0.0,0.0,0.0,-0.0,0.0,completed,,0.36,10.443825
4794,86.0,52.8365,1,6.0,1.0,39,18720,39,136.7143,0.695,137.4093,0.5571,1.7949,0.1538,0,0,0,0.0000,0.0,0.0000,0,0.8205,0.1795,0.8205,32,32,39,0.139,0.139,1.0772,0.1795,0.1429,0.0,0.8571,0.8571,0,0,0.5,8,4,0.5828,0.1,0.1538,0.8462,0.1026,0.2051,0.0,0.0,0.5,0.0,0.0,0.0,0.4101,0.0,completed,,0.36,9.601447
4795,6.9951,3.4123,0,1.0,0.1667,14,6720,70,150.0,0.0,150.0,1.0,0.8333,0.0714,1,0,1,0.0714,0.0,0.0714,0,0.8571,0.1429,0.8571,12,12,14,0.0,0.0,0.0,0.1429,0.0,0.0,1.0,1.0,0,0,0.3333,3,1,0.5449,0.1,0.1429,0.7857,0.0714,0.2143,0.0,0.0,0.3333,0.0,0.0,0.0,-0.0,0.0,enter_inner,obstacle,0.36,8.181787
4796,42.9341,20.9435,0,4.0,0.6667,24,11520,70,150.0,0.0,150.0,1.0,1.9444,0.1667,0,0,0,0.0000,0.0,0.0000,0,0.7917,0.2083,0.7917,19,19,24,0.0,0.0,0.0,0.2083,0.0,0.2,0.8,1.0,0,0,0.0,2,0,0.5441,0.1,0.0833,0.6667,0.0,0.0833,0.0,0.0,0.0,0.0,0.0,0.0,0.5004,0.0,outer_patrol_b,road_edge,0.36,9.186977
4797,86.0,52.3986,1,6.0,1.0,37,17760,37,135.8571,0.8586,136.7158,0.5286,1.8919,0.1622,1,0,1,0.0270,0.0,0.0270,0,0.8378,0.1622,0.8649,31,32,37,0.1717,0.1717,1.3309,0.1351,0.2,0.0,0.8,0.8,0,0,1.0,7,7,0.5407,0.1,0.027,0.7838,0.0,0.1892,0.0,0.0,1.0,0.0,0.0,0.0,0.5004,0.0,completed,,0.36,13.656412
4798,86.0,50.1028,1,6.0,1.0,40,19200,40,137.1429,1.3867,138.5295,0.5714,1.75,0.15,1,0,1,0.0250,0.0,0.0250,0,0.8,0.2,0.825,32,33,40,0.2773,0.2773,2.1493,0.175,0.2857,0.2857,0.4286,0.7143,0,0,0.8,15,12,0.5512,0.1,0.125,0.775,0.0,0.375,0.0,0.0,0.8,0.0,0.0,0.0,1.079,0.0,completed,,0.36,14.44448
4799,16.2368,7.9204,0,2.0,0.3333,16,7680,70,150.0,0.0,150.0,1.0,1.4583,0.125,1,0,1,0.0625,0.0,0.0625,0,0.75,0.25,0.8125,12,13,16,0.0,0.0,0.0,0.1875,0.0,0.0,1.0,1.0,0,0,0.6667,3,2,0.5245,0.1,0.0625,0.6875,0.0,0.1875,0.0,0.0,0.6667,0.0,0.0,0.0,-0.0,0.0,inner_patrol,obstacle,0.36,13.166213
4800,86.0,53.6929,1,6.0,1.0,40,19200,40,137.1429,0.0,137.1429,0.5714,1.75,0.15,0,0,0,0.0000,0.0,0.0000,0,0.8,0.2,0.825,32,33,40,0.0,0.0,0.0,0.175,0.0,0.0,1.0,1.0,0,0,0.6875,16,11,0.5741,0.1,0.2,0.8,0.075,0.4,0.0,0.0,0.6875,0.0,0.0,0.0,-0.0,0.0,completed,,0.36,13.152501
4801,21.804,10.6361,0,2.0,0.3333,22,10560,70,150.0,0.649,150.649,1.0,1.0606,0.0909,1,0,1,0.0455,0.0,0.0455,0,0.7727,0.2273,0.8182,17,18,22,0.3245,0.3245,1.006,0.1818,0.25,0.25,0.5,0.75,0,0,0.5,4,2,0.5772,0.1,0.1364,0.7727,0.0909,0.1818,0.0,0.0,0.5,0.0,0.0,0.0,1.0397,0.0,inner_patrol,obstacle,0.36,12.473182
4802,30.1929,14.7283,0,3.0,0.5,25,12000,70,150.0,0.0,150.0,1.0,1.4,0.12,1,0,1,0.0400,0.0,0.0400,0,0.76,0.24,0.8,19,20,25,0.0,0.0,0.0,0.2,0.0,0.4,0.6,1.0,0,0,0.5833,12,7,0.5915,0.1,0.2,0.88,0.08,0.48,0.0,0.0,0.5833,0.0,0.0,0.0,0.673,0.0,return_outer,obstacle,0.36,13.953628
4803,86.0,53.7227,1,6.0,1.0,37,17760,37,135.8571,0.0,135.8571,0.5286,1.8919,0.1622,1,0,1,0.0270,0.0,0.0270,0,0.8378,0.1622,0.8649,31,32,37,0.0,0.0,0.0,0.1351,0.0,0.0,1.0,1.0,0,0,0.8,10,8,0.5453,0.1,0.0811,0.7838,0.0,0.2703,0.0,0.0,0.8,0.0,0.0,0.0,-0.0,0.0,completed,,0.36,11.019591
4804,86.0,51.8988,1,6.0,1.0,38,18240,38,136.2857,0.6843,136.97,0.5429,1.8421,0.1579,0,0,0,0.0000,0.0,0.0000,0,0.8158,0.1842,0.8684,31,33,38,0.1369,0.1369,1.0607,0.1316,0.2,0.0,0.8,0.8,0,0,0.8333,6,5,0.5356,0.1,0.0263,0.7105,0.0,0.1579,0.0,0.0,0.8333,0.0,0.0,0.0,0.5004,0.0,completed,,0.36,11.638993
4805,23.4743,11.4509,0,2.0,0.3333,20,9600,70,150.0,0.7861,150.7861,1.0,1.1667,0.1,0,0,0,0.0000,0.0,0.0000,0,0.8,0.2,0.8,16,16,20,0.393,0.393,1.2184,0.2,0.25,0.0,0.75,0.75,0,0,0.8,5,4,0.5698,0.1,0.15,0.8,0.1,0.25,0.0,0.0,0.8,0.0,0.0,0.0,0.5623,0.0,inner_patrol,obstacle,0.36,9.475352
4806,86.0,51.3578,1,6.0,1.0,39,18720,39,136.7143,1.7026,138.4169,0.5571,1.7949,0.1538,0,0,0,0.0000,0.0,0.0000,0,0.7692,0.2308,0.7692,30,30,39,0.3405,0.3405,2.639,0.2308,0.2222,0.0,0.7778,0.7778,0,0,0.7857,14,11,0.5808,0.1,0.1538,0.7949,0.0256,0.359,0.0,0.0,0.7857,0.0,0.0,0.0,0.5297,0.0,completed,,0.36,11.846379
4807,32.9487,16.0725,0,3.0,0.5,23,11040,70,150.0,0.0,150.0,1.0,1.5217,0.1304,0,0,0,0.0000,0.0,0.0000,0,0.7826,0.2174,0.8261,18,19,23,0.0,0.0,0.0,0.1739,0.0,0.0,1.0,1.0,0,0,0.8571,7,6,0.5686,0.1,0.087,0.7826,0.0435,0.3043,0.0,0.0,0.8571,0.0,0.0,0.0,-0.0,0.0,return_outer,obstacle,0.36,13.768948
4808,5.242,2.5571,0,1.0,0.1667,15,7200,70,150.0,0.0,150.0,1.0,0.7778,0.0667,1,0,1,0.0667,0.0,0.0667,0,0.8667,0.1333,0.8667,13,13,15,0.0,0.0,0.0,0.1333,0.0,0.5,0.5,1.0,0,0,0.6,5,3,0.5767,0.1,0.1333,0.6,0.1333,0.3333,0.0,0.0,0.6,0.0,0.0,0.0,0.6931,0.0,enter_inner,obstacle,0.36,11.968336
4809,40.8343,19.9192,0,4.0,0.6667,24,11520,70,150.0,0.8686,150.8686,1.0,1.9444,0.1667,1,0,1,0.0417,0.0,0.0417,0,0.7917,0.2083,0.7917,19,19,24,0.2171,0.2171,1.3463,0.2083,0.2,0.0,0.8,0.8,0,0,0.8333,6,5,0.5633,0.1,0.125,0.6667,0.0417,0.25,0.0,0.0,0.8333,0.0,0.0,0.0,0.5004,0.0,outer_patrol_b,road_edge,0.36,15.206524
4810,13.8884,6.7748,0,2.0,0.3333,17,8160,70,150.0,0.6519,150.6519,1.0,1.3725,0.1176,1,0,1,0.0588,0.0,0.0588,0,0.8235,0.1765,0.8235,14,14,17,0.3259,0.3259,1.0104,0.1765,0.3333,0.0,0.6667,0.6667,0,0,0.6667,3,2,0.5525,0.1,0.1176,0.6471,0.1176,0.1765,0.0,0.0,0.6667,0.0,0.0,0.0,0.6365,0.0,inner_patrol,obstacle,0.36,15.283996
4811,86.0,54.8727,1,6.0,1.0,34,16320,34,134.5714,0.0,134.5714,0.4857,2.0588,0.1765,0,0,0,0.0000,0.0,0.0000,0,0.8529,0.1471,0.8529,29,29,34,0.0,0.0,0.0,0.1471,0.0,0.0,1.0,1.0,0,0,1.0,8,8,0.5413,0.1,0.0294,0.7059,0.0,0.2353,0.0,0.0,1.0,0.0,0.0,0.0,-0.0,0.0,completed,,0.36,15.280677
4812,86.0,52.4472,1,6.0,1.0,36,17280,36,135.4286,0.7298,136.1584,0.5143,1.9444,0.1667,1,0,1,0.0278,0.0,0.0278,0,0.8056,0.1944,0.8333,29,30,36,0.146,0.146,1.1312,0.1667,0.1667,0.1667,0.6667,0.8333,0,0,1.0,10,10,0.5543,0.1,0.0833,0.8611,0.0278,0.2778,0.0,0.0,1.0,0.0,0.0,0.0,0.8676,0.0,completed,,0.36,14.617141
4813,86.0,52.9005,1,6.0,1.0,42,20160,42,138.0,0.6821,138.6821,0.6,1.6667,0.1429,1,0,1,0.0238,0.0,0.0238,0,0.8095,0.1905,0.8095,34,34,42,0.1364,0.1364,1.0573,0.1905,0.125,0.0,0.875,0.875,0,0,0.4615,13,6,0.5787,0.1,0.1905,0.8095,0.0952,0.3095,0.0,0.0,0.4615,0.0,0.0,0.0,0.3768,0.0,completed,,0.36,17.479222
4814,53.4093,26.0533,0,4.0,0.6667,38,18240,70,150.0,0.8898,150.8898,1.0,1.2281,0.1053,1,0,1,0.0263,0.0,0.0263,0,0.8158,0.1842,0.8158,31,31,38,0.2225,0.2225,1.3792,0.1842,0.1429,0.1429,0.7143,0.8571,0,0,0.4667,15,7,0.6024,0.1,0.2632,0.9211,0.1316,0.3947,0.0,0.0,0.4667,0.0,0.0,0.0,0.7963,0.0,outer_patrol_b,road_edge,0.36,16.728551
4815,86.0,49.2855,1,6.0,1.0,46,22080,46,139.7143,1.6993,141.4136,0.6571,1.5217,0.1304,1,0,1,0.0217,0.0,0.0217,0,0.8261,0.1739,0.8261,38,38,46,0.3399,0.3399,2.6339,0.1739,0.25,0.125,0.625,0.75,0,0,0.4,15,6,0.591,0.1,0.1957,0.7609,0.1087,0.3261,0.0,0.0,0.4,0.0,0.0,0.0,0.9003,0.0,completed,,0.36,10.944318
4816,37.8427,18.4598,0,4.0,0.6667,26,12480,70,150.0,1.5609,151.5609,1.0,1.7949,0.1538,0,0,0,0.0000,0.0,0.0000,0,0.7692,0.2308,0.7692,20,20,26,0.3902,0.3902,2.4194,0.2308,0.3333,0.1667,0.5,0.6667,0,0,0.5714,7,4,0.5958,0.1,0.1923,0.8846,0.1154,0.2692,0.0,0.0,0.5714,0.0,0.0,0.0,1.0114,0.0,outer_patrol_b,road_edge,0.36,7.248521
4817,86.0,53.2488,1,6.0,1.0,40,19200,40,137.1429,0.0,137.1429,0.5714,1.75,0.15,0,0,0,0.0000,0.0,0.0000,0,0.825,0.175,0.85,33,34,40,0.0,0.0,0.0,0.15,0.0,0.0,1.0,1.0,0,0,0.875,8,7,0.5433,0.1,0.075,0.7,0.025,0.2,0.0,0.0,0.875,0.0,0.0,0.0,-0.0,0.0,completed,,0.36,9.471529
4818,86.0,52.6723,1,6.0,1.0,37,17760,37,135.8571,0.0,135.8571,0.5286,1.8919,0.1622,1,0,1,0.0270,0.0,0.0270,0,0.8108,0.1892,0.8649,30,32,37,0.0,0.0,0.0,0.1351,0.0,0.4,0.6,1.0,0,0,1.0,7,7,0.5368,0.1,0.0541,0.8108,0.0,0.1892,0.0,0.0,1.0,0.0,0.0,0.0,0.673,0.0,completed,,0.36,11.344543
4819,-9.389,-4.58,0,0.0,0.0,6,2880,70,150.0,0.0,150.0,1.0,0.0,0.0,1,0,1,0.1667,0.0,0.1667,0,1.0,0.0,1.0,6,6,6,0.0,0.0,0.0,0.0,0.0,0.0,0.0,0.0,0,0,0.0,0,0,0.5147,0.1,0.0,0.6667,0.0,0.0,0.0,0.0,0.0,0.0,0.0,0.0,0.0,0.0,outer_patrol_a,road_edge,0.36,11.665041
4820,86.0,53.4216,1,6.0,1.0,38,18240,38,136.2857,0.0,136.2857,0.5429,1.8421,0.1579,1,0,1,0.0263,0.0,0.0263,0,0.8158,0.1842,0.8421,31,32,38,0.0,0.0,0.0,0.1579,0.0,0.1667,0.8333,1.0,0,0,0.7,10,7,0.5525,0.1,0.1579,0.7368,0.0263,0.2632,0.0,0.0,0.7,0.0,0.0,0.0,0.4506,0.0,completed,,0.36,12.54531
4821,28.8091,14.0532,0,3.0,0.5,25,12000,70,150.0,0.0,150.0,1.0,1.4,0.12,0,0,0,0.0000,0.0,0.0000,0,0.8,0.2,0.88,20,22,25,0.0,0.0,0.0,0.12,0.0,0.3333,0.6667,1.0,0,0,0.6667,6,4,0.5364,0.1,0.08,0.88,0.0,0.24,0.0,0.0,0.6667,0.0,0.0,0.0,0.6365,0.0,return_outer,obstacle,0.36,14.175401
4822,86.0,52.11,1,6.0,1.0,40,19200,40,137.1429,0.8398,137.9827,0.5714,1.75,0.15,0,0,0,0.0000,0.0,0.0000,0,0.775,0.225,0.825,31,33,40,0.168,0.168,1.3017,0.175,0.1429,0.0,0.8571,0.8571,0,0,0.6,10,6,0.5526,0.1,0.075,0.75,0.05,0.25,0.0,0.0,0.6,0.0,0.0,0.0,0.4101,0.0,completed,,0.36,16.09165
4823,86.0,49.2607,1,6.0,1.0,44,21120,44,138.8571,2.5572,141.4144,0.6286,1.5909,0.1364,0,0,0,0.0000,0.0,0.0000,0,0.7727,0.2273,0.7955,34,35,44,0.5114,0.5114,3.9637,0.2045,0.4444,0.0,0.5556,0.5556,0,0,0.6,15,9,0.6042,0.1,0.2045,0.75,0.1364,0.3409,0.0,0.0,0.6,0.0,0.0,0.0,0.687,0.0,completed,,0.36,16.085186
4824,5.5806,2.7223,0,1.0,0.1667,16,7680,70,150.0,0.0,150.0,1.0,0.7292,0.0625,1,0,1,0.0625,0.0,0.0625,0,0.8125,0.1875,0.875,13,14,16,0.0,0.0,0.0,0.125,0.0,0.0,1.0,1.0,0,0,0.2,5,1,0.5561,0.1,0.1875,0.6875,0.0625,0.3125,0.0,0.0,0.2,0.0,0.0,0.0,-0.0,0.0,enter_inner,obstacle,0.36,13.012712
4825,32.495,15.8512,0,3.0,0.5,21,10080,70,150.0,0.0,150.0,1.0,1.6667,0.1429,1,0,1,0.0476,0.0,0.0476,0,0.8571,0.1429,0.8571,18,18,21,0.0,0.0,0.0,0.1429,0.0,0.3333,0.6667,1.0,0,0,0.8,5,4,0.5669,0.1,0.0476,0.8571,0.0476,0.2381,0.0,0.0,0.8,0.0,0.0,0.0,0.6365,0.0,return_outer,obstacle,0.36,12.120175
4826,13.51,6.5903,0,2.0,0.3333,20,9600,70,150.0,0.0,150.0,1.0,1.1667,0.1,0,0,0,0.0000,0.0,0.0000,0,0.9,0.1,0.9,18,18,20,0.0,0.0,0.0,0.1,0.0,0.0,1.0,1.0,0,0,0.25,4,1,0.5134,0.1,0.05,0.65,0.0,0.2,0.0,0.0,0.25,0.0,0.0,0.0,-0.0,0.0,inner_patrol,obstacle,0.36,12.873244
4827,86.0,50.0259,1,6.0,1.0,38,18240,38,136.2857,2.206,138.4917,0.5429,1.8421,0.1579,1,0,1,0.0263,0.0,0.0263,0,0.8158,0.1842,0.8421,31,32,38,0.4412,0.4412,3.4193,0.1579,0.5,0.0,0.5,0.5,0,0,1.0,10,10,0.5581,0.1,0.1053,0.8421,0.0263,0.2632,0.0,0.0,1.0,0.0,0.0,0.0,0.6931,0.0,completed,,0.36,14.334958
4828,86.0,53.0938,1,6.0,1.0,38,18240,38,136.2857,0.6709,136.9566,0.5429,1.8421,0.1579,1,0,1,0.0263,0.0,0.0263,0,0.7895,0.2105,0.8158,30,31,38,0.1342,0.1342,1.0399,0.1842,0.1429,0.0,0.8571,0.8571,0,0,0.8571,14,12,0.5699,0.1,0.1316,0.8158,0.0526,0.3684,0.0,0.0,0.8571,0.0,0.0,0.0,0.4101,0.0,completed,,0.36,12.583823
4829,86.0,51.2412,1,6.0,1.0,40,19200,40,137.1429,0.6582,137.8011,0.5714,1.75,0.15,0,0,0,0.0000,0.0,0.0000,0,0.825,0.175,0.875,33,35,40,0.1316,0.1316,1.0202,0.125,0.2,0.0,0.8,0.8,0,0,0.8,15,12,0.5509,0.1,0.05,0.825,0.0,0.375,0.0,0.0,0.8,0.0,0.0,0.0,0.5004,0.0,completed,,0.36,9.09806
4830,4.6087,2.2481,0,1.0,0.1667,15,7200,70,150.0,0.0,150.0,1.0,0.7778,0.0667,1,0,1,0.0667,0.0,0.0667,0,0.9333,0.0667,0.9333,14,14,15,0.0,0.0,0.0,0.0667,0.0,0.0,1.0,1.0,0,0,0.6667,6,4,0.5191,0.1,0.0,0.9333,0.0,0.4,0.0,0.0,0.6667,0.0,0.0,0.0,-0.0,0.0,enter_inner,obstacle,0.36,8.254921
4831,86.0,51.8605,1,6.0,1.0,40,19200,40,137.1429,0.8477,137.9906,0.5714,1.75,0.15,0,0,0,0.0000,0.0,0.0000,0,0.8,0.2,0.825,32,33,40,0.1695,0.1695,1.314,0.175,0.1429,0.1429,0.7143,0.8571,0,0,0.7143,14,10,0.5862,0.1,0.15,0.8,0.1,0.35,0.0,0.0,0.7143,0.0,0.0,0.0,0.7963,0.0,completed,,0.36,11.714273
4832,86.0,53.5331,1,6.0,1.0,44,21120,44,138.8571,0.0,138.8571,0.6286,1.5909,0.1364,0,0,0,0.0000,0.0,0.0000,0,0.8182,0.1818,0.8182,36,36,44,0.0,0.0,0.0,0.1818,0.0,0.0,1.0,1.0,0,0,0.4667,15,7,0.594,0.1,0.1591,0.7955,0.1136,0.3409,0.0,0.0,0.4667,0.0,0.0,0.0,-0.0,0.0,completed,,0.36,11.959614
4833,3.9233,1.9138,0,1.0,0.1667,15,7200,70,150.0,0.6021,150.6021,1.0,0.7778,0.0667,0,0,0,0.0000,0.0,0.0000,0,0.8667,0.1333,0.8667,13,13,15,0.6021,0.6021,0.9333,0.1333,0.5,0.0,0.5,0.5,0,0,0.6,5,3,0.5471,0.1,0.1333,0.8667,0.0667,0.3333,0.0,0.0,0.6,0.0,0.0,0.0,0.6931,0.0,enter_inner,obstacle,0.36,13.605371
4834,86.0,51.2705,1,6.0,1.0,39,18720,39,136.7143,1.3909,138.1052,0.5571,1.7949,0.1538,0,0,0,0.0000,0.0,0.0000,0,0.8205,0.1795,0.8462,32,33,39,0.2782,0.2782,2.1559,0.1538,0.3333,0.0,0.6667,0.6667,0,0,1.0,9,9,0.5446,0.1,0.0256,0.7436,0.0,0.2308,0.0,0.0,1.0,0.0,0.0,0.0,0.6365,0.0,completed,,0.36,14.158436
4835,86.0,52.5707,1,6.0,1.0,38,18240,38,136.2857,0.6372,136.923,0.5429,1.8421,0.1579,0,0,0,0.0000,0.0,0.0000,0,0.8421,0.1579,0.8421,32,32,38,0.1274,0.1274,0.9877,0.1579,0.1667,0.1667,0.6667,0.8333,0,0,0.8,10,8,0.553,0.1,0.0526,0.8158,0.0263,0.2632,0.0,0.0,0.8,0.0,0.0,0.0,0.8676,0.0,completed,,0.36,16.826178
4836,27.6257,13.476,0,3.0,0.5,24,11520,70,150.0,1.2879,151.2879,1.0,1.4583,0.125,1,0,1,0.0417,0.0,0.0417,0,0.7917,0.2083,0.7917,19,19,24,0.4293,0.4293,1.9962,0.1667,0.5,0.0,0.5,0.5,0,0,0.8571,7,6,0.5973,0.1,0.125,0.8333,0.125,0.2917,0.0,0.0,0.8571,0.0,0.0,0.0,0.6931,0.0,return_outer,red_light,0.36,16.066616
4837,61.8995,30.1949,0,5.0,0.8333,48,23040,70,150.0,1.647,151.647,1.0,1.2153,0.1042,1,0,1,0.0208,0.0,0.0208,0,0.7708,0.2292,0.7917,37,38,48,0.3294,0.3294,2.5529,0.2083,0.2,0.1,0.7,0.8,0,0,0.3125,16,5,0.6221,0.1,0.25,0.75,0.1667,0.3333,0.0,0.0,0.3125,0.0,0.0,0.0,0.8018,0.0,final_park,wall,0.36,14.981409
4838,86.0,51.9175,1,6.0,1.0,41,19680,41,137.5714,1.2923,138.8637,0.5857,1.7073,0.1463,0,0,0,0.0000,0.0,0.0000,0,0.8293,0.1707,0.8293,34,34,41,0.2585,0.2585,2.003,0.1707,0.2857,0.0,0.7143,0.7143,0,0,0.6429,14,9,0.5865,0.1,0.1463,0.7561,0.0976,0.3415,0.0,0.0,0.6429,0.0,0.0,0.0,0.5983,0.0,completed,,0.36,12.632043
4839,86.0,50.6325,1,6.0,1.0,43,20640,43,138.4286,1.4342,139.8627,0.6143,1.6279,0.1395,1,0,1,0.0233,0.0,0.0233,0,0.814,0.186,0.814,35,35,43,0.2868,0.2868,2.2229,0.186,0.25,0.125,0.625,0.75,0,0,0.5385,13,7,0.5637,0.1,0.093,0.8837,0.0698,0.3023,0.0,0.0,0.5385,0.0,0.0,0.0,0.9003,0.0,completed,,0.36,11.474368
4840,15.1766,7.4032,0,2.0,0.3333,19,9120,70,150.0,0.0,150.0,1.0,1.2281,0.1053,0,0,0,0.0000,0.0,0.0000,0,0.8421,0.1579,0.8421,16,16,19,0.0,0.0,0.0,0.1579,0.0,0.3333,0.6667,1.0,0,0,0.3333,6,2,0.581,0.1,0.2632,0.7368,0.1579,0.3158,0.0,0.0,0.3333,0.0,0.0,0.0,0.6365,0.0,inner_patrol,obstacle,0.36,12.889966
4841,86.0,51.4221,1,6.0,1.0,38,18240,38,136.2857,0.6988,136.9845,0.5429,1.8421,0.1579,1,0,1,0.0263,0.0,0.0263,0,0.7895,0.2105,0.8421,30,32,38,0.1398,0.1398,1.0831,0.1579,0.1667,0.3333,0.5,0.8333,0,0,0.875,8,7,0.5564,0.1,0.1053,0.8158,0.0526,0.2105,0.0,0.0,0.875,0.0,0.0,0.0,1.0114,0.0,completed,,0.36,12.185896
4842,86.0,50.3748,1,6.0,1.0,43,20640,43,138.4286,1.5036,139.9322,0.6143,1.6279,0.1395,0,0,0,0.0000,0.0,0.0000,0,0.814,0.186,0.814,35,35,43,0.3007,0.3007,2.3306,0.186,0.25,0.125,0.625,0.75,0,0,0.6875,16,11,0.578,0.1,0.186,0.7209,0.0465,0.3721,0.0,0.0,0.6875,0.0,0.0,0.0,0.9003,0.0,completed,,0.36,13.437197
4843,86.0,52.8832,1,6.0,1.0,36,17280,36,135.4286,0.7247,136.1532,0.5143,1.9444,0.1667,0,0,0,0.0000,0.0,0.0000,0,0.8333,0.1667,0.8333,30,30,36,0.1449,0.1449,1.1232,0.1667,0.1667,0.1667,0.6667,0.8333,0,0,1.0,9,9,0.5466,0.1,0.0556,0.8056,0.0,0.25,0.0,0.0,1.0,0.0,0.0,0.0,0.8676,0.0,completed,,0.36,14.643325
4844,86.0,52.1,1,6.0,1.0,38,18240,38,136.2857,0.8384,137.1241,0.5429,1.8421,0.1579,1,0,1,0.0263,0.0,0.0263,0,0.8421,0.1579,0.8684,32,33,38,0.1677,0.1677,1.2995,0.1316,0.2,0.0,0.8,0.8,0,0,0.6,5,3,0.5366,0.1,0.0526,0.6842,0.0,0.1316,0.0,0.0,0.6,0.0,0.0,0.0,0.5004,0.0,completed,,0.36,13.709966
4845,86.0,52.4644,1,6.0,1.0,37,17760,37,135.8571,1.4867,137.3438,0.5286,1.8919,0.1622,0,0,0,0.0000,0.0,0.0000,0,0.7838,0.2162,0.7838,29,29,37,0.2973,0.2973,2.3043,0.2162,0.25,0.0,0.75,0.75,0,0,0.8889,9,8,0.5355,0.1,0.1351,0.7568,0.0,0.2432,0.0,0.0,0.8889,0.0,0.0,0.0,0.5623,0.0,completed,,0.36,15.668685
4846,5.2852,2.5781,0,1.0,0.1667,14,6720,70,150.0,0.0,150.0,1.0,0.8333,0.0714,0,0,0,0.0000,0.0,0.0000,0,0.9286,0.0714,0.9286,13,13,14,0.0,0.0,0.0,0.0714,0.0,0.0,1.0,1.0,0,0,0.5,2,1,0.5046,0.1,0.0,0.7857,0.0,0.1429,0.0,0.0,0.5,0.0,0.0,0.0,-0.0,0.0,enter_inner,obstacle,0.36,14.796755
4847,-9.225,-4.5,0,0.0,0.0,10,4800,70,150.0,0.0,150.0,1.0,0.0,0.0,0,0,0,0.0000,0.0,0.0000,0,1.0,0.0,1.0,10,10,10,0.0,0.0,0.0,0.0,0.0,0.0,0.0,0.0,0,0,0.0,2,0,0.508,0.1,0.0,0.7,0.0,0.2,0.0,0.0,0.0,0.0,0.0,0.0,0.0,0.0,outer_patrol_a,road_edge,0.36,16.030924
4848,86.0,53.7375,1,6.0,1.0,35,16800,35,135.0,0.0,135.0,0.5,2.0,0.1714,0,0,0,0.0000,0.0,0.0000,0,0.8571,0.1429,0.8571,30,30,35,0.0,0.0,0.0,0.1429,0.0,0.2,0.8,1.0,0,0,1.0,14,14,0.5517,0.1,0.0571,0.8,0.0,0.4,0.0,0.0,1.0,0.0,0.0,0.0,0.5004,0.0,completed,,0.36,19.181261
4849,86.0,52.5336,1,6.0,1.0,40,19200,40,137.1429,0.7188,137.8617,0.5714,1.75,0.15,1,0,1,0.0250,0.0,0.0250,0,0.825,0.175,0.825,33,33,40,0.1438,0.1438,1.1142,0.175,0.1429,0.0,0.8571,0.8571,0,0,0.7692,13,10,0.5625,0.1,0.125,0.775,0.05,0.325,0.0,0.0,0.7692,0.0,0.0,0.0,0.4101,0.0,completed,,0.36,16.279565
4850,86.0,52.7902,1,6.0,1.0,40,19200,40,137.1429,0.6849,137.8277,0.5714,1.75,0.15,1,0,1,0.0250,0.0,0.0250,0,0.825,0.175,0.825,33,33,40,0.137,0.137,1.0616,0.175,0.1429,0.0,0.8571,0.8571,0,0,0.7333,15,11,0.5752,0.1,0.15,0.825,0.075,0.375,0.0,0.0,0.7333,0.0,0.0,0.0,0.4101,0.0,completed,,0.36,17.744192
4851,86.0,50.8526,1,6.0,1.0,40,19200,40,137.1429,0.648,137.7909,0.5714,1.75,0.15,0,0,0,0.0000,0.0,0.0000,0,0.875,0.125,0.875,35,35,40,0.1296,0.1296,1.0045,0.125,0.2,0.4,0.4,0.8,0,0,0.7143,14,10,0.5422,0.1,0.075,0.675,0.0,0.35,0.0,0.0,0.7143,0.0,0.0,0.0,1.0549,0.0,completed,,0.36,16.636247
4852,60.6775,29.5988,0,4.0,0.6667,34,16320,70,150.0,0.0,150.0,1.0,1.3725,0.1176,0,0,0,0.0000,0.0,0.0000,0,0.7941,0.2059,0.8235,27,28,34,0.0,0.0,0.0,0.1765,0.0,0.0,1.0,1.0,0,0,0.6667,9,6,0.5572,0.1,0.0882,0.7353,0.0588,0.2647,0.0,0.0,0.6667,0.0,0.0,0.0,-0.0,0.0,outer_patrol_b,road_edge,0.36,13.093478
4853,86.0,52.1191,1,6.0,1.0,39,18720,39,136.7143,0.7138,137.4281,0.5571,1.7949,0.1538,0,0,0,0.0000,0.0,0.0000,0,0.8718,0.1282,0.8718,34,34,39,0.1428,0.1428,1.1064,0.1282,0.2,0.0,0.8,0.8,0,0,0.7,10,7,0.5441,0.1,0.1026,0.6923,0.0,0.2564,0.0,0.0,0.7,0.0,0.0,0.0,0.5004,0.0,completed,,0.36,11.682114
4854,86.0,54.2169,1,6.0,1.0,39,18720,39,136.7143,0.0,136.7143,0.5571,1.7949,0.1538,0,0,0,0.0000,0.0,0.0000,0,0.8205,0.1795,0.8205,32,32,39,0.0,0.0,0.0,0.1795,0.0,0.0,1.0,1.0,0,0,0.6154,13,8,0.5608,0.1,0.1026,0.7692,0.0513,0.3333,0.0,0.0,0.6154,0.0,0.0,0.0,-0.0,0.0,completed,,0.36,10.921906
4855,5.9371,2.8961,0,1.0,0.1667,14,6720,70,150.0,0.0,150.0,1.0,0.8333,0.0714,0,0,0,0.0000,0.0,0.0000,0,0.9286,0.0714,0.9286,13,13,14,0.0,0.0,0.0,0.0714,0.0,0.0,1.0,1.0,0,0,0.6,5,3,0.5203,0.1,0.0714,0.7857,0.0,0.3571,0.0,0.0,0.6,0.0,0.0,0.0,-0.0,0.0,enter_inner,obstacle,0.36,11.876429
4856,86.0,53.1203,1,6.0,1.0,36,17280,36,135.4286,0.0,135.4286,0.5143,1.9444,0.1667,0,0,0,0.0000,0.0,0.0000,0,0.8333,0.1667,0.8611,30,31,36,0.0,0.0,0.0,0.1389,0.0,0.4,0.6,1.0,0,0,0.9,10,9,0.5315,0.1,0.0556,0.75,0.0,0.2778,0.0,0.0,0.9,0.0,0.0,0.0,0.673,0.0,completed,,0.36,12.293985
4857,56.9564,27.7836,0,4.0,0.6667,35,16800,70,150.0,1.6844,151.6844,1.0,1.3333,0.1143,0,0,0,0.0000,0.0,0.0000,0,0.8,0.2,0.8286,28,29,35,0.4211,0.4211,2.6108,0.1714,0.3333,0.0,0.6667,0.6667,0,0,0.8667,15,13,0.5634,0.1,0.1143,0.8857,0.0571,0.4286,0.0,0.0,0.8667,0.0,0.0,0.0,0.6365,0.0,outer_patrol_b,road_edge,0.36,13.19148
4858,86.0,52.7327,1,6.0,1.0,40,19200,40,137.1429,0.0,137.1429,0.5714,1.75,0.15,0,0,0,0.0000,0.0,0.0000,0,0.85,0.15,0.875,34,35,40,0.0,0.0,0.0,0.125,0.0,0.0,1.0,1.0,0,0,0.75,16,12,0.547,0.1,0.075,0.9,0.0,0.4,0.0,0.0,0.75,0.0,0.0,0.0,-0.0,0.0,completed,,0.36,14.313917
4859,86.0,53.5343,1,6.0,1.0,35,16800,35,135.0,0.0,135.0,0.5,2.0,0.1714,1,0,1,0.0286,0.0,0.0286,0,0.8571,0.1429,0.8571,30,30,35,0.0,0.0,0.0,0.1429,0.0,0.4,0.6,1.0,0,0,0.8571,7,6,0.5488,0.1,0.1143,0.7429,0.0286,0.2,0.0,0.0,0.8571,0.0,0.0,0.0,0.673,0.0,completed,,0.36,14.635519
4860,86.0,53.8827,1,6.0,1.0,37,17760,37,135.8571,0.0,135.8571,0.5286,1.8919,0.1622,1,0,1,0.0270,0.0,0.0270,0,0.8649,0.1351,0.8649,32,32,37,0.0,0.0,0.0,0.1351,0.0,0.0,1.0,1.0,0,0,0.75,8,6,0.5348,0.1,0.0811,0.8108,0.0,0.2162,0.0,0.0,0.75,0.0,0.0,0.0,-0.0,0.0,completed,,0.36,11.448074
4861,86.0,50.0115,1,6.0,1.0,41,19680,41,137.5714,2.4581,140.0295,0.5857,1.7073,0.1463,0,0,0,0.0000,0.0,0.0000,0,0.7805,0.2195,0.7805,32,32,41,0.4916,0.4916,3.8101,0.2195,0.3333,0.0,0.6667,0.6667,0,0,0.7143,14,10,0.5715,0.1,0.1707,0.8049,0.0244,0.3415,0.0,0.0,0.7143,0.0,0.0,0.0,0.6365,0.0,completed,,0.36,8.476544
4862,86.0,53.2939,1,6.0,1.0,39,18720,39,136.7143,0.6064,137.3207,0.5571,1.7949,0.1538,0,0,0,0.0000,0.0,0.0000,0,0.7692,0.2308,0.7949,30,31,39,0.1213,0.1213,0.94,0.2051,0.125,0.0,0.875,0.875,0,0,0.75,12,9,0.5596,0.1,0.1026,0.7692,0.0256,0.3077,0.0,0.0,0.75,0.0,0.0,0.0,0.3768,0.0,completed,,0.36,11.365003
4863,86.0,52.3808,1,6.0,1.0,39,18720,39,136.7143,0.8502,137.5645,0.5571,1.7949,0.1538,1,0,1,0.0256,0.0,0.0256,0,0.8205,0.1795,0.8205,32,32,39,0.17,0.17,1.3178,0.1795,0.1429,0.1429,0.7143,0.8571,0,0,0.6364,11,7,0.5726,0.1,0.1026,0.7179,0.0769,0.2821,0.0,0.0,0.6364,0.0,0.0,0.0,0.7963,0.0,completed,,0.36,14.360709
4864,86.0,53.8947,1,6.0,1.0,36,17280,36,135.4286,0.0,135.4286,0.5143,1.9444,0.1667,0,0,0,0.0000,0.0,0.0000,0,0.8611,0.1389,0.8611,31,31,36,0.0,0.0,0.0,0.1389,0.0,0.0,1.0,1.0,0,0,1.0,10,10,0.5385,0.1,0.0833,0.6944,0.0,0.2778,0.0,0.0,1.0,0.0,0.0,0.0,-0.0,0.0,completed,,0.36,15.231555
4865,-10.0,-9.93,0,0.0,0.0,1,480,70,150.0,0.0,150.0,1.0,0.0,0.0,1,0,1,1.0000,0.0,1.0000,0,1.0,0.0,1.0,1,1,1,0.0,0.0,0.0,0.0,0.0,0.0,0.0,0.0,0,0,0.0,0,0,0.5089,0.1,0.0,0.0,0.0,0.0,0.0,0.0,0.0,0.0,0.0,0.0,0.0,0.0,outer_patrol_a,road_edge,0.36,13.943351
4866,-10.0,-5.65,0,0.0,0.0,5,2400,70,150.0,0.0,150.0,1.0,0.0,0.0,1,0,1,0.2000,0.0,0.2000,0,1.0,0.0,1.0,5,5,5,0.0,0.0,0.0,0.0,0.0,0.0,0.0,0.0,0,0,0.0,0,0,0.4922,0.1,0.0,0.8,0.0,0.0,0.0,0.0,0.0,0.0,0.0,0.0,0.0,0.0,outer_patrol_a,road_edge,0.36,13.929178
4867,16.1261,7.8664,0,2.0,0.3333,17,8160,70,150.0,0.0,150.0,1.0,1.3725,0.1176,0,0,0,0.0000,0.0,0.0000,0,0.7647,0.2353,0.8235,13,14,17,0.0,0.0,0.0,0.1765,0.0,0.0,1.0,1.0,0,0,0.5,2,1,0.5208,0.1,0.1176,0.8235,0.0,0.1176,0.0,0.0,0.5,0.0,0.0,0.0,-0.0,0.0,inner_patrol,obstacle,0.36,14.587512
4868,86.0,52.4854,1,6.0,1.0,36,17280,36,135.4286,0.7773,136.2059,0.5143,1.9444,0.1667,1,0,1,0.0278,0.0,0.0278,0,0.8611,0.1389,0.8611,31,31,36,0.1555,0.1555,1.2049,0.1389,0.2,0.2,0.6,0.8,0,0,0.875,8,7,0.5275,0.1,0.0278,0.7222,0.0,0.2222,0.0,0.0,0.875,0.0,0.0,0.0,0.9503,0.0,completed,,0.36,12.116757
4869,86.0,51.2586,1,6.0,1.0,42,20160,42,138.0,0.609,138.609,0.6,1.6667,0.1429,1,0,1,0.0238,0.0,0.0238,0,0.7857,0.2143,0.8333,33,35,42,0.1218,0.1218,0.9439,0.1667,0.1429,0.1429,0.7143,0.8571,0,0,0.5833,12,7,0.5493,0.1,0.119,0.6905,0.0,0.2857,0.0,0.0,0.5833,0.0,0.0,0.0,0.7963,0.0,completed,,0.36,13.780812
4870,36.3912,17.7518,0,4.0,0.6667,28,13440,70,150.0,0.8989,150.8989,1.0,1.6667,0.1429,0,0,0,0.0000,0.0,0.0000,0,0.7857,0.2143,0.8214,22,23,28,0.2247,0.2247,1.3933,0.1786,0.2,0.4,0.4,0.8,0,0,0.5455,11,6,0.5917,0.1,0.2143,0.6786,0.0714,0.3929,0.0,0.0,0.5455,0.0,0.0,0.0,1.0549,0.0,outer_patrol_b,road_edge,0.36,12.089281
4871,86.0,52.7304,1,6.0,1.0,39,18720,39,136.7143,0.0,136.7143,0.5571,1.7949,0.1538,1,0,1,0.0256,0.0,0.0256,0,0.8462,0.1538,0.8462,33,33,39,0.0,0.0,0.0,0.1538,0.0,0.3333,0.6667,1.0,0,0,0.7,10,7,0.5551,0.1,0.1026,0.6923,0.0256,0.2564,0.0,0.0,0.7,0.0,0.0,0.0,0.6365,0.0,completed,,0.36,11.756569
4872,1.5785,0.77,0,0.0,0.0,11,5280,70,150.0,0.0,150.0,1.0,0.0,0.0,1,0,1,0.0909,0.0,0.0909,0,1.0,0.0,1.0,11,11,11,0.0,0.0,0.0,0.0,0.0,0.0,0.0,0.0,0,0,1.0,1,1,0.4962,0.1,0.0,0.4545,0.0,0.0909,0.0,0.0,1.0,0.0,0.0,0.0,0.0,0.0,outer_patrol_a,road_edge,0.36,14.544743
4873,86.0,51.3493,1,6.0,1.0,45,21600,45,139.2857,0.8339,140.1196,0.6429,1.5556,0.1333,0,0,0,0.0000,0.0,0.0000,0,0.8,0.2,0.8222,36,37,45,0.1668,0.1668,1.2925,0.1778,0.125,0.0,0.875,0.875,0,0,0.6,15,9,0.5811,0.1,0.1556,0.6,0.0667,0.3333,0.0,0.0,0.6,0.0,0.0,0.0,0.3768,0.0,completed,,0.36,11.894001
4874,86.0,53.4727,1,6.0,1.0,38,18240,38,136.2857,0.0,136.2857,0.5429,1.8421,0.1579,0,0,0,0.0000,0.0,0.0000,0,0.8421,0.1579,0.8684,32,33,38,0.0,0.0,0.0,0.1316,0.0,0.0,1.0,1.0,0,0,1.0,11,11,0.5437,0.1,0.0526,0.7105,0.0,0.2895,0.0,0.0,1.0,0.0,0.0,0.0,-0.0,0.0,completed,,0.36,10.81548
4875,86.0,53.3969,1,6.0,1.0,41,19680,41,137.5714,0.0,137.5714,0.5857,1.7073,0.1463,1,0,1,0.0244,0.0,0.0244,0,0.8049,0.1951,0.8293,33,34,41,0.0,0.0,0.0,0.1707,0.0,0.0,1.0,1.0,0,0,0.7273,11,8,0.5612,0.1,0.0976,0.6585,0.0488,0.2683,0.0,0.0,0.7273,0.0,0.0,0.0,-0.0,0.0,completed,,0.36,10.198084
4876,86.0,55.0588,1,6.0,1.0,35,16800,35,135.0,0.0,135.0,0.5,2.0,0.1714,0,0,0,0.0000,0.0,0.0000,0,0.8286,0.1714,0.8286,29,29,35,0.0,0.0,0.0,0.1714,0.0,0.0,1.0,1.0,0,0,0.875,8,7,0.5471,0.1,0.0857,0.7429,0.0286,0.2286,0.0,0.0,0.875,0.0,0.0,0.0,-0.0,0.0,completed,,0.36,11.083494
4877,86.0,52.9607,1,6.0,1.0,41,19680,41,137.5714,0.0,137.5714,0.5857,1.7073,0.1463,1,0,1,0.0244,0.0,0.0244,0,0.8049,0.1951,0.8049,33,33,41,0.0,0.0,0.0,0.1951,0.0,0.25,0.75,1.0,0,0,0.5333,15,8,0.5742,0.1,0.1707,0.878,0.0732,0.3659,0.0,0.0,0.5333,0.0,0.0,0.0,0.5623,0.0,completed,,0.36,12.08071
4878,86.0,52.7713,1,6.0,1.0,40,19200,40,137.1429,0.8817,138.0245,0.5714,1.75,0.15,0,0,0,0.0000,0.0,0.0000,0,0.8,0.2,0.8,32,32,40,0.1763,0.1763,1.3666,0.2,0.125,0.0,0.875,0.875,0,0,0.7333,15,11,0.5802,0.1,0.175,0.825,0.075,0.375,0.0,0.0,0.7333,0.0,0.0,0.0,0.3768,0.0,completed,,0.36,13.395808
4879,16.2696,7.9364,0,2.0,0.3333,18,8640,70,150.0,0.0,150.0,1.0,1.2963,0.1111,1,0,1,0.0556,0.0,0.0556,0,0.7778,0.2222,0.8333,14,15,18,0.0,0.0,0.0,0.1667,0.0,0.0,1.0,1.0,0,0,0.25,4,1,0.5585,0.1,0.2222,0.7778,0.1111,0.2222,0.0,0.0,0.25,0.0,0.0,0.0,-0.0,0.0,inner_patrol,obstacle,0.36,12.426921
4880,30.3982,14.8284,0,3.0,0.5,24,11520,70,150.0,0.0,150.0,1.0,1.4583,0.125,0,0,0,0.0000,0.0,0.0000,0,0.7917,0.2083,0.875,19,21,24,0.0,0.0,0.0,0.125,0.0,0.0,1.0,1.0,0,0,0.7,10,7,0.5716,0.1,0.125,0.8333,0.0417,0.4167,0.0,0.0,0.7,0.0,0.0,0.0,-0.0,0.0,return_outer,obstacle,0.36,13.97381
4881,86.0,52.3107,1,6.0,1.0,37,17760,37,135.8571,0.6016,136.4588,0.5286,1.8919,0.1622,0,0,0,0.0000,0.0,0.0000,0,0.8378,0.1622,0.8378,31,31,37,0.1203,0.1203,0.9325,0.1622,0.1667,0.3333,0.5,0.8333,0,0,0.7778,9,7,0.5446,0.1,0.0811,0.8108,0.0,0.2432,0.0,0.0,0.7778,0.0,0.0,0.0,1.0114,0.0,completed,,0.36,12.153203
4882,86.0,50.9434,1,6.0,1.0,40,19200,40,137.1429,0.7663,137.9092,0.5714,1.75,0.15,0,0,0,0.0000,0.0,0.0000,0,0.85,0.15,0.85,34,34,40,0.1533,0.1533,1.1878,0.15,0.1667,0.3333,0.5,0.8333,0,0,0.75,8,6,0.5607,0.1,0.125,0.625,0.025,0.2,0.0,0.0,0.75,0.0,0.0,0.0,1.0114,0.0,completed,,0.36,10.101108
4883,17.569,8.5703,0,2.0,0.3333,14,6720,70,150.0,0.0,150.0,1.0,1.6667,0.1429,0,0,0,0.0000,0.0,0.0000,0,0.8571,0.1429,0.8571,12,12,14,0.0,0.0,0.0,0.1429,0.0,0.0,1.0,1.0,0,0,1.0,2,2,0.4967,0.1,0.0714,0.9286,0.0,0.1429,0.0,0.0,1.0,0.0,0.0,0.0,-0.0,0.0,inner_patrol,obstacle,0.36,10.010332
4884,86.0,53.4539,1,6.0,1.0,42,20160,42,138.0,0.0,138.0,0.6,1.6667,0.1429,0,0,0,0.0000,0.0,0.0000,0,0.7857,0.2143,0.8095,33,34,42,0.0,0.0,0.0,0.1905,0.0,0.125,0.875,1.0,0,0,0.5,14,7,0.5865,0.1,0.1667,0.8095,0.119,0.3333,0.0,0.0,0.5,0.0,0.0,0.0,0.3768,0.0,completed,,0.36,12.683996
4885,86.0,51.4738,1,6.0,1.0,41,19680,41,137.5714,0.7805,138.352,0.5857,1.7073,0.1463,1,0,1,0.0244,0.0,0.0244,0,0.8293,0.1707,0.8537,34,35,41,0.1561,0.1561,1.2098,0.1463,0.1667,0.0,0.8333,0.8333,0,0,0.6667,12,8,0.5595,0.1,0.122,0.8537,0.0244,0.2927,0.0,0.0,0.6667,0.0,0.0,0.0,0.4506,0.0,completed,,0.36,15.267414
4886,-1.2915,-0.63,0,0.0,0.0,11,5280,70,150.0,0.0,150.0,1.0,0.0,0.0,1,0,1,0.0909,0.0,0.0909,0,1.0,0.0,1.0,11,11,11,0.0,0.0,0.0,0.0,0.0,0.0,0.0,0.0,0,0,1.0,2,2,0.4941,0.1,0.0,0.7273,0.0,0.1818,0.0,0.0,1.0,0.0,0.0,0.0,0.0,0.0,outer_patrol_a,road_edge,0.36,15.747035
4887,5.2606,2.5661,0,1.0,0.1667,15,7200,70,150.0,0.0,150.0,1.0,0.7778,0.0667,1,0,1,0.0667,0.0,0.0667,0,0.9333,0.0667,0.9333,14,14,15,0.0,0.0,0.0,0.0667,0.0,0.0,1.0,1.0,0,0,0.6667,3,2,0.5023,0.1,0.0,0.6667,0.0,0.2,0.0,0.0,0.6667,0.0,0.0,0.0,-0.0,0.0,enter_inner,obstacle,0.36,15.086291
4888,86.0,53.1703,1,6.0,1.0,36,17280,36,135.4286,0.0,135.4286,0.5143,1.9444,0.1667,0,0,0,0.0000,0.0,0.0000,0,0.8611,0.1389,0.8611,31,31,36,0.0,0.0,0.0,0.1389,0.0,0.4,0.6,1.0,0,0,0.75,8,6,0.5472,0.1,0.0556,0.8056,0.0278,0.2222,0.0,0.0,0.75,0.0,0.0,0.0,0.673,0.0,completed,,0.36,12.826821
4889,-10.0,-6.72,0,0.0,0.0,4,1920,70,150.0,0.0,150.0,1.0,0.0,0.0,1,0,1,0.2500,0.0,0.2500,0,1.0,0.0,1.0,4,4,4,0.0,0.0,0.0,0.0,0.0,0.0,0.0,0.0,0,0,0.0,0,0,0.512,0.1,0.0,0.5,0.0,0.0,0.0,0.0,0.0,0.0,0.0,0.0,0.0,0.0,outer_patrol_a,road_edge,0.36,12.773409
4890,86.0,52.6279,1,6.0,1.0,40,19200,40,137.1429,0.6902,137.8331,0.5714,1.75,0.15,1,0,1,0.0250,0.0,0.0250,0,0.825,0.175,0.825,33,33,40,0.138,0.138,1.0698,0.175,0.1429,0.0,0.8571,0.8571,0,0,0.4286,7,3,0.5628,0.1,0.1,0.725,0.05,0.175,0.0,0.0,0.4286,0.0,0.0,0.0,0.4101,0.0,completed,,0.36,14.406085
4891,86.0,53.8736,1,6.0,1.0,37,17760,37,135.8571,0.0,135.8571,0.5286,1.8919,0.1622,1,0,1,0.0270,0.0,0.0270,0,0.8378,0.1622,0.8378,31,31,37,0.0,0.0,0.0,0.1622,0.0,0.1667,0.8333,1.0,0,0,0.8333,12,10,0.5609,0.1,0.1081,0.8108,0.027,0.3243,0.0,0.0,0.8333,0.0,0.0,0.0,0.4506,0.0,completed,,0.36,16.366888
4892,86.0,52.5955,1,6.0,1.0,38,18240,38,136.2857,0.0,136.2857,0.5429,1.8421,0.1579,1,0,1,0.0263,0.0,0.0263,0,0.8421,0.1579,0.8684,32,33,38,0.0,0.0,0.0,0.1316,0.0,0.2,0.8,1.0,0,0,0.6667,6,4,0.5394,0.1,0.0526,0.7105,0.0,0.1579,0.0,0.0,0.6667,0.0,0.0,0.0,0.5004,0.0,completed,,0.36,15.219331
4893,18.301,8.9273,0,2.0,0.3333,19,9120,70,150.0,0.0,150.0,1.0,1.2281,0.1053,0,0,0,0.0000,0.0,0.0000,0,0.7895,0.2105,0.7895,15,15,19,0.0,0.0,0.0,0.2105,0.0,0.25,0.75,1.0,0,0,0.5,8,4,0.5926,0.1,0.2105,0.9474,0.1053,0.4211,0.0,0.0,0.5,0.0,0.0,0.0,0.5623,0.0,inner_patrol,obstacle,0.36,13.763477
4894,86.0,51.213,1,6.0,1.0,40,19200,40,137.1429,1.4803,138.6231,0.5714,1.75,0.15,1,0,1,0.0250,0.0,0.0250,0,0.8,0.2,0.8,32,32,40,0.2961,0.2961,2.2944,0.2,0.25,0.125,0.625,0.75,0,0,0.75,16,12,0.5696,0.1,0.15,0.775,0.05,0.4,0.0,0.0,0.75,0.0,0.0,0.0,0.9003,0.0,completed,,0.36,15.042903
4895,6.0357,2.9443,0,1.0,0.1667,14,6720,70,150.0,0.0,150.0,1.0,0.8333,0.0714,1,0,1,0.0714,0.0,0.0714,0,0.8571,0.1429,0.8571,12,12,14,0.0,0.0,0.0,0.1429,0.0,0.0,1.0,1.0,0,0,0.5,4,2,0.5387,0.1,0.1429,0.7857,0.0714,0.2857,0.0,0.0,0.5,0.0,0.0,0.0,-0.0,0.0,enter_inner,obstacle,0.36,17.05673
4896,86.0,52.5078,1,6.0,1.0,42,20160,42,138.0,0.6956,138.6956,0.6,1.6667,0.1429,1,0,1,0.0238,0.0,0.0238,0,0.7857,0.2143,0.8095,33,34,42,0.1391,0.1391,1.0781,0.1905,0.125,0.0,0.875,0.875,0,0,0.6875,16,11,0.5731,0.1,0.1429,0.8571,0.0714,0.381,0.0,0.0,0.6875,0.0,0.0,0.0,0.3768,0.0,completed,,0.36,16.316891
4897,86.0,53.6875,1,6.0,1.0,36,17280,36,135.4286,0.0,135.4286,0.5143,1.9444,0.1667,0,0,0,0.0000,0.0,0.0000,0,0.8611,0.1389,0.8611,31,31,36,0.0,0.0,0.0,0.1389,0.0,0.2,0.8,1.0,0,0,0.9,10,9,0.5459,0.1,0.0278,0.75,0.0278,0.2778,0.0,0.0,0.9,0.0,0.0,0.0,0.5004,0.0,completed,,0.36,15.779553
4898,40.5983,19.804,0,4.0,0.6667,26,12480,70,150.0,0.644,150.644,1.0,1.7949,0.1538,0,0,0,0.0000,0.0,0.0000,0,0.8077,0.1923,0.8077,21,21,26,0.161,0.161,0.9982,0.1923,0.2,0.2,0.6,0.8,0,0,0.625,8,5,0.6002,0.1,0.2308,0.7692,0.1154,0.3077,0.0,0.0,0.625,0.0,0.0,0.0,0.9503,0.0,outer_patrol_b,road_edge,0.36,11.965889
4899,86.0,53.3265,1,6.0,1.0,38,18240,38,136.2857,0.7621,137.0478,0.5429,1.8421,0.1579,1,0,1,0.0263,0.0,0.0263,0,0.8158,0.1842,0.8158,31,31,38,0.1524,0.1524,1.1812,0.1842,0.1429,0.0,0.8571,0.8571,0,0,0.7,10,7,0.5788,0.1,0.1579,0.7368,0.0789,0.2632,0.0,0.0,0.7,0.0,0.0,0.0,0.4101,0.0,completed,,0.36,13.198215
4900,-2.8085,-1.37,0,0.0,0.0,9,4320,70,150.0,0.0,150.0,1.0,0.0,0.0,0,0,0,0.0000,0.0,0.0000,0,1.0,0.0,1.0,9,9,9,0.0,0.0,0.0,0.0,0.0,0.0,0.0,0.0,0,0,1.0,1,1,0.4914,0.1,0.0,0.7778,0.0,0.1111,0.0,0.0,1.0,0.0,0.0,0.0,0.0,0.0,outer_patrol_a,road_edge,0.36,11.87076
4901,86.0,52.9738,1,6.0,1.0,38,18240,38,136.2857,0.7986,137.0844,0.5429,1.8421,0.1579,0,0,0,0.0000,0.0,0.0000,0,0.8158,0.1842,0.8158,31,31,38,0.1597,0.1597,1.2379,0.1842,0.1429,0.0,0.8571,0.8571,0,0,0.7,10,7,0.5565,0.1,0.1316,0.7632,0.0263,0.2632,0.0,0.0,0.7,0.0,0.0,0.0,0.4101,0.0,completed,,0.36,14.424624
4902,86.0,50.5567,1,6.0,1.0,40,19200,40,137.1429,2.3063,139.4492,0.5714,1.75,0.15,0,0,0,0.0000,0.0,0.0000,0,0.8,0.2,0.8,32,32,40,0.4613,0.4613,3.5748,0.2,0.375,0.0,0.625,0.625,0,0,0.7273,11,8,0.5727,0.1,0.125,0.9,0.075,0.275,0.0,0.0,0.7273,0.0,0.0,0.0,0.6616,0.0,completed,,0.36,17.814015
4903,86.0,48.7206,1,6.0,1.0,40,19200,40,137.1429,2.9372,140.08,0.5714,1.75,0.15,0,0,0,0.0000,0.0,0.0000,0,0.775,0.225,0.775,31,31,40,0.5874,0.5874,4.5526,0.225,0.4444,0.1111,0.4444,0.5556,0,0,0.8889,9,8,0.5548,0.1,0.125,0.675,0.0,0.225,0.0,0.0,0.8889,0.0,0.0,0.0,0.965,0.0,completed,,0.36,14.441467
4904,86.0,54.5427,1,6.0,1.0,35,16800,35,135.0,0.0,135.0,0.5,2.0,0.1714,0,0,0,0.0000,0.0,0.0000,0,0.8571,0.1429,0.8571,30,30,35,0.0,0.0,0.0,0.1429,0.0,0.0,1.0,1.0,0,0,0.8889,9,8,0.5427,0.1,0.1143,0.8,0.0,0.2571,0.0,0.0,0.8889,0.0,0.0,0.0,-0.0,0.0,completed,,0.36,16.109609
4905,41.3676,20.1793,0,4.0,0.6667,24,11520,70,150.0,0.0,150.0,1.0,1.9444,0.1667,0,0,0,0.0000,0.0,0.0000,0,0.7917,0.2083,0.8333,19,20,24,0.0,0.0,0.0,0.1667,0.0,0.25,0.75,1.0,0,0,0.875,8,7,0.5647,0.1,0.0417,0.75,0.0417,0.3333,0.0,0.0,0.875,0.0,0.0,0.0,0.5623,0.0,outer_patrol_b,road_edge,0.36,16.304349
4906,86.0,54.7288,1,6.0,1.0,36,17280,36,135.4286,0.0,135.4286,0.5143,1.9444,0.1667,1,0,1,0.0278,0.0,0.0278,0,0.8333,0.1667,0.8333,30,30,36,0.0,0.0,0.0,0.1667,0.0,0.0,1.0,1.0,0,0,0.7778,9,7,0.5493,0.1,0.0833,0.8333,0.0278,0.25,0.0,0.0,0.7778,0.0,0.0,0.0,-0.0,0.0,completed,,0.36,12.238794
4907,86.0,53.8816,1,6.0,1.0,37,17760,37,135.8571,0.0,135.8571,0.5286,1.8919,0.1622,0,0,0,0.0000,0.0,0.0000,0,0.8378,0.1622,0.8378,31,31,37,0.0,0.0,0.0,0.1622,0.0,0.1667,0.8333,1.0,0,0,0.7,10,7,0.5546,0.1,0.1351,0.7027,0.027,0.2703,0.0,0.0,0.7,0.0,0.0,0.0,0.4506,0.0,completed,,0.36,8.918032
4908,86.0,54.2869,1,6.0,1.0,40,19200,40,137.1429,0.0,137.1429,0.5714,1.75,0.15,1,0,1,0.0250,0.0,0.0250,0,0.825,0.175,0.825,33,33,40,0.0,0.0,0.0,0.175,0.0,0.0,1.0,1.0,0,0,0.7059,17,12,0.586,0.1,0.175,0.9,0.1,0.425,0.0,0.0,0.7059,0.0,0.0,0.0,-0.0,0.0,completed,,0.36,8.65149
4909,86.0,53.3695,1,6.0,1.0,36,17280,36,135.4286,0.0,135.4286,0.5143,1.9444,0.1667,0,0,0,0.0000,0.0,0.0000,0,0.8611,0.1389,0.8611,31,31,36,0.0,0.0,0.0,0.1389,0.0,0.2,0.8,1.0,0,0,0.8,5,4,0.5426,0.1,0.0833,0.8056,0.0278,0.1389,0.0,0.0,0.8,0.0,0.0,0.0,0.5004,0.0,completed,,0.36,10.362231
4910,86.0,54.4627,1,6.0,1.0,35,16800,35,135.0,0.0,135.0,0.5,2.0,0.1714,0,0,0,0.0000,0.0,0.0000,0,0.8286,0.1714,0.8571,29,30,35,0.0,0.0,0.0,0.1429,0.0,0.0,1.0,1.0,0,0,0.8,5,4,0.5358,0.1,0.0286,0.6571,0.0,0.1429,0.0,0.0,0.8,0.0,0.0,0.0,-0.0,0.0,completed,,0.36,10.602734
4911,86.0,52.7143,1,6.0,1.0,37,17760,37,135.8571,0.0,135.8571,0.5286,1.8919,0.1622,1,0,1,0.0270,0.0,0.0270,0,0.8378,0.1622,0.8649,31,32,37,0.0,0.0,0.0,0.1351,0.0,0.4,0.6,1.0,0,0,0.9167,12,11,0.5506,0.1,0.1351,0.7568,0.0,0.3243,0.0,0.0,0.9167,0.0,0.0,0.0,0.673,0.0,completed,,0.36,12.786615
4912,86.0,52.0143,1,6.0,1.0,39,18720,39,136.7143,0.7756,137.4899,0.5571,1.7949,0.1538,0,0,0,0.0000,0.0,0.0000,0,0.7949,0.2051,0.8205,31,32,39,0.1551,0.1551,1.2022,0.1795,0.1429,0.1429,0.7143,0.8571,0,0,0.6667,12,8,0.5668,0.1,0.0769,0.7949,0.0513,0.3077,0.0,0.0,0.6667,0.0,0.0,0.0,0.7963,0.0,completed,,0.36,11.466751
4913,23.0717,11.2545,0,2.0,0.3333,20,9600,70,150.0,0.6081,150.6081,1.0,1.1667,0.1,1,0,1,0.0500,0.0,0.0500,0,0.9,0.1,0.9,18,18,20,0.3041,0.3041,0.9426,0.1,0.5,0.0,0.5,0.5,0,0,0.75,4,3,0.5339,0.1,0.1,0.75,0.0,0.2,0.0,0.0,0.75,0.0,0.0,0.0,0.6931,0.0,inner_patrol,obstacle,0.36,14.423099
4914,86.0,53.2055,1,6.0,1.0,37,17760,37,135.8571,0.0,135.8571,0.5286,1.8919,0.1622,1,0,1,0.0270,0.0,0.0270,0,0.8378,0.1622,0.8649,31,32,37,0.0,0.0,0.0,0.1351,0.0,0.2,0.8,1.0,0,0,0.8333,6,5,0.5334,0.1,0.0541,0.7027,0.0,0.1622,0.0,0.0,0.8333,0.0,0.0,0.0,0.5004,0.0,completed,,0.36,11.862691
4915,0.902,0.44,0,0.0,0.0,12,5760,70,150.0,0.0,150.0,1.0,0.0,0.0,1,0,1,0.0833,0.0,0.0833,0,1.0,0.0,1.0,12,12,12,0.0,0.0,0.0,0.0,0.0,0.0,0.0,0.0,0,0,0.0,1,0,0.4987,0.1,0.0,0.6667,0.0,0.0833,0.0,0.0,0.0,0.0,0.0,0.0,0.0,0.0,outer_patrol_a,road_edge,0.36,10.536024
4916,86.0,53.6955,1,6.0,1.0,36,17280,36,135.4286,0.0,135.4286,0.5143,1.9444,0.1667,0,0,0,0.0000,0.0,0.0000,0,0.8611,0.1389,0.8611,31,31,36,0.0,0.0,0.0,0.1389,0.0,0.2,0.8,1.0,0,0,0.875,8,7,0.5426,0.1,0.0556,0.7778,0.0,0.2222,0.0,0.0,0.875,0.0,0.0,0.0,0.5004,0.0,completed,,0.36,12.927316
4917,86.0,49.5985,1,6.0,1.0,42,20160,42,138.0,2.5491,140.5491,0.6,1.6667,0.1429,1,0,1,0.0238,0.0,0.0238,0,0.7857,0.2143,0.7857,33,33,42,0.5098,0.5098,3.9511,0.2143,0.3333,0.0,0.6667,0.6667,0,0,0.6923,13,9,0.5759,0.1,0.1429,0.7381,0.0714,0.3095,0.0,0.0,0.6923,0.0,0.0,0.0,0.6365,0.0,completed,,0.36,12.39541
4918,63.2817,30.8691,0,5.0,0.8333,41,19680,70,150.0,1.4467,151.4467,1.0,1.4228,0.122,0,0,0,0.0000,0.0,0.0000,0,0.8049,0.1951,0.8049,33,33,41,0.2893,0.2893,2.2423,0.1951,0.25,0.125,0.625,0.75,0,0,0.6429,14,9,0.5668,0.1,0.1463,0.7317,0.0488,0.3415,0.0,0.0,0.6429,0.0,0.0,0.0,0.9003,0.0,final_park,wall,0.36,11.84555
4919,86.0,53.8559,1,6.0,1.0,40,19200,40,137.1429,0.0,137.1429,0.5714,1.75,0.15,0,0,0,0.0000,0.0,0.0000,0,0.8,0.2,0.8,32,32,40,0.0,0.0,0.0,0.2,0.0,0.125,0.875,1.0,0,0,0.5385,13,7,0.5864,0.1,0.175,0.825,0.1,0.325,0.0,0.0,0.5385,0.0,0.0,0.0,0.3768,0.0,completed,,0.36,13.303615
4920,86.0,52.9163,1,6.0,1.0,41,19680,41,137.5714,0.721,138.2924,0.5857,1.7073,0.1463,0,0,0,0.0000,0.0,0.0000,0,0.8049,0.1951,0.8049,33,33,41,0.1442,0.1442,1.1176,0.1951,0.125,0.0,0.875,0.875,0,0,0.7333,15,11,0.5718,0.1,0.122,0.6585,0.0732,0.3659,0.0,0.0,0.7333,0.0,0.0,0.0,0.3768,0.0,completed,,0.36,11.92259
4921,31.5421,15.3864,0,3.0,0.5,24,11520,70,150.0,0.0,150.0,1.0,1.4583,0.125,0,0,0,0.0000,0.0,0.0000,0,0.875,0.125,0.875,21,21,24,0.0,0.0,0.0,0.125,0.0,0.0,1.0,1.0,0,0,0.7778,9,7,0.5514,0.1,0.0417,0.8333,0.0,0.375,0.0,0.0,0.7778,0.0,0.0,0.0,-0.0,0.0,return_outer,obstacle,0.36,14.061301
4922,-10.0,-7.79,0,0.0,0.0,3,1440,70,150.0,0.0,150.0,1.0,0.0,0.0,0,0,0,0.0000,0.0,0.0000,0,1.0,0.0,1.0,3,3,3,0.0,0.0,0.0,0.0,0.0,0.0,0.0,0.0,0,0,0.0,0,0,0.4769,0.1,0.0,0.3333,0.0,0.0,0.0,0.0,0.0,0.0,0.0,0.0,0.0,0.0,outer_patrol_a,road_edge,0.36,13.618791
4923,43.1823,21.0645,0,4.0,0.6667,24,11520,70,150.0,0.0,150.0,1.0,1.9444,0.1667,1,0,1,0.0417,0.0,0.0417,0,0.8333,0.1667,0.8333,20,20,24,0.0,0.0,0.0,0.1667,0.0,0.0,1.0,1.0,0,0,0.75,4,3,0.5355,0.1,0.0417,0.7917,0.0,0.1667,0.0,0.0,0.75,0.0,0.0,0.0,-0.0,0.0,outer_patrol_b,road_edge,0.36,15.373529
4924,86.0,53.9116,1,6.0,1.0,37,17760,37,135.8571,0.0,135.8571,0.5286,1.8919,0.1622,0,0,0,0.0000,0.0,0.0000,0,0.8378,0.1622,0.8378,31,31,37,0.0,0.0,0.0,0.1622,0.0,0.1667,0.8333,1.0,0,0,0.75,8,6,0.5523,0.1,0.0811,0.7568,0.027,0.2162,0.0,0.0,0.75,0.0,0.0,0.0,0.4506,0.0,completed,,0.36,17.872552
4925,27.9341,13.6264,0,2.0,0.3333,21,10080,70,150.0,0.0,150.0,1.0,1.1111,0.0952,0,0,0,0.0000,0.0,0.0000,0,0.8571,0.1429,0.8571,18,18,21,0.0,0.0,0.0,0.1429,0.0,0.0,1.0,1.0,0,0,0.75,4,3,0.5443,0.1,0.0476,0.7143,0.0,0.1905,0.0,0.0,0.75,0.0,0.0,0.0,-0.0,0.0,inner_patrol,obstacle,0.36,14.384334
4926,26.3448,12.8511,0,3.0,0.5,31,14880,70,150.0,0.7717,150.7717,1.0,1.129,0.0968,0,0,0,0.0000,0.0,0.0000,0,0.8387,0.1613,0.8387,26,26,31,0.2572,0.2572,1.1962,0.129,0.25,0.0,0.75,0.75,0,0,0.3333,15,5,0.6318,0.1,0.2581,0.8065,0.1935,0.4839,0.0,0.0,0.3333,0.0,0.0,0.0,0.5623,0.0,return_outer,red_light,0.36,11.223696
4927,86.0,53.8827,1,6.0,1.0,37,17760,37,135.8571,0.0,135.8571,0.5286,1.8919,0.1622,0,0,0,0.0000,0.0,0.0000,0,0.8649,0.1351,0.8649,32,32,37,0.0,0.0,0.0,0.1351,0.0,0.0,1.0,1.0,0,0,0.9,10,9,0.5465,0.1,0.027,0.7838,0.0,0.2703,0.0,0.0,0.9,0.0,0.0,0.0,-0.0,0.0,completed,,0.36,11.764065
4928,15.2255,7.4271,0,2.0,0.3333,16,7680,70,150.0,0.0,150.0,1.0,1.4583,0.125,1,0,1,0.0625,0.0,0.0625,0,0.875,0.125,0.875,14,14,16,0.0,0.0,0.0,0.125,0.0,0.5,0.5,1.0,0,0,0.75,4,3,0.5377,0.1,0.0625,0.625,0.0,0.25,0.0,0.0,0.75,0.0,0.0,0.0,0.6931,0.0,inner_patrol,obstacle,0.36,12.298762
4929,86.0,53.8575,1,6.0,1.0,35,16800,35,135.0,0.0,135.0,0.5,2.0,0.1714,1,0,1,0.0286,0.0,0.0286,0,0.8286,0.1714,0.8571,29,30,35,0.0,0.0,0.0,0.1429,0.0,0.2,0.8,1.0,0,0,1.0,7,7,0.5459,0.1,0.0571,0.7429,0.0286,0.2,0.0,0.0,1.0,0.0,0.0,0.0,0.5004,0.0,completed,,0.36,15.111559
4930,86.0,53.1771,1,6.0,1.0,35,16800,35,135.0,0.7234,135.7234,0.5,2.0,0.1714,0,0,0,0.0000,0.0,0.0000,0,0.8286,0.1714,0.8286,29,29,35,0.1447,0.1447,1.1213,0.1714,0.1667,0.1667,0.6667,0.8333,0,0,1.0,9,9,0.5406,0.1,0.0857,0.7714,0.0286,0.2571,0.0,0.0,1.0,0.0,0.0,0.0,0.8676,0.0,completed,,0.36,14.601672
4931,86.0,54.8727,1,6.0,1.0,34,16320,34,134.5714,0.0,134.5714,0.4857,2.0588,0.1765,0,0,0,0.0000,0.0,0.0000,0,0.8529,0.1471,0.8529,29,29,34,0.0,0.0,0.0,0.1471,0.0,0.0,1.0,1.0,0,0,1.0,5,5,0.5246,0.1,0.0294,0.7353,0.0,0.1471,0.0,0.0,1.0,0.0,0.0,0.0,-0.0,0.0,completed,,0.36,11.133046
4932,3.025,1.4756,0,1.0,0.1667,14,6720,70,150.0,0.7589,150.7589,1.0,0.8333,0.0714,0,0,0,0.0000,0.0,0.0000,0,0.8571,0.1429,0.8571,12,12,14,0.7589,0.7589,1.1762,0.1429,0.5,0.5,0.0,0.5,0,0,1.0,3,3,0.5231,0.1,0.0,0.9286,0.0,0.2143,0.0,0.0,1.0,0.0,0.0,0.0,0.6931,0.0,enter_inner,obstacle,0.36,12.346686
4933,67.7763,33.0616,0,5.0,0.8333,39,18720,70,150.0,0.0,150.0,1.0,1.4957,0.1282,0,0,0,0.0000,0.0,0.0000,0,0.8205,0.1795,0.8462,32,33,39,0.0,0.0,0.0,0.1538,0.0,0.1667,0.8333,1.0,0,0,0.6429,14,9,0.5485,0.1,0.0769,0.8462,0.0256,0.359,0.0,0.0,0.6429,0.0,0.0,0.0,0.4506,0.0,final_park,wall,0.36,16.963972
4934,31.1666,15.2032,0,3.0,0.5,22,10560,70,150.0,0.0,150.0,1.0,1.5909,0.1364,0,0,0,0.0000,0.0,0.0000,0,0.8636,0.1364,0.8636,19,19,22,0.0,0.0,0.0,0.1364,0.0,0.3333,0.6667,1.0,0,0,0.875,8,7,0.5752,0.1,0.0909,0.8636,0.0455,0.3636,0.0,0.0,0.875,0.0,0.0,0.0,0.6365,0.0,return_outer,obstacle,0.36,16.601366
4935,38.6416,18.8495,0,4.0,0.6667,26,12480,70,150.0,0.8585,150.8585,1.0,1.7949,0.1538,1,0,1,0.0385,0.0,0.0385,0,0.8077,0.1923,0.8077,21,21,26,0.2146,0.2146,1.3307,0.1923,0.2,0.2,0.6,0.8,0,0,0.6,10,6,0.6095,0.1,0.1923,0.7692,0.1154,0.3846,0.0,0.0,0.6,0.0,0.0,0.0,0.9503,0.0,outer_patrol_b,road_edge,0.36,20.579533
4936,25.5598,12.4682,0,2.0,0.3333,22,10560,70,150.0,0.6025,150.6025,1.0,1.0606,0.0909,0,0,0,0.0000,0.0,0.0000,0,0.8182,0.1818,0.8182,18,18,22,0.3013,0.3013,0.9339,0.1818,0.25,0.25,0.5,0.75,0,0,0.7143,7,5,0.6005,0.1,0.1818,0.7273,0.1364,0.3182,0.0,0.0,0.7143,0.0,0.0,0.0,1.0397,0.0,inner_patrol,obstacle,0.36,18.807155
4937,86.0,52.3864,1,6.0,1.0,36,17280,36,135.4286,1.2019,136.6305,0.5143,1.9444,0.1667,0,0,0,0.0000,0.0,0.0000,0,0.8056,0.1944,0.8056,29,29,36,0.2404,0.2404,1.863,0.1944,0.2857,0.1429,0.5714,0.7143,0,0,1.0,12,12,0.5567,0.1,0.1111,0.8889,0.0278,0.3333,0.0,0.0,1.0,0.0,0.0,0.0,0.9557,0.0,completed,,0.36,14.420077
4938,86.0,51.4236,1,6.0,1.0,38,18240,38,136.2857,1.4534,137.7391,0.5429,1.8421,0.1579,0,0,0,0.0000,0.0,0.0000,0,0.8158,0.1842,0.8421,31,32,38,0.2907,0.2907,2.2528,0.1579,0.3333,0.0,0.6667,0.6667,0,0,0.8462,13,11,0.564,0.1,0.1053,0.7895,0.0263,0.3421,0.0,0.0,0.8462,0.0,0.0,0.0,0.6365,0.0,completed,,0.36,12.994559
4939,86.0,52.4374,1,6.0,1.0,39,18720,39,136.7143,0.7143,137.4286,0.5571,1.7949,0.1538,0,0,0,0.0000,0.0,0.0000,0,0.8205,0.1795,0.8205,32,32,39,0.1429,0.1429,1.1072,0.1795,0.1429,0.1429,0.7143,0.8571,0,0,0.7143,14,10,0.5672,0.1,0.1026,0.7436,0.0256,0.359,0.0,0.0,0.7143,0.0,0.0,0.0,0.7963,0.0,completed,,0.36,9.591988
4940,68.0712,33.2055,0,5.0,0.8333,37,17760,70,150.0,0.0,150.0,1.0,1.5766,0.1351,0,0,0,0.0000,0.0,0.0000,0,0.8378,0.1622,0.8649,31,32,37,0.0,0.0,0.0,0.1351,0.0,0.2,0.8,1.0,0,0,0.8182,11,9,0.539,0.1,0.0541,0.7838,0.0,0.2973,0.0,0.0,0.8182,0.0,0.0,0.0,0.5004,0.0,final_park,wall,0.36,10.195242
4941,30.5436,14.8993,0,3.0,0.5,24,11520,70,150.0,0.0,150.0,1.0,1.4583,0.125,0,0,0,0.0000,0.0,0.0000,0,0.7917,0.2083,0.8333,19,20,24,0.0,0.0,0.0,0.1667,0.0,0.25,0.75,1.0,0,0,0.4,5,2,0.5557,0.1,0.125,0.7917,0.0417,0.2083,0.0,0.0,0.4,0.0,0.0,0.0,0.5623,0.0,return_outer,obstacle,0.36,8.732971
4942,86.0,52.2466,1,6.0,1.0,39,18720,39,136.7143,1.5421,138.2564,0.5571,1.7949,0.1538,0,0,0,0.0000,0.0,0.0000,0,0.7692,0.2308,0.7692,30,30,39,0.3084,0.3084,2.3902,0.2308,0.2222,0.0,0.7778,0.7778,0,0,0.75,12,9,0.5824,0.1,0.1538,0.7436,0.0769,0.3077,0.0,0.0,0.75,0.0,0.0,0.0,0.5297,0.0,completed,,0.36,10.020249
4943,19.449,9.4873,0,2.0,0.3333,17,8160,70,150.0,0.0,150.0,1.0,1.3725,0.1176,0,0,0,0.0000,0.0,0.0000,0,0.7647,0.2353,0.7647,13,13,17,0.0,0.0,0.0,0.2353,0.0,0.25,0.75,1.0,0,0,0.25,4,1,0.5563,0.1,0.1176,0.7647,0.1176,0.2353,0.0,0.0,0.25,0.0,0.0,0.0,0.5623,0.0,inner_patrol,obstacle,0.36,13.190591
4944,66.6706,32.5223,0,5.0,0.8333,37,17760,70,150.0,0.0,150.0,1.0,1.5766,0.1351,0,0,0,0.0000,0.0,0.0000,0,0.8649,0.1351,0.8649,32,32,37,0.0,0.0,0.0,0.1351,0.0,0.4,0.6,1.0,0,0,0.6,5,3,0.5345,0.1,0.027,0.7568,0.0,0.1351,0.0,0.0,0.6,0.0,0.0,0.0,0.673,0.0,final_park,wall,0.36,15.300066
4945,86.0,53.4857,1,6.0,1.0,40,19200,40,137.1429,0.0,137.1429,0.5714,1.75,0.15,0,0,0,0.0000,0.0,0.0000,0,0.8,0.2,0.825,32,33,40,0.0,0.0,0.0,0.175,0.0,0.1429,0.8571,1.0,0,0,0.6429,14,9,0.5791,0.1,0.125,0.9,0.075,0.35,0.0,0.0,0.6429,0.0,0.0,0.0,0.4101,0.0,completed,,0.36,15.985186
4946,86.0,52.1725,1,6.0,1.0,38,18240,38,136.2857,0.8922,137.1779,0.5429,1.8421,0.1579,0,0,0,0.0000,0.0,0.0000,0,0.8684,0.1316,0.8684,33,33,38,0.1784,0.1784,1.3829,0.1316,0.2,0.0,0.8,0.8,0,0,0.8182,11,9,0.5398,0.1,0.0526,0.7368,0.0,0.2895,0.0,0.0,0.8182,0.0,0.0,0.0,0.5004,0.0,completed,,0.36,10.693977
4947,86.0,49.8212,1,6.0,1.0,43,20640,43,138.4286,2.5086,140.9372,0.6143,1.6279,0.1395,0,0,0,0.0000,0.0,0.0000,0,0.7674,0.2326,0.7907,33,34,43,0.5017,0.5017,3.8884,0.2093,0.3333,0.0,0.6667,0.6667,0,0,0.7059,17,12,0.6032,0.1,0.2093,0.8837,0.1395,0.3953,0.0,0.0,0.7059,0.0,0.0,0.0,0.6365,0.0,completed,,0.36,8.196915
4948,86.0,53.3288,1,6.0,1.0,40,19200,40,137.1429,0.0,137.1429,0.5714,1.75,0.15,0,0,0,0.0000,0.0,0.0000,0,0.825,0.175,0.85,33,34,40,0.0,0.0,0.0,0.15,0.0,0.0,1.0,1.0,0,0,0.5833,12,7,0.5531,0.1,0.1,0.725,0.025,0.3,0.0,0.0,0.5833,0.0,0.0,0.0,-0.0,0.0,completed,,0.36,13.837109
4949,86.0,53.7388,1,6.0,1.0,39,18720,39,136.7143,0.0,136.7143,0.5571,1.7949,0.1538,0,0,0,0.0000,0.0,0.0000,0,0.8462,0.1538,0.8462,33,33,39,0.0,0.0,0.0,0.1538,0.0,0.0,1.0,1.0,0,0,0.5,10,5,0.563,0.1,0.0513,0.8205,0.0256,0.2564,0.0,0.0,0.5,0.0,0.0,0.0,-0.0,0.0,completed,,0.36,11.254052
4950,86.0,52.246,1,6.0,1.0,40,19200,40,137.1429,0.7487,137.8916,0.5714,1.75,0.15,1,0,1,0.0250,0.0,0.0250,0,0.825,0.175,0.825,33,33,40,0.1497,0.1497,1.1605,0.175,0.1429,0.1429,0.7143,0.8571,0,0,0.6429,14,9,0.5856,0.1,0.15,0.7,0.075,0.35,0.0,0.0,0.6429,0.0,0.0,0.0,0.7963,0.0,completed,,0.36,11.569817
4951,-10.0,-7.79,0,0.0,0.0,3,1440,70,150.0,0.0,150.0,1.0,0.0,0.0,0,0,0,0.0000,0.0,0.0000,0,1.0,0.0,1.0,3,3,3,0.0,0.0,0.0,0.0,0.0,0.0,0.0,0.0,0,0,0.5,2,1,0.5415,0.1,0.0,1.0,0.0,0.6667,0.0,0.0,0.5,0.0,0.0,0.0,0.0,0.0,outer_patrol_a,road_edge,0.36,11.569817
4952,20.603,10.0503,0,2.0,0.3333,18,8640,70,150.0,0.0,150.0,1.0,1.2963,0.1111,0,0,0,0.0000,0.0,0.0000,0,0.8889,0.1111,0.8889,16,16,18,0.0,0.0,0.0,0.1111,0.0,0.0,1.0,1.0,0,0,0.5,2,1,0.5121,0.1,0.0556,0.7222,0.0,0.1111,0.0,0.0,0.5,0.0,0.0,0.0,-0.0,0.0,inner_patrol,obstacle,0.36,10.5042
4953,86.0,52.2904,1,6.0,1.0,39,18720,39,136.7143,0.0,136.7143,0.5571,1.7949,0.1538,0,0,0,0.0000,0.0,0.0000,0,0.8205,0.1795,0.8462,32,33,39,0.0,0.0,0.0,0.1538,0.0,0.3333,0.6667,1.0,0,0,0.6923,13,9,0.5491,0.1,0.1282,0.8974,0.0256,0.3333,0.0,0.0,0.6923,0.0,0.0,0.0,0.6365,0.0,completed,,0.36,16.754558
4954,30.847,15.0473,0,3.0,0.5,25,12000,70,150.0,0.0,150.0,1.0,1.4,0.12,1,0,1,0.0400,0.0,0.0400,0,0.84,0.16,0.84,21,21,25,0.0,0.0,0.0,0.16,0.0,0.25,0.75,1.0,0,0,0.4444,9,4,0.5721,0.1,0.24,0.84,0.04,0.36,0.0,0.0,0.4444,0.0,0.0,0.0,0.5623,0.0,return_outer,obstacle,0.36,17.121582
4955,86.0,49.8654,1,6.0,1.0,42,20160,42,138.0,2.3232,140.3232,0.6,1.6667,0.1429,0,0,0,0.0000,0.0,0.0000,0,0.7857,0.2143,0.7857,33,33,42,0.4646,0.4646,3.601,0.2143,0.3333,0.1111,0.5556,0.6667,0,0,0.6667,15,10,0.5815,0.1,0.1905,0.8571,0.0952,0.3571,0.0,0.0,0.6667,0.0,0.0,0.0,0.9369,0.0,completed,,0.36,14.545782
4956,12.0986,5.9018,0,2.0,0.3333,18,8640,70,150.0,0.7202,150.7202,1.0,1.2963,0.1111,1,0,1,0.0556,0.0,0.0556,0,0.7778,0.2222,0.8333,14,15,18,0.3601,0.3601,1.1162,0.1667,0.3333,0.3333,0.3333,0.6667,0,0,0.5,4,2,0.5281,0.1,0.1667,0.6111,0.0,0.2222,0.0,0.0,0.5,0.0,0.0,0.0,1.0986,0.0,inner_patrol,obstacle,0.36,13.842579
4957,86.0,53.1488,1,6.0,1.0,39,18720,39,136.7143,0.0,136.7143,0.5571,1.7949,0.1538,0,0,0,0.0000,0.0,0.0000,0,0.8205,0.1795,0.8462,32,33,39,0.0,0.0,0.0,0.1538,0.0,0.0,1.0,1.0,0,0,0.6667,9,6,0.546,0.1,0.0513,0.7949,0.0,0.2308,0.0,0.0,0.6667,0.0,0.0,0.0,-0.0,0.0,completed,,0.36,14.860387
4958,56.8799,27.7463,0,4.0,0.6667,35,16800,70,150.0,0.855,150.855,1.0,1.3333,0.1143,1,0,1,0.0286,0.0,0.0286,0,0.8286,0.1714,0.8286,29,29,35,0.2138,0.2138,1.3253,0.1714,0.1667,0.0,0.8333,0.8333,0,0,0.6364,11,7,0.5576,0.1,0.1143,0.7714,0.0286,0.3143,0.0,0.0,0.6364,0.0,0.0,0.0,0.4506,0.0,outer_patrol_b,road_edge,0.36,18.415466
4959,3.4732,1.6943,0,1.0,0.1667,18,8640,70,150.0,0.0,150.0,1.0,0.6481,0.0556,0,0,0,0.0000,0.0,0.0000,0,0.8333,0.1667,0.8889,15,16,18,0.0,0.0,0.0,0.1111,0.0,0.0,1.0,1.0,0,0,0.3333,6,2,0.5497,0.1,0.1111,0.7778,0.1111,0.3333,0.0,0.0,0.3333,0.0,0.0,0.0,-0.0,0.0,enter_inner,obstacle,0.36,17.378069
4960,27.7842,13.5533,0,3.0,0.5,24,11520,70,150.0,0.8787,150.8787,1.0,1.4583,0.125,0,0,0,0.0000,0.0,0.0000,0,0.8333,0.1667,0.875,20,21,24,0.2929,0.2929,1.3619,0.125,0.3333,0.0,0.6667,0.6667,0,0,0.75,12,9,0.5762,0.1,0.1667,0.875,0.0,0.5,0.0,0.0,0.75,0.0,0.0,0.0,0.6365,0.0,return_outer,obstacle,0.36,18.429555
4961,86.0,54.3988,1,6.0,1.0,37,17760,37,135.8571,0.0,135.8571,0.5286,1.8919,0.1622,0,0,0,0.0000,0.0,0.0000,0,0.8378,0.1622,0.8378,31,31,37,0.0,0.0,0.0,0.1622,0.0,0.0,1.0,1.0,0,0,0.8182,11,9,0.5551,0.1,0.0811,0.7297,0.027,0.2973,0.0,0.0,0.8182,0.0,0.0,0.0,-0.0,0.0,completed,,0.36,11.133684
4962,86.0,50.1502,1,6.0,1.0,45,21600,45,139.2857,0.6371,139.9228,0.6429,1.5556,0.1333,0,0,0,0.0000,0.0,0.0000,0,0.8222,0.1778,0.8667,37,39,45,0.1274,0.1274,0.9874,0.1333,0.1667,0.0,0.8333,0.8333,0,0,0.5333,15,8,0.5509,0.1,0.1111,0.8222,0.0,0.3333,0.0,0.0,0.5333,0.0,0.0,0.0,0.4506,0.0,completed,,0.36,9.463169
4963,86.0,51.2112,1,6.0,1.0,39,18720,39,136.7143,0.8956,137.6099,0.5571,1.7949,0.1538,1,0,1,0.0256,0.0,0.0256,0,0.8205,0.1795,0.8718,32,34,39,0.1791,0.1791,1.3882,0.1282,0.2,0.0,0.8,0.8,0,0,0.75,8,6,0.5455,0.1,0.0513,0.8205,0.0,0.2051,0.0,0.0,0.75,0.0,0.0,0.0,0.5004,0.0,completed,,0.36,16.177244
4964,86.0,52.5575,1,6.0,1.0,38,18240,38,136.2857,0.0,136.2857,0.5429,1.8421,0.1579,0,0,0,0.0000,0.0,0.0000,0,0.8421,0.1579,0.8684,32,33,38,0.0,0.0,0.0,0.1316,0.0,0.2,0.8,1.0,0,0,0.7778,9,7,0.5461,0.1,0.1053,0.7632,0.0263,0.2368,0.0,0.0,0.7778,0.0,0.0,0.0,0.5004,0.0,completed,,0.36,17.180485
4965,2.5911,1.2639,0,1.0,0.1667,16,7680,70,150.0,0.6033,150.6033,1.0,0.7292,0.0625,0,0,0,0.0000,0.0,0.0000,0,0.875,0.125,0.875,14,14,16,0.6033,0.6033,0.9351,0.125,0.5,0.0,0.5,0.5,0,0,0.6667,3,2,0.5193,0.1,0.125,0.8125,0.0,0.1875,0.0,0.0,0.6667,0.0,0.0,0.0,0.6931,0.0,enter_inner,obstacle,0.36,18.859319
4966,86.0,52.6424,1,6.0,1.0,36,17280,36,135.4286,0.8555,136.2841,0.5143,1.9444,0.1667,1,0,1,0.0278,0.0,0.0278,0,0.8333,0.1667,0.8333,30,30,36,0.1711,0.1711,1.326,0.1667,0.1667,0.1667,0.6667,0.8333,0,0,0.8571,7,6,0.5469,0.1,0.1111,0.7778,0.0278,0.1944,0.0,0.0,0.8571,0.0,0.0,0.0,0.8676,0.0,completed,,0.36,15.418947
4967,86.0,53.3051,1,6.0,1.0,34,16320,34,134.5714,0.0,134.5714,0.4857,2.0588,0.1765,0,0,0,0.0000,0.0,0.0000,0,0.8529,0.1471,0.8529,29,29,34,0.0,0.0,0.0,0.1471,0.0,0.6,0.4,1.0,0,0,1.0,8,8,0.5669,0.1,0.0588,0.7059,0.0588,0.2353,0.0,0.0,1.0,0.0,0.0,0.0,0.673,0.0,completed,,0.36,12.133212
4968,86.0,53.2095,1,6.0,1.0,36,17280,36,135.4286,0.0,135.4286,0.5143,1.9444,0.1667,0,0,0,0.0000,0.0,0.0000,0,0.8333,0.1667,0.8611,30,31,36,0.0,0.0,0.0,0.1389,0.0,0.2,0.8,1.0,0,0,0.75,8,6,0.5442,0.1,0.0556,0.8056,0.0,0.2222,0.0,0.0,0.75,0.0,0.0,0.0,0.5004,0.0,completed,,0.36,14.110406
4969,10.2297,4.9901,0,2.0,0.3333,17,8160,70,150.0,1.6838,151.6838,1.0,1.3725,0.1176,0,0,0,0.0000,0.0,0.0000,0,0.8235,0.1765,0.8235,14,14,17,0.8419,0.8419,2.6099,0.1765,0.6667,0.0,0.3333,0.3333,0,0,0.8,5,4,0.5618,0.1,0.1765,0.6471,0.0588,0.2941,0.0,0.0,0.8,0.0,0.0,0.0,0.6365,0.0,inner_patrol,obstacle,0.36,14.195001
4970,86.0,50.9439,1,6.0,1.0,40,19200,40,137.1429,1.3868,138.5297,0.5714,1.75,0.15,0,0,0,0.0000,0.0,0.0000,0,0.775,0.225,0.8,31,32,40,0.2774,0.2774,2.1496,0.2,0.25,0.125,0.625,0.75,0,0,0.8125,16,13,0.5665,0.1,0.15,0.8,0.05,0.4,0.0,0.0,0.8125,0.0,0.0,0.0,0.9003,0.0,completed,,0.36,16.686926
4971,86.0,49.3603,1,6.0,1.0,41,19680,41,137.5714,2.2794,139.8509,0.5857,1.7073,0.1463,0,0,0,0.0000,0.0,0.0000,0,0.7805,0.2195,0.8049,32,33,41,0.4559,0.4559,3.5331,0.1951,0.375,0.0,0.625,0.625,0,0,0.8462,13,11,0.5682,0.1,0.122,0.878,0.0732,0.3171,0.0,0.0,0.8462,0.0,0.0,0.0,0.6616,0.0,completed,,0.36,15.197183
4972,29.213,14.2503,0,2.0,0.3333,22,10560,70,150.0,0.0,150.0,1.0,1.0606,0.0909,1,0,1,0.0455,0.0,0.0455,0,0.8636,0.1364,0.9091,19,20,22,0.0,0.0,0.0,0.0909,0.0,0.0,1.0,1.0,0,0,1.0,2,2,0.527,0.1,0.0,0.6818,0.0,0.0909,0.0,0.0,1.0,0.0,0.0,0.0,-0.0,0.0,inner_patrol,obstacle,0.36,13.351106
4973,86.0,53.6791,1,6.0,1.0,41,19680,41,137.5714,0.0,137.5714,0.5857,1.7073,0.1463,0,0,0,0.0000,0.0,0.0000,0,0.7805,0.2195,0.8049,32,33,41,0.0,0.0,0.0,0.1951,0.0,0.0,1.0,1.0,0,0,0.625,16,10,0.5848,0.1,0.2195,0.8049,0.0732,0.3902,0.0,0.0,0.625,0.0,0.0,0.0,-0.0,0.0,completed,,0.36,12.104944
4974,86.0,51.3122,1,6.0,1.0,41,19680,41,137.5714,0.7259,138.2973,0.5857,1.7073,0.1463,0,0,0,0.0000,0.0,0.0000,0,0.8049,0.1951,0.8293,33,34,41,0.1452,0.1452,1.1252,0.1707,0.1429,0.2857,0.5714,0.8571,0,0,0.6154,13,8,0.5578,0.1,0.122,0.8293,0.0488,0.3171,0.0,0.0,0.6154,0.0,0.0,0.0,0.9557,0.0,completed,,0.36,13.830692
4975,43.5639,21.2507,0,4.0,0.6667,25,12000,70,150.0,0.0,150.0,1.0,1.8667,0.16,1,0,1,0.0400,0.0,0.0400,0,0.8,0.2,0.8,20,20,25,0.0,0.0,0.0,0.2,0.0,0.0,1.0,1.0,0,0,0.5714,7,4,0.5663,0.1,0.04,0.84,0.04,0.28,0.0,0.0,0.5714,0.0,0.0,0.0,-0.0,0.0,outer_patrol_b,road_edge,0.36,13.707384
4976,86.0,52.6252,1,6.0,1.0,39,18720,39,136.7143,0.6126,137.3269,0.5571,1.7949,0.1538,1,0,1,0.0256,0.0,0.0256,0,0.7692,0.2308,0.7949,30,31,39,0.1225,0.1225,0.9495,0.2051,0.125,0.125,0.75,0.875,0,0,0.8333,12,10,0.5694,0.1,0.1538,0.7949,0.0513,0.3077,0.0,0.0,0.8333,0.0,0.0,0.0,0.7356,0.0,completed,,0.36,17.206439
4977,86.0,52.7761,1,6.0,1.0,37,17760,37,135.8571,0.8952,136.7523,0.5286,1.8919,0.1622,1,0,1,0.0270,0.0,0.0270,0,0.8378,0.1622,0.8378,31,31,37,0.179,0.179,1.3875,0.1622,0.1667,0.0,0.8333,0.8333,0,0,0.8182,11,9,0.5573,0.1,0.0811,0.7297,0.027,0.2973,0.0,0.0,0.8182,0.0,0.0,0.0,0.4506,0.0,completed,,0.36,14.678899
4978,86.0,52.683,1,6.0,1.0,41,19680,41,137.5714,0.8224,138.3939,0.5857,1.7073,0.1463,0,0,0,0.0000,0.0,0.0000,0,0.8049,0.1951,0.8293,33,34,41,0.1645,0.1645,1.2748,0.1707,0.1429,0.0,0.8571,0.8571,0,0,0.5385,13,7,0.6024,0.1,0.1707,0.8049,0.1707,0.3171,0.0,0.0,0.5385,0.0,0.0,0.0,0.4101,0.0,completed,,0.36,14.723721
4979,1.1702,0.5708,0,1.0,0.1667,16,7680,70,150.0,0.8652,150.8652,1.0,0.7292,0.0625,0,0,0,0.0000,0.0,0.0000,0,0.8125,0.1875,0.875,13,14,16,0.8652,0.8652,1.341,0.125,0.5,0.5,0.0,0.5,0,0,0.6,5,3,0.542,0.1,0.0625,0.875,0.0625,0.3125,0.0,0.0,0.6,0.0,0.0,0.0,0.6931,0.0,enter_inner,obstacle,0.36,13.637322
4980,86.0,53.9308,1,6.0,1.0,37,17760,37,135.8571,0.0,135.8571,0.5286,1.8919,0.1622,0,0,0,0.0000,0.0,0.0000,0,0.8378,0.1622,0.8378,31,31,37,0.0,0.0,0.0,0.1622,0.0,0.0,1.0,1.0,0,0,0.7692,13,10,0.5613,0.1,0.0811,0.8919,0.0,0.3514,0.0,0.0,0.7692,0.0,0.0,0.0,-0.0,0.0,completed,,0.36,13.393742
4981,86.0,51.4915,1,6.0,1.0,40,19200,40,137.1429,1.5491,138.6919,0.5714,1.75,0.15,1,0,1,0.0250,0.0,0.0250,0,0.825,0.175,0.825,33,33,40,0.3098,0.3098,2.4011,0.175,0.2857,0.0,0.7143,0.7143,0,0,0.7692,13,10,0.5633,0.1,0.1,0.8,0.05,0.325,0.0,0.0,0.7692,0.0,0.0,0.0,0.5983,0.0,completed,,0.36,14.207623
4982,64.8916,31.6544,0,5.0,0.8333,39,18720,70,150.0,0.7787,150.7787,1.0,1.4957,0.1282,0,0,0,0.0000,0.0,0.0000,0,0.8205,0.1795,0.8205,32,32,39,0.1557,0.1557,1.2069,0.1795,0.1429,0.2857,0.5714,0.8571,0,0,0.5,6,3,0.5298,0.1,0.0769,0.7692,0.0,0.1538,0.0,0.0,0.5,0.0,0.0,0.0,0.9557,0.0,final_park,wall,0.36,16.137872
4983,18.772,9.1571,0,2.0,0.3333,19,9120,70,150.0,0.0,150.0,1.0,1.2281,0.1053,1,0,1,0.0526,0.0,0.0526,0,0.8421,0.1579,0.8947,16,17,19,0.0,0.0,0.0,0.1053,0.0,0.5,0.5,1.0,0,0,0.8,5,4,0.5277,0.1,0.0526,0.7368,0.0,0.2632,0.0,0.0,0.8,0.0,0.0,0.0,0.6931,0.0,inner_patrol,obstacle,0.36,14.541169
4984,39.589,19.3117,0,4.0,0.6667,27,12960,70,150.0,0.7217,150.7217,1.0,1.7284,0.1481,1,0,1,0.0370,0.0,0.0370,0,0.7778,0.2222,0.8148,21,22,27,0.1804,0.1804,1.1186,0.1852,0.2,0.2,0.6,0.8,0,0,0.625,8,5,0.5892,0.1,0.1852,0.8519,0.1111,0.2963,0.0,0.0,0.625,0.0,0.0,0.0,0.9503,0.0,outer_patrol_b,road_edge,0.36,14.302805
4985,16.8925,8.2403,0,2.0,0.3333,15,7200,70,150.0,0.0,150.0,1.0,1.5556,0.1333,0,0,0,0.0000,0.0,0.0000,0,0.8667,0.1333,0.8667,13,13,15,0.0,0.0,0.0,0.1333,0.0,0.0,1.0,1.0,0,0,0.75,4,3,0.5217,0.1,0.0667,0.7333,0.0,0.2667,0.0,0.0,0.75,0.0,0.0,0.0,-0.0,0.0,inner_patrol,obstacle,0.36,15.012871
4986,86.0,51.8235,1,6.0,1.0,37,17760,37,135.8571,0.6333,136.4904,0.5286,1.8919,0.1622,0,0,0,0.0000,0.0,0.0000,0,0.8378,0.1622,0.8649,31,32,37,0.1267,0.1267,0.9816,0.1351,0.2,0.4,0.4,0.8,0,0,0.8182,11,9,0.5333,0.1,0.0541,0.8108,0.0,0.2973,0.0,0.0,0.8182,0.0,0.0,0.0,1.0549,0.0,completed,,0.36,12.209362
4987,86.0,54.2036,1,6.0,1.0,36,17280,36,135.4286,0.0,135.4286,0.5143,1.9444,0.1667,0,0,0,0.0000,0.0,0.0000,0,0.8333,0.1667,0.8333,30,30,36,0.0,0.0,0.0,0.1667,0.0,0.1667,0.8333,1.0,0,0,0.8333,12,10,0.5629,0.1,0.1111,0.7222,0.0556,0.3333,0.0,0.0,0.8333,0.0,0.0,0.0,0.4506,0.0,completed,,0.36,14.428773
4988,86.0,51.5943,1,6.0,1.0,40,19200,40,137.1429,0.6904,137.8333,0.5714,1.75,0.15,1,0,1,0.0250,0.0,0.0250,0,0.825,0.175,0.85,33,34,40,0.1381,0.1381,1.0701,0.15,0.1667,0.1667,0.6667,0.8333,0,0,0.7273,11,8,0.5467,0.1,0.075,0.8,0.0,0.275,0.0,0.0,0.7273,0.0,0.0,0.0,0.8676,0.0,completed,,0.36,13.689085
4989,15.5866,7.6032,0,2.0,0.3333,19,9120,70,150.0,0.0,150.0,1.0,1.2281,0.1053,1,0,1,0.0526,0.0,0.0526,0,0.8421,0.1579,0.8421,16,16,19,0.0,0.0,0.0,0.1579,0.0,0.3333,0.6667,1.0,0,0,0.4444,9,4,0.6153,0.1,0.3158,0.7895,0.2105,0.4737,0.0,0.0,0.4444,0.0,0.0,0.0,0.6365,0.0,inner_patrol,obstacle,0.36,16.082677
4990,86.0,52.4828,1,6.0,1.0,40,19200,40,137.1429,0.7542,137.897,0.5714,1.75,0.15,0,0,0,0.0000,0.0,0.0000,0,0.825,0.175,0.825,33,33,40,0.1508,0.1508,1.169,0.175,0.1429,0.0,0.8571,0.8571,0,0,0.6,10,6,0.5694,0.1,0.1,0.75,0.05,0.25,0.0,0.0,0.6,0.0,0.0,0.0,0.4101,0.0,completed,,0.36,16.755823
4991,86.0,53.4981,1,6.0,1.0,39,18720,39,136.7143,0.645,137.3593,0.5571,1.7949,0.1538,0,0,0,0.0000,0.0,0.0000,0,0.7949,0.2051,0.7949,31,31,39,0.129,0.129,0.9997,0.2051,0.125,0.0,0.875,0.875,0,0,0.6364,11,7,0.5753,0.1,0.1282,0.7949,0.0769,0.2821,0.0,0.0,0.6364,0.0,0.0,0.0,0.3768,0.0,completed,,0.36,18.168945
4992,86.0,54.0808,1,6.0,1.0,37,17760,37,135.8571,0.0,135.8571,0.5286,1.8919,0.1622,1,0,1,0.0270,0.0,0.0270,0,0.8378,0.1622,0.8378,31,31,37,0.0,0.0,0.0,0.1622,0.0,0.0,1.0,1.0,0,0,0.7778,9,7,0.5645,0.1,0.1351,0.6486,0.0541,0.2432,0.0,0.0,0.7778,0.0,0.0,0.0,-0.0,0.0,completed,,0.36,13.555674
4993,86.0,51.5761,1,6.0,1.0,40,19200,40,137.1429,0.8764,138.0193,0.5714,1.75,0.15,0,0,0,0.0000,0.0,0.0000,0,0.825,0.175,0.825,33,33,40,0.1753,0.1753,1.3584,0.175,0.1429,0.1429,0.7143,0.8571,0,0,0.6364,11,7,0.5639,0.1,0.15,0.8,0.05,0.275,0.0,0.0,0.6364,0.0,0.0,0.0,0.7963,0.0,completed,,0.36,12.908845
4994,4.8604,2.3709,0,1.0,0.1667,14,6720,70,150.0,0.0,150.0,1.0,0.8333,0.0714,1,0,1,0.0714,0.0,0.0714,0,0.9286,0.0714,0.9286,13,13,14,0.0,0.0,0.0,0.0714,0.0,1.0,0.0,1.0,0,0,0.7143,7,5,0.534,0.1,0.0714,0.7857,0.0,0.5,0.0,0.0,0.7143,0.0,0.0,0.0,-0.0,0.0,enter_inner,obstacle,0.36,12.677277
4995,32.6248,15.9145,0,3.0,0.5,23,11040,70,150.0,0.0,150.0,1.0,1.5217,0.1304,0,0,0,0.0000,0.0,0.0000,0,0.8261,0.1739,0.8261,19,19,23,0.0,0.0,0.0,0.1739,0.0,0.0,1.0,1.0,0,0,0.7,10,7,0.5859,0.1,0.1304,0.6522,0.087,0.4348,0.0,0.0,0.7,0.0,0.0,0.0,-0.0,0.0,return_outer,obstacle,0.36,13.956793
4996,64.3991,31.4142,0,4.0,0.6667,35,16800,70,150.0,0.8426,150.8426,1.0,1.3333,0.1143,0,0,0,0.0000,0.0,0.0000,0,0.8571,0.1429,0.8571,30,30,35,0.2107,0.2107,1.3061,0.1429,0.2,0.2,0.6,0.8,0,0,0.875,8,7,0.5378,0.1,0.0571,0.8,0.0,0.2286,0.0,0.0,0.875,0.0,0.0,0.0,0.9503,0.0,outer_patrol_b,road_edge,0.36,15.372333
4997,86.0,52.9044,1,6.0,1.0,38,18240,38,136.2857,0.6543,136.94,0.5429,1.8421,0.1579,0,0,0,0.0000,0.0,0.0000,0,0.8158,0.1842,0.8158,31,31,38,0.1309,0.1309,1.0141,0.1842,0.1429,0.1429,0.7143,0.8571,0,0,0.7857,14,11,0.5862,0.1,0.1579,0.7895,0.1053,0.3684,0.0,0.0,0.7857,0.0,0.0,0.0,0.7963,0.0,completed,,0.36,12.320324
4998,86.0,54.3988,1,6.0,1.0,37,17760,37,135.8571,0.0,135.8571,0.5286,1.8919,0.1622,0,0,0,0.0000,0.0,0.0000,0,0.8378,0.1622,0.8378,31,31,37,0.0,0.0,0.0,0.1622,0.0,0.0,1.0,1.0,0,0,0.75,12,9,0.5472,0.1,0.1081,0.7568,0.027,0.3243,0.0,0.0,0.75,0.0,0.0,0.0,-0.0,0.0,completed,,0.36,14.320511
4999,65.3774,31.8914,0,5.0,0.8333,38,18240,70,150.0,0.605,150.605,1.0,1.5351,0.1316,1,0,1,0.0263,0.0,0.0263,0,0.8421,0.1579,0.8421,32,32,38,0.121,0.121,0.9378,0.1579,0.1667,0.3333,0.5,0.8333,0,0,0.7,10,7,0.5531,0.1,0.1053,0.8158,0.0263,0.2632,0.0,0.0,0.7,0.0,0.0,0.0,1.0114,0.0,final_park,wall,0.36,17.296323
5000,86.0,54.0928,1,6.0,1.0,36,17280,36,135.4286,0.0,135.4286,0.5143,1.9444,0.1667,0,0,0,0.0000,0.0,0.0000,0,0.8333,0.1667,0.8333,30,30,36,0.0,0.0,0.0,0.1667,0.0,0.0,1.0,1.0,0,0,0.8,10,8,0.557,0.1,0.1389,0.75,0.0278,0.2778,0.0,0.0,0.8,0.0,0.0,0.0,-0.0,0.0,completed,,0.36,15.748353
5001,86.0,53.5723,1,6.0,1.0,35,16800,35,135.0,0.0,135.0,0.5,2.0,0.1714,1,0,1,0.0286,0.0,0.0286,0,0.8571,0.1429,0.8571,30,30,35,0.0,0.0,0.0,0.1429,0.0,0.4,0.6,1.0,0,0,1.0,8,8,0.5343,0.1,0.0286,0.6571,0.0,0.2286,0.0,0.0,1.0,0.0,0.0,0.0,0.673,0.0,completed,,0.36,12.827439
5002,86.0,53.9188,1,6.0,1.0,38,18240,38,136.2857,0.0,136.2857,0.5429,1.8421,0.1579,0,0,0,0.0000,0.0,0.0000,0,0.8421,0.1579,0.8421,32,32,38,0.0,0.0,0.0,0.1579,0.0,0.0,1.0,1.0,0,0,0.8182,11,9,0.544,0.1,0.0789,0.6842,0.0,0.2895,0.0,0.0,0.8182,0.0,0.0,0.0,-0.0,0.0,completed,,0.36,8.438186
